0.000000000000000000e+00,0.000000000000000000e+00,0.000000000000000000e+00,0.000000000000000000e+00,0.000000000000000000e+00,0.000000000000000000e+00,0.000000000000000000e+00,0.000000000000000000e+00,0.000000000000000000e+00,0.000000000000000000e+00,0.000000000000000000e+00,0.000000000000000000e+00,0.000000000000000000e+00,0.000000000000000000e+00,0.000000000000000000e+00,0.000000000000000000e+00,0.000000000000000000e+00,0.000000000000000000e+00,0.000000000000000000e+00,0.000000000000000000e+00,0.000000000000000000e+00,0.000000000000000000e+00,0.000000000000000000e+00,0.000000000000000000e+00,0.000000000000000000e+00,0.000000000000000000e+00,0.000000000000000000e+00,0.000000000000000000e+00,0.000000000000000000e+00,0.000000000000000000e+00,0.000000000000000000e+00,8.336807002917882630e-04,3.334722801167153052e-03,2.501042100875364681e-03,0.000000000000000000e+00,0.000000000000000000e+00,5.002084201750729361e-03,2.959566486035848307e-02,4.335139641517298664e-02,8.420175072947061468e-02,1.625677365568987121e-01,1.971654856190079297e-01,2.146727803251354816e-01,1.263026260942059220e-01,2.459358065860775197e-02,2.125885785744060022e-02,1.875781575656523467e-02,2.250937890787828299e-02,2.042517715714881055e-02,2.959566486035848307e-02,2.155064610254272539e-01,4.214255939974989595e-01,4.431012922050854286e-01,4.155898290954564422e-01,3.797415589829095661e-01,3.459774906210921208e-01,2.738641100458524269e-01,1.813255523134639502e-01,8.170070862859524219e-02,2.751146310962901062e-02,3.126302626094205894e-02,2.209253855773238989e-02,2.209253855773238989e-02,2.000833680700291745e-02,2.125885785744060022e-02,5.752396832013338679e-02,1.133805752396832012e-01,2.138390996248436815e-01,2.380158399333055508e-01,1.667361400583576569e-01,1.400583576490204152e-01,1.146310962901208874e-01,6.919549812421842139e-02,4.626927886619424529e-02,4.085035431429762109e-02,2.792830345977490719e-02,5.293872446852855573e-02,6.002501042100875234e-02,4.835348061692371774e-02,1.033764068361817390e-01,1.734055856606919466e-01,2.009170487703209607e-01,1.104626927886619425e-01,1.375573155481450531e-02,1.000416840350145872e-02,8.753647353063775949e-03,9.170487703209670785e-03,9.587328053355565621e-03,1.208837015423092943e-02,1.292205085452271737e-02,1.000416840350145872e-02,8.753647353063775949e-03,1.792413505627344847e-02,3.084618591079616584e-02,2.876198416006669339e-02,8.670279283034597329e-02,1.738224260108378605e-01,1.058774489370571115e-01,2.167569820758649332e-02,2.792830345977490719e-02,5.293872446852855573e-02,1.133805752396832012e-01,8.837015423092955957e-02,2.042517715714881055e-02,1.125468945393914150e-02,9.170487703209670785e-03,9.587328053355565621e-03,9.587328053355565621e-03,8.336807002917882847e-03,8.336807002917882847e-03,1.000416840350145872e-02,1.167152980408503460e-02,1.083784910379324666e-02,1.333889120466861221e-02,6.210921217173822478e-02,1.012922050854522665e-01,9.087119633180491818e-02,9.920800333472280796e-02,8.170070862859524219e-02,5.168820341809086949e-02,7.419758232596915248e-02,6.877865777407253522e-02,5.710712796998749369e-02,5.168820341809086949e-02,5.335556481867444883e-02,7.586494372655272489e-02,8.003334722801166978e-02,4.918716131721550394e-02,3.418090871196331759e-02,5.502292621925802124e-02,7.086285952480200767e-02,5.585660691954981438e-02,6.502709462275947649e-02,8.086702792830345599e-02,6.377657357232180413e-02,7.336390162567736628e-02,6.669445602334306278e-02,4.751979991663193154e-02,3.584827011254689694e-02,4.085035431429762109e-02,5.669028761984160059e-02,5.418924551896623504e-02,4.751979991663193154e-02,4.668611921634013839e-02,4.085035431429762109e-02,2.751146310962901062e-02,2.501042100875364854e-02,3.334722801167153139e-02,2.501042100875364854e-02,2.084201750729470712e-02,1.667361400583576569e-02,1.583993330554397602e-02,2.334305960817006920e-02,2.501042100875364854e-02,1.667361400583576569e-02,5.835764902042517299e-03,8.336807002917882630e-04,0.000000000000000000e+00,0.000000000000000000e+00,0.000000000000000000e+00,0.000000000000000000e+00,0.000000000000000000e+00,0.000000000000000000e+00,0.000000000000000000e+00,0.000000000000000000e+00,0.000000000000000000e+00,0.000000000000000000e+00,0.000000000000000000e+00,0.000000000000000000e+00,0.000000000000000000e+00,0.000000000000000000e+00,0.000000000000000000e+00,0.000000000000000000e+00,0.000000000000000000e+00,0.000000000000000000e+00,0.000000000000000000e+00,0.000000000000000000e+00,0.000000000000000000e+00,0.000000000000000000e+00,0.000000000000000000e+00,0.000000000000000000e+00,0.000000000000000000e+00,0.000000000000000000e+00,0.000000000000000000e+00,0.000000000000000000e+00,0.000000000000000000e+00,0.000000000000000000e+00,0.000000000000000000e+00,0.000000000000000000e+00,0.000000000000000000e+00,0.000000000000000000e+00,0.000000000000000000e+00,0.000000000000000000e+00,0.000000000000000000e+00,0.000000000000000000e+00,0.000000000000000000e+00,0.000000000000000000e+00,0.000000000000000000e+00,0.000000000000000000e+00,0.000000000000000000e+00,0.000000000000000000e+00,0.000000000000000000e+00,0.000000000000000000e+00,0.000000000000000000e+00,0.000000000000000000e+00,0.000000000000000000e+00,0.000000000000000000e+00,0.000000000000000000e+00,0.000000000000000000e+00
1.807431590290877321e-09,1.807431590290877321e-09,1.807431590290877321e-09,1.807431590290877321e-09,1.807431590290877321e-09,1.807431590290877321e-09,1.807431590290877321e-09,1.807431590290877321e-09,1.807431590290877321e-09,1.807431590290877321e-09,1.807431590290877321e-09,1.807431590290877321e-09,1.807431590290877321e-09,1.807431590290877321e-09,1.807431590290877321e-09,1.807431590290877321e-09,1.807431590290877321e-09,1.807431590290877321e-09,1.807431590290877321e-09,1.807431590290877321e-09,1.807431590290877321e-09,1.807431590290877321e-09,1.807431590290877321e-09,1.807431590290877321e-09,1.807431590290877321e-09,1.807431590290877321e-09,1.807431590290877321e-09,1.807431590290877321e-09,1.807431590290877321e-09,1.807431590290877321e-09,1.807431590290877321e-09,1.520609391153951610e-08,3.139266655565138465e-08,1.799400423440274298e-08,1.807431590290877321e-09,1.807431590290877321e-09,5.090803881569395956e-08,2.952324637830776898e-07,4.602466934091045554e-07,9.600806516415718488e-04,3.089862248655465219e-03,2.607920236553931508e-03,1.661887487944438673e-03,5.949214051712500839e-02,1.493586279630268743e-01,2.004952342893145945e-01,1.829881337002131625e-01,8.061857972707604791e-02,8.642651734179711276e-03,1.892228185793474278e-03,6.119496634315850373e-04,3.076099054413060103e-03,8.511918225815144623e-03,1.529734742765764474e-02,1.529339858176049539e-02,9.318707893348937218e-03,4.250616784876783821e-03,9.617766091031513956e-04,1.195262480602603608e-02,2.747704251893054103e-02,4.295983866628941272e-02,6.681949367764561387e-02,5.348293276918238831e-02,1.489011078301356525e-02,1.513053671619813464e-03,4.271897525561499571e-04,4.511341243093020090e-04,8.463401839004241686e-03,1.151414080650773990e-02,4.202972736867932255e-03,1.709271031458801764e-03,2.395286333265204438e-03,1.169747531079291976e-02,2.296790142219774442e-02,2.709481403362824781e-02,2.745687528475355965e-02,1.583499579020385128e-02,3.169479798836605591e-03,4.427735656922366899e-04,1.129218626621678566e-03,1.431681587508851434e-03,3.750068487636039252e-03,3.352364207672910851e-02,6.229819922531570908e-02,6.916934899810744941e-02,6.794550236504115492e-02,7.046769428066008978e-02,8.294358611378233048e-02,6.363053581431797612e-02,3.395734621556055488e-02,3.562753044247287532e-02,3.860115835015019703e-02,2.825650067312323460e-02,1.888295565155814412e-02,9.449457160849706466e-03,2.646040686792246448e-03,1.283194117014189875e-03,3.602376077522852910e-02,3.854340820454417449e-02,3.590129912155934182e-03,4.176906284909616602e-04,4.807109706758339734e-03,1.215516444769001309e-02,1.917616723482325203e-02,2.234638475160255142e-02,1.958637681548445683e-02,1.599456138042731554e-02,1.232309857293121917e-02,1.061446942652169434e-02,1.096869230554266619e-02,1.017088687377152439e-02,7.947238330310980522e-03,6.003129345526783678e-03,3.689480543433088650e-03,1.220540798442118187e-03,1.295119940427072382e-04,2.457632676753609125e-05,8.282050672993111057e-06,1.476408210083673185e-06,7.459457164998658564e-07,1.097292512322187200e-06,1.219863733954672420e-06,1.029204053413838079e-06,8.380168522959072526e-07,6.181592670836992554e-07,6.922542346413745400e-07,8.105951745028165280e-07,6.079091079473587442e-07,4.350720366458097006e-07,5.270597085843251051e-07,6.622115742404721680e-07,5.680603451296867264e-07,8.768673003849696876e-07,1.047817943518768212e-06,7.195089847194135991e-07,7.911766348162706035e-07,6.472036127559921504e-07,4.364175755204929888e-07,3.684259491856405516e-07,4.039475976587724953e-07,5.347022538288248727e-07,5.529555510717098664e-07,4.480132735315165764e-07,4.480132735315165764e-07,4.160007211053379050e-07,2.571032014181049495e-07,2.944278142014619505e-07,4.037806699437210416e-07,3.064809376480273603e-07,2.082797231972211503e-07,1.734792604481791395e-07,1.760868743400198832e-07,2.131343581188576049e-07,2.016221239653596912e-07,1.283318059893000399e-07,6.988252178266904506e-08,2.096221098828846633e-08,1.807431590290877321e-09,1.807431590290877321e-09,1.807431590290877321e-09,1.807431590290877321e-09,1.807431590290877321e-09,1.807431590290877321e-09,1.807431590290877321e-09,1.807431590290877321e-09,1.807431590290877321e-09,1.807431590290877321e-09,1.807431590290877321e-09,1.807431590290877321e-09,1.807431590290877321e-09,1.807431590290877321e-09,1.807431590290877321e-09,1.807431590290877321e-09,1.807431590290877321e-09,1.807431590290877321e-09,1.807431590290877321e-09,1.807431590290877321e-09,1.807431590290877321e-09,1.807431590290877321e-09,1.807431590290877321e-09,1.807431590290877321e-09,1.807431590290877321e-09,1.807431590290877321e-09,1.807431590290877321e-09,1.807431590290877321e-09,1.807431590290877321e-09,1.807431590290877321e-09,1.807431590290877321e-09,1.807431590290877321e-09,1.807431590290877321e-09,1.807431590290877321e-09,1.807431590290877321e-09,1.807431590290877321e-09,1.807431590290877321e-09,1.807431590290877321e-09,1.807431590290877321e-09,1.807431590290877321e-09,1.807431590290877321e-09,1.807431590290877321e-09,1.807431590290877321e-09,1.807431590290877321e-09,1.807431590290877321e-09,1.807431590290877321e-09,1.807431590290877321e-09,1.807431590290877321e-09,1.807431590290877321e-09,1.807431590290877321e-09,1.807431590290877321e-09,1.807431590290877321e-09
3.317601905425929587e+00,3.317601905425929587e+00,3.317601905425929587e+00,3.317601905425929587e+00,3.317601905425929587e+00,3.317601905425929587e+00,3.317601905425929587e+00,3.317601905425929587e+00,3.317601905425929587e+00,3.317601905425929587e+00,3.317601905425929587e+00,3.317601905425929587e+00,3.317601905425929587e+00,3.317601905425929587e+00,3.317601905425929587e+00,3.317601905425929587e+00,3.317601905425929587e+00,3.317601905425929587e+00,3.317601905425929587e+00,3.317601905425929587e+00,3.317601905425929587e+00,3.317601905425929587e+00,3.317601905425929587e+00,3.317601905425929587e+00,3.317601905425929587e+00,3.317601905425929587e+00,3.317601905425929587e+00,3.317601905425929587e+00,3.317601905425929587e+00,3.317601905425929587e+00,3.317601905425929587e+00,8.300008627699496655e-01,1.355577014452922890e+00,7.245418894842996504e-01,3.317601905425929587e+00,3.317601905425929587e+00,1.646024837787487316e+00,2.737503885036174811e+00,3.080785875818349506e+00,9.930555543024472964e-01,2.730897792680162972e+00,2.911030067750930428e+00,2.894862279260931537e+00,2.404354001041564715e+00,3.260193096878907237e+00,3.308064565754961883e+00,3.175043348775484109e+00,2.457149341227955031e+00,2.707657230384921121e+00,2.851846840533429184e+00,2.673217856137390491e+00,2.567833498702488448e+00,3.142701219449771877e+00,3.232682398467896068e+00,3.226793801492361169e+00,3.193062322439507383e+00,2.778473910402143865e+00,2.716508378542309199e+00,2.407038646116142377e+00,3.262932122915349620e+00,3.260941800870535978e+00,3.287444180186576581e+00,2.937597766683009315e+00,1.956241451635650108e+00,2.858825218574617022e+00,2.466404689238513637e+00,6.111735166834720845e-01,2.371109052248983495e+00,2.996699296244321076e+00,2.679159388265722974e+00,3.270457719227105375e+00,3.274354695944540428e+00,2.679757602751824841e+00,3.224821903925235045e+00,3.309293911319267867e+00,3.302315615904143353e+00,2.823049875306262724e+00,2.082662702760253115e+00,2.835707245656224895e+00,1.850745493456055435e+00,2.404178510963996818e+00,1.087122481938173513e+00,2.600405218378834871e+00,3.314520844363090024e+00,3.312628968912817662e+00,3.309543652069694808e+00,3.307412566784670993e+00,3.318461490617437448e+00,3.145773034153910519e+00,3.078129356234035274e+00,3.210294187173654556e+00,3.303323227506386406e+00,3.289188472935919094e+00,3.276360144839116195e+00,2.972787861773512397e+00,2.614378438370969615e+00,3.046439291040815789e+00,2.361380980460791701e+00,2.562296849381105357e+00,1.814129633869004721e+00,2.878724671028773052e+00,1.906875996124075989e+00,2.788676412507755220e+00,3.103496738690027179e+00,3.313366506521349564e+00,3.312613904302719625e+00,3.303976285685073400e+00,3.301212551407759932e+00,3.319897700903228888e+00,3.318636206703632574e+00,3.307603468608656172e+00,3.301937994121556752e+00,3.304022222922003316e+00,3.154779552168324397e+00,2.556272230475966634e+00,2.244364983351171627e+00,3.037529786232237683e+00,2.563143516877091077e+00,2.946845867596120883e+00,3.036711436205841164e+00,2.841075005942313325e+00,2.990492805889337635e+00,3.091419566519610029e+00,2.856418852609745151e+00,2.944126390155270556e+00,3.192562894343452751e+00,3.167420291957690370e+00,2.744201519104925158e+00,2.815193748920629790e+00,3.088583107955885865e+00,3.103300759804635600e+00,3.082000626287294320e+00,2.775691837912495963e+00,2.884322153092165220e+00,2.967228038112308841e+00,3.186916151341530057e+00,3.201480287940794867e+00,3.081437873881593514e+00,2.793286066315763705e+00,2.744112064632686199e+00,3.041874703401582281e+00,3.176578808091883310e+00,3.082760111623038757e+00,3.041055104737889980e+00,3.067930994628344621e+00,2.910639042067412419e+00,2.801507856188475643e+00,3.009308105431661051e+00,2.786075042566717119e+00,2.678375724162317617e+00,2.665974080646529298e+00,2.851175444861478336e+00,3.156320123515145237e+00,2.821289044949530922e+00,2.464295685729687158e+00,2.029789159238457597e+00,6.398179681903416460e-01,3.317601905425929587e+00,3.317601905425929587e+00,3.317601905425929587e+00,3.317601905425929587e+00,3.317601905425929587e+00,3.317601905425929587e+00,3.317601905425929587e+00,3.317601905425929587e+00,3.317601905425929587e+00,3.317601905425929587e+00,3.317601905425929587e+00,3.317601905425929587e+00,3.317601905425929587e+00,3.317601905425929587e+00,3.317601905425929587e+00,3.317601905425929587e+00,3.317601905425929587e+00,3.317601905425929587e+00,3.317601905425929587e+00,3.317601905425929587e+00,3.317601905425929587e+00,3.317601905425929587e+00,3.317601905425929587e+00,3.317601905425929587e+00,3.317601905425929587e+00,3.317601905425929587e+00,3.317601905425929587e+00,3.317601905425929587e+00,3.317601905425929587e+00,3.317601905425929587e+00,3.317601905425929587e+00,3.317601905425929587e+00,3.317601905425929587e+00,3.317601905425929587e+00,3.317601905425929587e+00,3.317601905425929587e+00,3.317601905425929587e+00,3.317601905425929587e+00,3.317601905425929587e+00,3.317601905425929587e+00,3.317601905425929587e+00,3.317601905425929587e+00,3.317601905425929587e+00,3.317601905425929587e+00,3.317601905425929587e+00,3.317601905425929587e+00,3.317601905425929587e+00,3.317601905425929587e+00,3.317601905425929587e+00,3.317601905425929587e+00,3.317601905425929587e+00,3.317601905425929587e+00
8.333333250000630067e-04,8.333333250000630067e-04,8.333333250000630067e-04,8.333333250000630067e-04,8.333333250000630067e-04,8.333333250000630067e-04,8.333333250000630067e-04,8.333333250000630067e-04,8.333333250000630067e-04,8.333333250000630067e-04,8.333333250000630067e-04,8.333333250000630067e-04,8.333333250000630067e-04,8.333333250000630067e-04,8.333333250000630067e-04,8.333333250000630067e-04,8.333333250000630067e-04,8.333333250000630067e-04,8.333333250000630067e-04,8.333333250000630067e-04,8.333333250000630067e-04,8.333333250000630067e-04,8.333333250000630067e-04,8.333333250000630067e-04,8.333333250000630067e-04,8.333333250000630067e-04,8.333333250000630067e-04,8.333333250000630067e-04,8.333333250000630067e-04,8.333333250000630067e-04,8.333333250000630067e-04,4.932870073612102835e-01,4.951816293952246983e-01,4.931872285402087996e-01,8.333333250000630067e-04,8.333333250000630067e-04,4.722878785389276746e-01,4.452182614256511850e-01,4.288748005479258163e-01,2.145183143922580471e-01,2.362964138449835105e-01,2.504361727702550389e-01,2.655628015560809185e-01,1.835976461522474124e-01,1.910611142560164899e-01,1.712807688673226858e-01,1.773267741162425637e-01,1.437242824239610695e-01,1.260102728415739004e-01,2.003614819409550163e-01,3.729265166180540381e-01,4.426397073682599714e-01,4.273763720725999860e-01,4.123409773808821011e-01,3.869983844155635566e-01,3.593838725471166784e-01,3.277460504687956244e-01,2.889467678700596842e-01,1.407907214834746012e-01,1.349164769724283397e-01,1.330934700440880025e-01,1.165979163818336856e-01,1.222884959610268663e-01,1.122539937865216636e-01,1.761207024127695586e-01,2.198089956082441843e-01,2.789593588951230219e-01,3.081530682730443949e-01,2.960730015356071720e-01,2.497347848067652532e-01,1.999936253683142762e-01,1.852130966686335034e-01,1.356622682665915292e-01,1.576959838213437548e-01,1.261577144121073524e-01,1.507470183669894492e-01,1.720960879066500693e-01,1.848369937198309498e-01,2.404461402688332083e-01,2.235487298204561768e-01,2.316050503862696341e-01,2.027661542312923781e-01,1.544816711931628617e-01,1.560449927106202228e-01,8.229036040628641413e-02,1.289485940285648446e-01,5.850726046505212719e-02,1.233818714255187632e-01,8.034469824655036951e-02,1.245753236033473599e-01,1.368242314048271624e-01,1.491850478640057431e-01,1.648478010009438999e-01,2.001774998556107854e-01,2.072154239007863996e-01,2.519243295214981804e-01,2.890940764988801925e-01,1.808772987556221123e-01,1.555177594783696826e-01,1.601680442868115561e-01,2.128268841962241142e-01,2.200292059929987443e-01,1.931535027047681652e-01,1.554532040559286066e-01,1.442484131739833475e-01,1.321555124031866535e-01,1.321742690959220312e-01,1.230130767132619901e-01,1.236287098981375399e-01,1.441665225431067177e-01,1.503284258426678954e-01,1.506567085227478175e-01,1.631233836273835724e-01,1.595252442549612015e-01,1.677904353832393447e-01,2.240666833887006160e-01,2.891994450374754111e-01,3.364676131682746707e-01,4.083559551962542278e-01,4.223944904983791271e-01,4.143686444144475955e-01,4.096448350283273809e-01,4.101156130660009724e-01,4.145946005474591689e-01,4.385801771579524999e-01,4.566943369278839704e-01,4.509201327797220382e-01,4.413721673810056534e-01,4.488086810054225384e-01,4.574911254660724569e-01,4.439055192338753342e-01,4.381026189755252709e-01,4.250807194964305036e-01,4.254061531055335910e-01,4.391901590155430912e-01,4.468810742234979316e-01,4.576769910836044342e-01,4.602619994486061850e-01,4.356310130774919132e-01,4.381296391420878011e-01,4.481613027659555049e-01,4.430427707609796428e-01,4.512346871010627924e-01,4.481965429401036372e-01,4.380058891499256091e-01,4.381056531739589976e-01,4.268375802161070709e-01,4.348686709126247107e-01,4.504455093815286082e-01,4.714504697392064569e-01,4.613345031652525963e-01,4.497153787163129524e-01,4.626093184773601985e-01,4.724144817320340972e-01,4.666140087148587523e-01,4.634898036148156208e-01,4.637300142826707994e-01,8.333333250000630067e-04,8.333333250000630067e-04,8.333333250000630067e-04,8.333333250000630067e-04,8.333333250000630067e-04,8.333333250000630067e-04,8.333333250000630067e-04,8.333333250000630067e-04,8.333333250000630067e-04,8.333333250000630067e-04,8.333333250000630067e-04,8.333333250000630067e-04,8.333333250000630067e-04,8.333333250000630067e-04,8.333333250000630067e-04,8.333333250000630067e-04,8.333333250000630067e-04,8.333333250000630067e-04,8.333333250000630067e-04,8.333333250000630067e-04,8.333333250000630067e-04,8.333333250000630067e-04,8.333333250000630067e-04,8.333333250000630067e-04,8.333333250000630067e-04,8.333333250000630067e-04,8.333333250000630067e-04,8.333333250000630067e-04,8.333333250000630067e-04,8.333333250000630067e-04,8.333333250000630067e-04,8.333333250000630067e-04,8.333333250000630067e-04,8.333333250000630067e-04,8.333333250000630067e-04,8.333333250000630067e-04,8.333333250000630067e-04,8.333333250000630067e-04,8.333333250000630067e-04,8.333333250000630067e-04,8.333333250000630067e-04,8.333333250000630067e-04,8.333333250000630067e-04,8.333333250000630067e-04,8.333333250000630067e-04,8.333333250000630067e-04,8.333333250000630067e-04,8.333333250000630067e-04,8.333333250000630067e-04,8.333333250000630067e-04,8.333333250000630067e-04,8.333333250000630067e-04
5.811138465459122402e-09,5.811138465459122402e-09,5.811138465459122402e-09,5.811138465459122402e-09,5.811138465459122402e-09,5.811138465459122402e-09,5.811138465459122402e-09,5.811138465459122402e-09,5.811138465459122402e-09,5.811138465459122402e-09,5.811138465459122402e-09,5.811138465459122402e-09,5.811138465459122402e-09,5.811138465459122402e-09,5.811138465459122402e-09,5.811138465459122402e-09,5.811138465459122402e-09,5.811138465459122402e-09,5.811138465459122402e-09,5.811138465459122402e-09,5.811138465459122402e-09,5.811138465459122402e-09,5.811138465459122402e-09,5.811138465459122402e-09,5.811138465459122402e-09,5.811138465459122402e-09,5.811138465459122402e-09,5.811138465459122402e-09,5.811138465459122402e-09,5.811138465459122402e-09,5.811138465459122402e-09,2.494832930333823751e-01,2.480946007102890483e-01,2.434459243689985619e-01,5.811138465459122402e-09,5.811138465459122402e-09,2.917203057302702462e-01,2.898927077960402054e-01,2.923809942481154223e-01,1.821822627366402325e-01,1.722889538696312506e-01,1.775803792389712144e-01,2.060907242089205504e-01,2.127093519076665440e-01,2.293513302029955847e-01,2.240550418243959230e-01,2.286175704766393035e-01,2.140845754711980242e-01,2.183954185910561008e-01,2.615245386329722033e-01,2.525281047862085182e-01,1.646567164047480769e-01,1.491324402374876179e-01,1.550459218942510375e-01,1.506905267275524540e-01,1.637713934479854139e-01,1.705556320028106254e-01,2.130102315431572635e-01,1.874629579942227731e-01,1.861530937641756589e-01,2.011091182575631409e-01,1.892357389078722085e-01,1.957619904295060664e-01,1.929765881057225740e-01,2.419054528620040723e-01,2.573025760039312493e-01,1.907810513726390100e-01,1.639802842984789399e-01,1.653368418015826735e-01,1.691450347700786117e-01,1.816186727695386360e-01,1.846979098407509345e-01,1.858461948735920521e-01,2.185338414066929358e-01,1.854307526128772254e-01,2.169608099448575578e-01,2.215515112785950147e-01,2.249905023097308887e-01,2.708914809412374947e-01,1.829430250182037254e-01,1.813229637807706185e-01,2.276905333798291686e-01,2.170677670767406364e-01,2.316468136231004671e-01,1.724440718112355553e-01,2.226502090570908199e-01,1.457753295962733731e-01,2.182093456721866109e-01,1.729073974033505656e-01,2.130726490414465435e-01,2.017684871990279571e-01,2.208701095152665606e-01,2.184229093062546589e-01,2.140944696283546833e-01,2.295855700784471265e-01,2.573651206029251570e-01,2.521839106059492464e-01,2.325800043845531462e-01,2.200972931584648240e-01,2.433053949802814475e-01,2.763886999871232319e-01,1.733296502246237658e-01,1.851067257966549917e-01,2.242188575735742373e-01,2.249883541822714772e-01,2.164071700306850476e-01,2.192010283399910553e-01,2.132237979602481237e-01,2.096599641343045994e-01,2.209378211514411716e-01,2.232279980700188071e-01,2.243562436728246956e-01,2.308887383217597677e-01,2.322229875187506731e-01,2.384157370007590482e-01,2.651544675200397383e-01,2.871272928300833693e-01,3.003655029653483632e-01,2.984474560001412757e-01,2.929583124522681103e-01,2.948807450823504039e-01,2.917452995686123929e-01,2.903897264666834288e-01,2.929070456742070561e-01,2.978370301067118087e-01,2.958983828247511161e-01,2.978307936558934332e-01,2.980798910019061276e-01,2.950097985921267818e-01,2.936702229710824175e-01,2.930307074172152082e-01,2.904636792505031484e-01,3.054734154305901450e-01,3.074127486754411054e-01,3.006877031498419450e-01,2.964762051670080112e-01,2.948860229555018697e-01,2.976969299187176565e-01,2.972264853359429804e-01,2.985664282931304592e-01,2.996107706500898971e-01,2.977239425995366062e-01,2.945606483959040123e-01,2.957514806957715625e-01,2.978037610484858266e-01,3.004504350774706012e-01,2.939608497103783913e-01,2.902501975103505827e-01,2.913666340869074389e-01,2.911377016711699239e-01,2.960528339733954351e-01,2.965627293811346488e-01,2.897731911166522289e-01,2.962635024102497905e-01,2.991833154273669249e-01,2.901588368741678803e-01,2.940788051212567811e-01,5.811138465459122402e-09,5.811138465459122402e-09,5.811138465459122402e-09,5.811138465459122402e-09,5.811138465459122402e-09,5.811138465459122402e-09,5.811138465459122402e-09,5.811138465459122402e-09,5.811138465459122402e-09,5.811138465459122402e-09,5.811138465459122402e-09,5.811138465459122402e-09,5.811138465459122402e-09,5.811138465459122402e-09,5.811138465459122402e-09,5.811138465459122402e-09,5.811138465459122402e-09,5.811138465459122402e-09,5.811138465459122402e-09,5.811138465459122402e-09,5.811138465459122402e-09,5.811138465459122402e-09,5.811138465459122402e-09,5.811138465459122402e-09,5.811138465459122402e-09,5.811138465459122402e-09,5.811138465459122402e-09,5.811138465459122402e-09,5.811138465459122402e-09,5.811138465459122402e-09,5.811138465459122402e-09,5.811138465459122402e-09,5.811138465459122402e-09,5.811138465459122402e-09,5.811138465459122402e-09,5.811138465459122402e-09,5.811138465459122402e-09,5.811138465459122402e-09,5.811138465459122402e-09,5.811138465459122402e-09,5.811138465459122402e-09,5.811138465459122402e-09,5.811138465459122402e-09,5.811138465459122402e-09,5.811138465459122402e-09,5.811138465459122402e-09,5.811138465459122402e-09,5.811138465459122402e-09,5.811138465459122402e-09,5.811138465459122402e-09,5.811138465459122402e-09,5.811138465459122402e-09
5.257209882834161796e-01,5.257209882834161796e-01,5.257209882834161796e-01,5.257209882834161796e-01,5.257209882834161796e-01,5.257209882834161796e-01,5.257209882834161796e-01,5.257209882834161796e-01,5.257209882834161796e-01,5.257209882834161796e-01,5.257209882834161796e-01,5.257209882834161796e-01,5.257209882834161796e-01,5.257209882834161796e-01,5.257209882834161796e-01,5.257209882834161796e-01,5.257209882834161796e-01,5.257209882834161796e-01,5.257209882834161796e-01,5.257209882834161796e-01,5.257209882834161796e-01,5.257209882834161796e-01,5.257209882834161796e-01,5.257209882834161796e-01,5.257209882834161796e-01,5.257209882834161796e-01,5.257209882834161796e-01,5.257209882834161796e-01,5.257209882834161796e-01,5.257209882834161796e-01,5.257209882834161796e-01,2.667763914194870800e+00,2.832321562447064789e+00,2.628982983142278407e+00,5.257209882834161796e-01,5.257209882834161796e-01,3.062886759281434834e+00,3.179470372956604951e+00,3.106377951893485090e+00,1.241901928704114866e+00,1.595415438600719105e+00,1.775759091913315491e+00,2.074823418463844771e+00,3.345842698628696543e-01,2.272257986093614013e-01,1.506968842720942947e-01,1.096643334633940758e-01,7.464414977823483066e-02,2.588033350454946313e-02,9.012020884667171217e-02,1.571623777143927647e+00,1.572511510351701114e+00,1.778680602844834757e+00,1.738643627267940861e+00,1.686578490034045252e+00,1.891903937871851848e+00,2.045547190751956013e+00,2.269856582764081310e+00,1.920397306905767820e-01,1.432954906397805594e-01,1.192878151578325718e-01,8.836288304100657631e-02,7.576956706070042680e-02,7.682905372122941778e-02,1.555229987360542687e-01,2.725132120692894122e-01,2.063744248001100789e+00,1.658241269902055670e+00,1.740010731456770099e+00,1.832908177780857351e+00,1.569198779269878941e+00,1.288683433758879726e+00,2.511622512323817835e-01,1.527412580770266259e-01,1.390486113662585677e-01,1.821759199658325445e-01,2.465627862362627098e-01,4.597518045009256760e-01,3.154047057199216297e-01,1.923838431120574288e+00,1.907996816018533659e+00,8.191957486914955844e-01,1.312079394112129482e-01,9.114968424087536991e-02,1.625602369821274942e-02,4.242732632589940600e-02,1.164989117772794770e-02,3.861694057609259961e-02,1.063985595040282950e-02,5.246956364139768875e-02,6.894781937335542343e-02,1.130733467916557461e-01,2.065710474177751832e-01,3.067578721439955247e-01,3.599513472216193666e-01,5.512445518666332367e-01,1.303267991035722551e+00,1.508902006413871122e-01,1.060117625818863679e-01,1.224581957718994668e-01,1.454604428716791686e-01,1.471717885129218084e+00,1.195333515624983578e+00,9.831007659321652770e-02,7.982034527913969835e-02,5.567265195653359200e-02,4.285270636533429489e-02,3.312544585161287386e-02,3.048001391909183067e-02,3.412321616062628793e-02,4.250186195811506140e-02,4.650654976479134950e-02,4.311173355956651743e-02,5.147897247487380479e-02,1.036784727780462739e-01,4.292248239831110146e-01,9.786117577612413188e-01,1.396173929170998695e+00,2.719370775610971958e+00,2.993821838795186707e+00,2.802629054986155666e+00,2.767138276932576080e+00,2.870563420534816057e+00,2.882867697903225057e+00,3.072037229886436016e+00,3.194871048751340759e+00,3.118845896562695064e+00,3.028911148215471805e+00,3.166571502889062195e+00,3.197349511766891084e+00,3.102685938482387051e+00,3.088993358013502721e+00,2.698163942298174689e+00,2.668237732974934051e+00,2.985115437447960929e+00,3.093790175163114053e+00,3.163253714590763543e+00,3.171942209322889283e+00,3.000192153476276768e+00,3.055056564371504635e+00,3.096532356717662360e+00,3.106405254245169445e+00,3.169119540096900778e+00,3.122156661675616007e+00,3.081567596278868226e+00,3.094074510090611074e+00,3.032331822862118553e+00,3.062009850072352712e+00,3.140097034578862356e+00,3.216829873322619715e+00,3.176929234973270511e+00,3.132979090046460247e+00,3.204894124338654393e+00,3.199179918860841187e+00,3.142081718169368099e+00,3.093362405852547070e+00,2.718813628694338735e+00,5.257209882834161796e-01,5.257209882834161796e-01,5.257209882834161796e-01,5.257209882834161796e-01,5.257209882834161796e-01,5.257209882834161796e-01,5.257209882834161796e-01,5.257209882834161796e-01,5.257209882834161796e-01,5.257209882834161796e-01,5.257209882834161796e-01,5.257209882834161796e-01,5.257209882834161796e-01,5.257209882834161796e-01,5.257209882834161796e-01,5.257209882834161796e-01,5.257209882834161796e-01,5.257209882834161796e-01,5.257209882834161796e-01,5.257209882834161796e-01,5.257209882834161796e-01,5.257209882834161796e-01,5.257209882834161796e-01,5.257209882834161796e-01,5.257209882834161796e-01,5.257209882834161796e-01,5.257209882834161796e-01,5.257209882834161796e-01,5.257209882834161796e-01,5.257209882834161796e-01,5.257209882834161796e-01,5.257209882834161796e-01,5.257209882834161796e-01,5.257209882834161796e-01,5.257209882834161796e-01,5.257209882834161796e-01,5.257209882834161796e-01,5.257209882834161796e-01,5.257209882834161796e-01,5.257209882834161796e-01,5.257209882834161796e-01,5.257209882834161796e-01,5.257209882834161796e-01,5.257209882834161796e-01,5.257209882834161796e-01,5.257209882834161796e-01,5.257209882834161796e-01,5.257209882834161796e-01,5.257209882834161796e-01,5.257209882834161796e-01,5.257209882834161796e-01,5.257209882834161796e-01
0.000000000000000000e+00,0.000000000000000000e+00,0.000000000000000000e+00,0.000000000000000000e+00,0.000000000000000000e+00,0.000000000000000000e+00,0.000000000000000000e+00,0.000000000000000000e+00,0.000000000000000000e+00,0.000000000000000000e+00,0.000000000000000000e+00,0.000000000000000000e+00,0.000000000000000000e+00,0.000000000000000000e+00,0.000000000000000000e+00,0.000000000000000000e+00,0.000000000000000000e+00,0.000000000000000000e+00,0.000000000000000000e+00,0.000000000000000000e+00,0.000000000000000000e+00,0.000000000000000000e+00,0.000000000000000000e+00,0.000000000000000000e+00,0.000000000000000000e+00,0.000000000000000000e+00,0.000000000000000000e+00,0.000000000000000000e+00,0.000000000000000000e+00,0.000000000000000000e+00,0.000000000000000000e+00,7.426662589578202356e-01,2.126204987541508340e-04,2.123004285911658502e-04,7.424752646306530535e-01,0.000000000000000000e+00,7.514037535073757601e-01,4.563458711719630551e-04,2.796691113892993364e-04,2.453261362026832974e-03,1.203998759030760514e-03,6.927054229542717063e-04,1.892120593350844109e-03,1.242923989147141396e-02,1.384055162775429341e-03,6.037102578162072174e-04,2.498631649773601533e-03,4.603538758915319377e-03,6.747784125048460029e-03,8.936232168079389498e-03,2.036545460611861869e-02,2.596587655306248528e-03,1.069524063292470956e-03,8.787335266773545379e-04,6.649094348755014809e-04,8.544909906575275408e-04,8.738494339788665166e-04,1.224255723945657376e-03,1.234748838672779757e-02,4.273137167427354735e-03,7.901138278260789669e-03,2.992004013457544905e-03,4.858145151378727607e-03,8.099768501313053815e-03,1.986779409314144793e-03,1.956517995190951847e-03,9.749401422821263666e-03,1.067178720862475404e-03,4.496279518420997915e-04,1.095210968929880664e-03,1.907366013600776504e-03,1.448608152450727923e-03,7.367055489022398922e-03,3.050684235106059308e-03,2.734259495605012927e-03,4.565534033126894889e-03,3.835188392451622640e-03,5.973184265857565435e-03,2.935830488434100407e-03,8.013237429687051008e-03,4.205737284943159644e-04,3.693917386054445043e-03,1.760082354505930133e-02,2.392569736877075623e-03,1.213214713528057778e-02,5.867658935921961881e-03,9.946955858047274238e-03,5.919984590060003993e-03,2.238795460476692561e-02,3.644349183748340354e-02,1.890858584588280336e-02,4.177112680417463010e-03,1.440317566628194221e-03,3.424812659052648561e-03,4.564537207345452895e-03,3.376143898233750253e-03,2.523813708077462300e-03,1.419478952503579715e-02,1.743092860305758829e-03,9.566552242448494309e-03,5.962199311497225207e-03,1.573265878963453837e-02,2.631792143481203466e-03,1.574828738916501589e-02,5.942942999045977559e-03,1.712530070462934184e-03,3.401011755774110187e-03,2.830903344341384031e-03,4.802250696292507254e-03,3.971513558632388911e-03,1.286935363037312137e-03,2.175198614106396960e-03,1.896922723120082147e-03,3.009862736034687927e-03,7.300241152618639796e-03,5.189100221251994466e-03,1.807734519431697818e-03,8.501407242137284720e-04,1.026498263667596040e-03,4.912681997533279192e-04,4.774474627243101873e-04,3.050304969240730420e-04,4.346415506354559476e-04,3.739205751167441836e-04,4.927970178460384541e-04,3.771347915825663658e-04,3.267257543974656526e-04,2.847875525643586312e-04,4.233839937308889125e-04,2.878639434280525497e-04,3.899029077825185569e-04,2.532381160126158859e-04,6.145617404135828889e-04,2.604719466076091047e-04,4.318337937521240979e-04,3.320073950355433880e-04,3.476032312569912438e-04,3.896505956598308247e-04,4.115511480274378726e-04,4.008645984460387801e-04,3.758556346895352207e-04,3.397617253023120813e-04,3.923163939635397721e-04,4.029243210992575685e-04,3.820199511144904865e-04,3.543417283196778297e-04,4.455896544585003925e-04,3.017047249688986307e-04,3.417514649081773324e-04,3.627260783607177724e-04,3.527142074166091275e-04,3.614564213760116827e-04,3.745283916370008813e-04,3.220561089817618010e-04,3.683828789092023054e-04,3.381745149588678162e-04,3.665309828014939441e-04,7.430746698034853548e-01,0.000000000000000000e+00,0.000000000000000000e+00,0.000000000000000000e+00,0.000000000000000000e+00,0.000000000000000000e+00,0.000000000000000000e+00,0.000000000000000000e+00,0.000000000000000000e+00,0.000000000000000000e+00,0.000000000000000000e+00,0.000000000000000000e+00,0.000000000000000000e+00,0.000000000000000000e+00,0.000000000000000000e+00,0.000000000000000000e+00,0.000000000000000000e+00,0.000000000000000000e+00,0.000000000000000000e+00,0.000000000000000000e+00,0.000000000000000000e+00,0.000000000000000000e+00,0.000000000000000000e+00,0.000000000000000000e+00,0.000000000000000000e+00,0.000000000000000000e+00,0.000000000000000000e+00,0.000000000000000000e+00,0.000000000000000000e+00,0.000000000000000000e+00,0.000000000000000000e+00,0.000000000000000000e+00,0.000000000000000000e+00,0.000000000000000000e+00,0.000000000000000000e+00,0.000000000000000000e+00,0.000000000000000000e+00,0.000000000000000000e+00,0.000000000000000000e+00,0.000000000000000000e+00,0.000000000000000000e+00,0.000000000000000000e+00,0.000000000000000000e+00,0.000000000000000000e+00,0.000000000000000000e+00,0.000000000000000000e+00,0.000000000000000000e+00,0.000000000000000000e+00,0.000000000000000000e+00,0.000000000000000000e+00,0.000000000000000000e+00,0.000000000000000000e+00
0.000000000000000000e+00,0.000000000000000000e+00,0.000000000000000000e+00,0.000000000000000000e+00,0.000000000000000000e+00,0.000000000000000000e+00,0.000000000000000000e+00,0.000000000000000000e+00,0.000000000000000000e+00,0.000000000000000000e+00,0.000000000000000000e+00,0.000000000000000000e+00,0.000000000000000000e+00,0.000000000000000000e+00,0.000000000000000000e+00,0.000000000000000000e+00,0.000000000000000000e+00,0.000000000000000000e+00,0.000000000000000000e+00,0.000000000000000000e+00,0.000000000000000000e+00,0.000000000000000000e+00,0.000000000000000000e+00,0.000000000000000000e+00,0.000000000000000000e+00,0.000000000000000000e+00,0.000000000000000000e+00,0.000000000000000000e+00,0.000000000000000000e+00,0.000000000000000000e+00,0.000000000000000000e+00,5.024999999999999467e-01,6.049999999999999822e-01,5.400000000000000355e-01,0.000000000000000000e+00,0.000000000000000000e+00,7.266666666666666829e-01,7.916666666666666297e-01,7.841666666666666785e-01,1.766666666666666663e-01,2.808333333333333237e-01,2.958333333333333370e-01,4.849999999999999867e-01,2.583333333333333315e-02,2.583333333333333315e-02,2.583333333333333315e-02,1.666666666666666644e-02,1.416666666666666595e-02,1.416666666666666595e-02,1.333333333333333419e-02,5.550000000000000488e-01,5.266666666666666163e-01,5.191666666666666652e-01,5.024999999999999467e-01,4.833333333333333370e-01,4.808333333333333348e-01,4.274999999999999911e-01,3.875000000000000111e-01,3.916666666666666907e-02,4.000000000000000083e-02,3.916666666666666907e-02,3.833333333333333037e-02,2.583333333333333315e-02,2.666666666666666838e-02,2.583333333333333315e-02,3.749999999999999861e-02,3.608333333333333393e-01,3.758333333333333526e-01,3.658333333333333437e-01,2.874999999999999778e-01,2.308333333333333348e-01,2.124999999999999944e-01,4.416666666666666657e-02,4.166666666666666435e-02,4.083333333333333259e-02,4.083333333333333259e-02,4.083333333333333259e-02,6.416666666666666352e-02,4.166666666666666435e-02,2.608333333333333059e-01,2.691666666666666652e-01,1.266666666666666774e-01,1.750000000000000167e-02,1.750000000000000167e-02,1.750000000000000167e-02,1.750000000000000167e-02,1.750000000000000167e-02,1.750000000000000167e-02,1.666666666666666644e-02,1.583333333333333467e-02,1.666666666666666644e-02,2.583333333333333315e-02,3.500000000000000333e-02,1.750000000000000167e-02,1.916666666666666519e-02,4.250000000000000305e-02,4.491666666666666585e-01,2.000000000000000042e-02,2.000000000000000042e-02,2.000000000000000042e-02,1.750000000000000167e-02,2.166666666666666741e-01,1.749999999999999889e-01,1.750000000000000167e-02,1.750000000000000167e-02,2.000000000000000042e-02,2.583333333333333315e-02,2.583333333333333315e-02,2.583333333333333315e-02,2.500000000000000139e-02,2.500000000000000139e-02,1.666666666666666644e-02,1.666666666666666644e-02,1.666666666666666644e-02,1.750000000000000167e-02,8.333333333333332871e-02,1.716666666666666619e-01,4.116666666666666807e-01,7.291666666666666297e-01,7.624999999999999556e-01,7.241666666666666252e-01,7.041666666666667185e-01,7.099999999999999645e-01,7.299999999999999822e-01,8.058333333333332904e-01,8.266666666666666607e-01,8.191666666666667096e-01,8.083333333333333481e-01,8.258333333333333082e-01,8.349999999999999645e-01,7.991666666666666918e-01,7.783333333333333215e-01,7.883333333333333304e-01,7.950000000000000400e-01,8.141666666666667052e-01,8.175000000000000044e-01,8.399999999999999689e-01,8.516666666666666829e-01,8.024999999999999911e-01,8.091666666666667007e-01,8.466666666666666785e-01,8.341666666666666119e-01,8.275000000000000133e-01,8.225000000000000089e-01,8.074999999999999956e-01,8.283333333333333659e-01,7.674999999999999600e-01,7.800000000000000266e-01,8.116666666666666474e-01,8.308333333333333126e-01,8.258333333333333082e-01,8.033333333333333437e-01,8.050000000000000488e-01,8.533333333333333881e-01,8.516666666666666829e-01,7.600000000000000089e-01,5.241666666666666696e-01,0.000000000000000000e+00,0.000000000000000000e+00,0.000000000000000000e+00,0.000000000000000000e+00,0.000000000000000000e+00,0.000000000000000000e+00,0.000000000000000000e+00,0.000000000000000000e+00,0.000000000000000000e+00,0.000000000000000000e+00,0.000000000000000000e+00,0.000000000000000000e+00,0.000000000000000000e+00,0.000000000000000000e+00,0.000000000000000000e+00,0.000000000000000000e+00,0.000000000000000000e+00,0.000000000000000000e+00,0.000000000000000000e+00,0.000000000000000000e+00,0.000000000000000000e+00,0.000000000000000000e+00,0.000000000000000000e+00,0.000000000000000000e+00,0.000000000000000000e+00,0.000000000000000000e+00,0.000000000000000000e+00,0.000000000000000000e+00,0.000000000000000000e+00,0.000000000000000000e+00,0.000000000000000000e+00,0.000000000000000000e+00,0.000000000000000000e+00,0.000000000000000000e+00,0.000000000000000000e+00,0.000000000000000000e+00,0.000000000000000000e+00,0.000000000000000000e+00,0.000000000000000000e+00,0.000000000000000000e+00,0.000000000000000000e+00,0.000000000000000000e+00,0.000000000000000000e+00,0.000000000000000000e+00,0.000000000000000000e+00,0.000000000000000000e+00,0.000000000000000000e+00,0.000000000000000000e+00,0.000000000000000000e+00,0.000000000000000000e+00,0.000000000000000000e+00,0.000000000000000000e+00
-5.059644256269407236e+01,-5.059644256269407236e+01,-5.059644256269407236e+01,-5.059644256269407236e+01,-5.059644256269407236e+01,-5.059644256269407236e+01,-5.059644256269407236e+01,-5.059644256269407236e+01,-5.059644256269407236e+01,-5.059644256269407236e+01,-5.059644256269407236e+01,-5.059644256269407236e+01,-5.059644256269407236e+01,-5.059644256269407236e+01,-5.059644256269407236e+01,-5.059644256269407236e+01,-5.059644256269407236e+01,-5.059644256269407236e+01,-5.059644256269407236e+01,-5.059644256269407236e+01,-5.059644256269407236e+01,-5.059644256269407236e+01,-5.059644256269407236e+01,-5.059644256269407236e+01,-5.059644256269407236e+01,-5.059644256269407236e+01,-5.059644256269407236e+01,-5.059644256269407236e+01,-5.059644256269407236e+01,-5.059644256269407236e+01,-5.059644256269407236e+01,-4.530038577654702436e+01,-4.452351851438741193e+01,-4.532639419890685417e+01,-5.059644256269407236e+01,-5.059644256269407236e+01,-4.185300047672657087e+01,-3.896810363566406465e+01,-3.816121288824012225e+01,-2.800677835683036321e+01,-2.705716951885037602e+01,-2.763345453849520439e+01,-2.777311392531892409e+01,-2.373783559904053675e+01,-2.260491828763846556e+01,-2.242062504740946949e+01,-2.308852991144763678e+01,-2.398003938129268064e+01,-2.835286016787596708e+01,-2.934508203613329158e+01,-2.904480991241893761e+01,-3.053172705549816612e+01,-2.974026708231915705e+01,-2.876299797137097158e+01,-2.842359015190708860e+01,-2.768000279989644241e+01,-2.786088216417446617e+01,-2.746144234095035230e+01,-2.497407894485619906e+01,-2.420984387224687850e+01,-2.311999128690395722e+01,-2.292432427140349205e+01,-2.393120816179347798e+01,-2.438234994121238941e+01,-2.795853250060347506e+01,-2.974134914632692883e+01,-2.871976355777190548e+01,-2.696573793725514179e+01,-2.632531165960451958e+01,-2.657270058830088999e+01,-2.662434471428851879e+01,-2.592040860408110348e+01,-2.408496233307114309e+01,-2.412613780790564277e+01,-2.370355467026476504e+01,-2.310459794275396916e+01,-2.424797860917190206e+01,-2.562701161475120415e+01,-2.929054122655619352e+01,-2.689104668521765618e+01,-2.712248310588499933e+01,-2.536411829079703750e+01,-2.607115108558433647e+01,-2.369624347278403675e+01,-2.542884576541964137e+01,-2.327592977256248119e+01,-2.558029895323408454e+01,-2.335348558458718671e+01,-2.605380651450797203e+01,-2.423206189672581345e+01,-2.447168586807428170e+01,-2.347027264154942117e+01,-2.373437219595950154e+01,-2.536208542688378387e+01,-2.542929128620080803e+01,-2.621103292493726755e+01,-2.676648519684228944e+01,-2.500328156674431668e+01,-2.601916439719220264e+01,-2.645687896274113982e+01,-3.060424207780920725e+01,-2.640984089770796217e+01,-2.501998659076451048e+01,-2.559170135515972078e+01,-2.487389149890454121e+01,-2.549219743888369294e+01,-2.620289156314325041e+01,-2.639877107595847150e+01,-2.683692634571906765e+01,-2.761713841323971153e+01,-2.695813953894158743e+01,-2.692551162081513638e+01,-2.795792506088930196e+01,-2.790102779681292944e+01,-2.823208409749621595e+01,-2.997661208430981006e+01,-3.198900231668329397e+01,-3.365929005597853774e+01,-3.613545149739791640e+01,-3.728370505860373640e+01,-3.660942764298271612e+01,-3.645752699845797196e+01,-3.677628471084270956e+01,-3.710852626979427527e+01,-3.755437497034795058e+01,-3.759189579635658873e+01,-3.718105543737324581e+01,-3.752570961155306151e+01,-3.827738217794357212e+01,-3.798806321408165587e+01,-3.750536421150247435e+01,-3.776941725039464615e+01,-3.677603430087032876e+01,-3.650550346191576523e+01,-3.731325394598345468e+01,-3.734912931841552819e+01,-3.774452620423762994e+01,-3.840250586846796210e+01,-3.823794777795205135e+01,-3.799509396325102273e+01,-3.784727587101577484e+01,-3.779740045896064515e+01,-3.818930016874509192e+01,-3.819401284444735722e+01,-3.809040576230187014e+01,-3.877416739289337499e+01,-3.864815370642141801e+01,-3.842139884193561272e+01,-3.890111776375853481e+01,-3.985384768127632782e+01,-3.983926308968922569e+01,-3.964635131122785339e+01,-3.965099851456662350e+01,-3.975361324680149266e+01,-4.025432221695704982e+01,-4.128564722979183443e+01,-4.294573754862501858e+01,-5.059644256269407236e+01,-5.059644256269407236e+01,-5.059644256269407236e+01,-5.059644256269407236e+01,-5.059644256269407236e+01,-5.059644256269407236e+01,-5.059644256269407236e+01,-5.059644256269407236e+01,-5.059644256269407236e+01,-5.059644256269407236e+01,-5.059644256269407236e+01,-5.059644256269407236e+01,-5.059644256269407236e+01,-5.059644256269407236e+01,-5.059644256269407236e+01,-5.059644256269407236e+01,-5.059644256269407236e+01,-5.059644256269407236e+01,-5.059644256269407236e+01,-5.059644256269407236e+01,-5.059644256269407236e+01,-5.059644256269407236e+01,-5.059644256269407236e+01,-5.059644256269407236e+01,-5.059644256269407236e+01,-5.059644256269407236e+01,-5.059644256269407236e+01,-5.059644256269407236e+01,-5.059644256269407236e+01,-5.059644256269407236e+01,-5.059644256269407236e+01,-5.059644256269407236e+01,-5.059644256269407236e+01,-5.059644256269407236e+01,-5.059644256269407236e+01,-5.059644256269407236e+01,-5.059644256269407236e+01,-5.059644256269407236e+01,-5.059644256269407236e+01,-5.059644256269407236e+01,-5.059644256269407236e+01,-5.059644256269407236e+01,-5.059644256269407236e+01,-5.059644256269407236e+01,-5.059644256269407236e+01,-5.059644256269407236e+01,-5.059644256269407236e+01,-5.059644256269407236e+01,-5.059644256269407236e+01,-5.059644256269407236e+01,-5.059644256269407236e+01,-5.059644256269407236e+01
5.997318633708545602e-16,5.997318633708545602e-16,5.997318633708545602e-16,5.997318633708545602e-16,5.997318633708545602e-16,5.997318633708545602e-16,5.997318633708545602e-16,5.997318633708545602e-16,5.997318633708545602e-16,5.997318633708545602e-16,5.997318633708545602e-16,5.997318633708545602e-16,5.997318633708545602e-16,5.997318633708545602e-16,5.997318633708545602e-16,5.997318633708545602e-16,5.997318633708545602e-16,5.997318633708545602e-16,5.997318633708545602e-16,5.997318633708545602e-16,5.997318633708545602e-16,5.997318633708545602e-16,5.997318633708545602e-16,5.997318633708545602e-16,5.997318633708545602e-16,5.997318633708545602e-16,5.997318633708545602e-16,5.997318633708545602e-16,5.997318633708545602e-16,5.997318633708545602e-16,5.997318633708545602e-16,-2.413643102204015012e-01,1.708529371536607888e-01,-8.275882190190915200e-01,5.997318633708545602e-16,5.997318633708545602e-16,2.937596163753323220e-01,2.679194515820441658e-01,1.148613221416307506e-01,-3.725903371478539450e-01,1.132584953253497895e-01,1.084935970762336943e+00,2.135657479593534802e+00,2.724933684749987872e+00,2.447572138816944687e+00,3.049263085373707050e+00,2.429882501099907444e+00,3.555450181330247261e+00,2.654140998585768241e+00,2.770679027202922473e+00,2.453013746290314767e+00,1.578895595936314233e+00,7.805993499240917455e-01,1.336842112408352934e-01,-3.446357397825419722e-01,-2.244093876641100049e-01,-4.966433948127759734e-01,9.161624721541390404e-01,1.421794427419250884e+00,1.257564814238401274e+00,1.836394701621554493e+00,2.158267471733765319e+00,2.258575401061496457e+00,2.867557349860093474e+00,2.794394254621173079e+00,2.127489092247865088e+00,5.332966389478590585e-01,1.029471426034946457e+00,4.029519163561502415e-01,-4.737700298158576406e-01,-6.773983323993815198e-01,-3.646009037003301589e-01,1.747345769568008356e+00,1.422543863172586631e+00,1.967910281697626607e+00,2.027470024216896149e+00,1.785979126204798151e+00,2.166244207982850334e+00,1.839795277934861195e+00,6.262733620118445810e-01,2.649444019310021048e-01,2.562809001085931904e+00,3.898851183411115251e+00,3.233710251375815581e+00,4.662827700787339325e+00,3.268217109254746511e+00,4.145844316151160669e+00,3.262040438672831222e+00,4.157446368674901471e+00,3.188418674075411019e+00,1.978638793669017293e+00,2.417924654573515131e+00,1.880667987256578355e+00,1.127386151997225916e+00,1.741684065026307682e+00,2.417077246023328740e+00,2.563755467608299643e+00,3.548157786085011089e+00,4.041618190529888466e+00,3.122574014271756848e+00,3.345122438652587959e+00,1.369134082859988277e+00,2.107185796550596901e+00,2.918194178301814823e+00,3.261750914774471433e+00,3.532598959900477453e+00,3.543176978648662434e+00,3.794095677676256884e+00,3.304171245838125159e+00,1.927894214857987176e+00,2.219818382792074551e+00,2.424722449427012982e+00,1.977213185530283024e+00,2.250367701263441766e+00,2.307515749981131847e+00,1.935168542497158750e+00,1.199886651571763885e+00,1.479007060761053260e+00,1.138404081937175683e+00,7.530072075939603371e-01,1.330349599184268650e+00,1.211553628926997472e+00,9.264072923093062961e-01,1.184785684095560621e+00,1.074608199515737272e+00,7.811314385544728678e-01,9.319441154166416830e-01,1.002999404231551095e+00,6.654306939619096806e-01,9.140110042965219339e-01,8.194587581560486278e-01,7.938258444211758746e-01,1.377876260239652595e+00,1.370562238254140919e+00,1.039142449315243022e+00,9.243262405242065327e-01,8.927095143070582495e-01,4.512558329838617932e-01,9.497375002923267306e-01,1.044133948840165971e+00,8.194067328677618889e-01,7.410162259613702895e-01,8.523649424207180303e-01,7.261158663148656878e-01,7.430794382553814748e-01,6.407544880153849265e-01,8.227277789290015075e-01,7.976654810059546907e-01,9.208998114251749634e-01,7.860133544330282218e-01,5.643987609286517104e-01,3.433721888310975467e-01,2.566046935900294645e-01,6.588277626709091450e-01,6.273226507600149215e-01,4.289902386780277688e-01,2.932157863663326092e-01,5.997318633708545602e-16,5.997318633708545602e-16,5.997318633708545602e-16,5.997318633708545602e-16,5.997318633708545602e-16,5.997318633708545602e-16,5.997318633708545602e-16,5.997318633708545602e-16,5.997318633708545602e-16,5.997318633708545602e-16,5.997318633708545602e-16,5.997318633708545602e-16,5.997318633708545602e-16,5.997318633708545602e-16,5.997318633708545602e-16,5.997318633708545602e-16,5.997318633708545602e-16,5.997318633708545602e-16,5.997318633708545602e-16,5.997318633708545602e-16,5.997318633708545602e-16,5.997318633708545602e-16,5.997318633708545602e-16,5.997318633708545602e-16,5.997318633708545602e-16,5.997318633708545602e-16,5.997318633708545602e-16,5.997318633708545602e-16,5.997318633708545602e-16,5.997318633708545602e-16,5.997318633708545602e-16,5.997318633708545602e-16,5.997318633708545602e-16,5.997318633708545602e-16,5.997318633708545602e-16,5.997318633708545602e-16,5.997318633708545602e-16,5.997318633708545602e-16,5.997318633708545602e-16,5.997318633708545602e-16,5.997318633708545602e-16,5.997318633708545602e-16,5.997318633708545602e-16,5.997318633708545602e-16,5.997318633708545602e-16,5.997318633708545602e-16,5.997318633708545602e-16,5.997318633708545602e-16,5.997318633708545602e-16,5.997318633708545602e-16,5.997318633708545602e-16,5.997318633708545602e-16
8.040969408361222023e-16,8.040969408361222023e-16,8.040969408361222023e-16,8.040969408361222023e-16,8.040969408361222023e-16,8.040969408361222023e-16,8.040969408361222023e-16,8.040969408361222023e-16,8.040969408361222023e-16,8.040969408361222023e-16,8.040969408361222023e-16,8.040969408361222023e-16,8.040969408361222023e-16,8.040969408361222023e-16,8.040969408361222023e-16,8.040969408361222023e-16,8.040969408361222023e-16,8.040969408361222023e-16,8.040969408361222023e-16,8.040969408361222023e-16,8.040969408361222023e-16,8.040969408361222023e-16,8.040969408361222023e-16,8.040969408361222023e-16,8.040969408361222023e-16,8.040969408361222023e-16,8.040969408361222023e-16,8.040969408361222023e-16,8.040969408361222023e-16,8.040969408361222023e-16,8.040969408361222023e-16,1.200727589636693404e-01,-1.097539941268748792e-01,-4.879725002717993920e-01,8.040969408361222023e-16,8.040969408361222023e-16,5.583256365803857674e-02,-1.458651996381074012e-01,-2.544035825316878219e-01,-6.476593192523747433e-01,-4.804056800927613002e-01,3.562390287069118200e-01,1.420453472810582429e+00,4.308669561645090962e-01,1.975100908994045223e-01,3.911034027562794169e-01,-2.369025788076870032e-01,1.218756260916744882e-01,-3.762612171215481277e-02,2.401900636293786973e-01,1.884508858293119093e-01,9.539197888045602980e-01,3.691783410384987807e-01,-1.179043818086419199e-01,-5.141275543773986545e-01,-2.779853822335600078e-01,-6.951317445517636306e-01,9.918163431387252982e-02,-5.559548387671088276e-01,-2.352679992517054952e-01,-7.968832149192648373e-01,-1.526512578513301022e-01,-3.657847829919383398e-01,-4.041867115047844683e-01,-7.479881955084383138e-02,2.352651075704658701e-01,-3.460799802643156342e-01,-5.746646347089361395e-01,-6.465261255689834785e-01,-6.935935940281051648e-01,-8.026077376840197175e-01,-1.045336766549152419e+00,-8.670661593345806439e-01,-1.251083357061947954e+00,-1.345997490650757911e+00,-6.214134652450180596e-01,-6.138455766736139463e-01,-2.704260394109501142e-01,-2.972945858479748016e-01,8.117588971315057300e-01,7.017620916716346136e-01,6.644828767489369126e-01,1.541108947433519116e+00,6.523056427294209314e-01,7.741161990105707158e-01,2.277003137997584137e-01,1.025778900429271445e+00,4.798123632067327615e-01,5.336764448055434373e-01,6.086064874850689588e-01,-5.226323462760233962e-01,-1.441681805783789384e-02,3.662245587140099401e-01,3.876032210034570102e-01,6.375046831235477995e-01,3.154943905439554497e-01,9.969615715256172073e-02,6.624317160761971079e-01,1.314809609470979135e+00,2.864812159421403770e-01,4.608574375637461973e-01,3.823720052695039895e-01,6.787204447527768192e-01,4.940345486518422646e-01,3.749415060326211080e-01,1.336068206376953560e-01,1.529687126657723883e-01,-6.834489044794532786e-01,-1.568711298623377992e+00,-1.706583897182054610e+00,-1.079970761960329373e+00,-4.555747850060688497e-01,4.968672644744401290e-02,2.875420397628639657e-01,6.852835242314005981e-01,8.137369778632332906e-01,4.008924351302410871e-01,7.128078521133975887e-01,4.613804438359712101e-01,9.779712628076391023e-02,2.114574340730064894e-01,3.811390038832516286e-02,2.205269687318996974e-01,2.684337636147445805e-01,1.601767616576834641e-01,3.800944875342876506e-02,5.472546735214206537e-02,-1.946025734062030443e-02,-1.122639780084690175e-01,6.895714697371721491e-02,-5.197118936427906621e-02,2.188665320845579187e-01,-1.801491357685683359e-01,-2.424966602673136462e-01,7.946690634678310605e-02,1.915148818500957417e-01,1.993248960580485396e-01,1.513268909393391537e-01,9.574366779921392179e-03,1.952165180242241282e-01,1.472977877898218324e-01,1.137483362692026378e-01,2.840542069183679685e-01,2.531225460927489235e-01,1.385977432027349909e-01,-7.431130102118859576e-03,4.691157826026775002e-01,4.587977797463481111e-01,4.809285133639262799e-01,4.806954915467673839e-01,2.522968750642815006e-01,1.459661315643451807e-01,-1.699422823160653406e-01,-7.066369472430678034e-02,2.395096338495049659e-01,1.513767755156693040e-01,-1.822748961485082253e-01,8.040969408361222023e-16,8.040969408361222023e-16,8.040969408361222023e-16,8.040969408361222023e-16,8.040969408361222023e-16,8.040969408361222023e-16,8.040969408361222023e-16,8.040969408361222023e-16,8.040969408361222023e-16,8.040969408361222023e-16,8.040969408361222023e-16,8.040969408361222023e-16,8.040969408361222023e-16,8.040969408361222023e-16,8.040969408361222023e-16,8.040969408361222023e-16,8.040969408361222023e-16,8.040969408361222023e-16,8.040969408361222023e-16,8.040969408361222023e-16,8.040969408361222023e-16,8.040969408361222023e-16,8.040969408361222023e-16,8.040969408361222023e-16,8.040969408361222023e-16,8.040969408361222023e-16,8.040969408361222023e-16,8.040969408361222023e-16,8.040969408361222023e-16,8.040969408361222023e-16,8.040969408361222023e-16,8.040969408361222023e-16,8.040969408361222023e-16,8.040969408361222023e-16,8.040969408361222023e-16,8.040969408361222023e-16,8.040969408361222023e-16,8.040969408361222023e-16,8.040969408361222023e-16,8.040969408361222023e-16,8.040969408361222023e-16,8.040969408361222023e-16,8.040969408361222023e-16,8.040969408361222023e-16,8.040969408361222023e-16,8.040969408361222023e-16,8.040969408361222023e-16,8.040969408361222023e-16,8.040969408361222023e-16,8.040969408361222023e-16,8.040969408361222023e-16,8.040969408361222023e-16
6.040137261739848179e-16,6.040137261739848179e-16,6.040137261739848179e-16,6.040137261739848179e-16,6.040137261739848179e-16,6.040137261739848179e-16,6.040137261739848179e-16,6.040137261739848179e-16,6.040137261739848179e-16,6.040137261739848179e-16,6.040137261739848179e-16,6.040137261739848179e-16,6.040137261739848179e-16,6.040137261739848179e-16,6.040137261739848179e-16,6.040137261739848179e-16,6.040137261739848179e-16,6.040137261739848179e-16,6.040137261739848179e-16,6.040137261739848179e-16,6.040137261739848179e-16,6.040137261739848179e-16,6.040137261739848179e-16,6.040137261739848179e-16,6.040137261739848179e-16,6.040137261739848179e-16,6.040137261739848179e-16,6.040137261739848179e-16,6.040137261739848179e-16,6.040137261739848179e-16,6.040137261739848179e-16,-5.814384367514890267e-02,-5.361782879322964934e-01,-3.139937685538477519e-01,6.040137261739848179e-16,6.040137261739848179e-16,-9.038349308251684977e-02,-5.013024506190728868e-02,-8.093765890696776044e-02,-1.133174787691642038e+00,-1.281256832221200792e+00,-1.518165897366447359e+00,-1.390394541903891446e+00,-1.246566852633983036e+00,-7.296681468460245457e-01,-4.483202860426763747e-01,-6.717739813617036315e-01,-6.155752675544070573e-01,-7.962373775322274527e-01,-6.453371379675232333e-01,-1.864886178262398220e-02,5.292655499618711262e-02,-5.524707063101140514e-02,1.676750857014948082e-01,-5.338083648234324130e-01,-7.084692705326347539e-01,-1.315036482438571186e+00,-7.396663581524424158e-01,-5.000896812149930870e-01,1.285999562769698790e-01,-4.460641154248391471e-01,3.461856017167633803e-01,-8.662088020499421059e-01,-1.968638049107032384e-01,-6.843209173356454844e-01,-3.307520341864965685e-01,-3.925789365280444865e-01,-1.278247781080588563e+00,-1.431961715485563502e+00,-1.071725858490098826e+00,-4.762466525159703146e-01,1.879981722221851781e-01,6.445274570996610830e-01,5.148756117023918222e-01,6.512290754985594621e-01,8.098511443852669522e-01,6.640673933114880079e-01,1.100768649508833130e+00,9.514387592380769698e-01,-8.216329521819745185e-01,-1.266568627073373587e+00,-4.410492553025896489e-01,-8.246513642675066258e-01,-2.488708278618297909e-01,-3.349910246710346984e-01,-2.022064706269212642e-01,1.742448458314058146e-01,1.102551290513005197e-02,-5.027740867899193056e-01,5.549888269271693320e-01,4.615159056823433525e-01,7.286681056005048784e-01,6.574542398432168255e-01,1.614474516088583722e-01,3.780188790324012782e-01,9.492571504637659086e-02,-5.414933532391230653e-01,-9.031954388396267186e-01,-1.461985778535910496e+00,-1.675509562711789691e-02,-1.618246137400966012e-01,-9.120665270084697962e-01,-4.427780416636910576e-01,-2.960543189248070473e-01,1.404590793432450579e-01,9.408621517394774592e-02,6.580432353570671300e-02,-4.346980670198116181e-01,-5.703788303665834336e-01,-7.554957573774899460e-02,2.925186952213622016e-01,2.171441291584443323e-01,4.250494285440905018e-01,4.917337907129781804e-01,7.452394360180556454e-01,4.731080236161455677e-01,9.440597705895829861e-02,2.200291840403403865e-01,1.114701093503196322e-01,3.683951687701549765e-02,-8.395131346061580901e-02,-1.609865281405831183e-02,2.241772044433872069e-02,-2.189884395005339823e-01,-1.110142488912780750e-01,-5.620104857500494294e-02,8.778832474947522585e-03,3.630423116545913875e-02,-1.809424932107438488e-01,-1.186643115231200973e-01,1.060843177339114152e-01,1.611936197477319976e-01,-3.330694712868607077e-01,-2.809574368227408803e-01,-3.120647618261644940e-01,-6.598615030835278117e-02,6.730333117686872202e-04,2.946971242713056216e-01,2.265834009576259689e-01,1.645104548681489143e-02,-1.459601799795113078e-02,7.875399372403193987e-02,8.684243021614311553e-02,1.162773323814063620e-01,3.207304457395742658e-01,2.316156573734095836e-01,3.110931046367902963e-01,1.542366869527324602e-01,1.503675970889836178e-01,-4.828138301223749984e-02,-6.916450980050360686e-02,2.099057614047158266e-03,-1.454600426238569777e-01,-1.409530674692699714e-01,7.189357321842639037e-02,2.598891704202789255e-01,3.922124865047064146e-01,6.040137261739848179e-16,6.040137261739848179e-16,6.040137261739848179e-16,6.040137261739848179e-16,6.040137261739848179e-16,6.040137261739848179e-16,6.040137261739848179e-16,6.040137261739848179e-16,6.040137261739848179e-16,6.040137261739848179e-16,6.040137261739848179e-16,6.040137261739848179e-16,6.040137261739848179e-16,6.040137261739848179e-16,6.040137261739848179e-16,6.040137261739848179e-16,6.040137261739848179e-16,6.040137261739848179e-16,6.040137261739848179e-16,6.040137261739848179e-16,6.040137261739848179e-16,6.040137261739848179e-16,6.040137261739848179e-16,6.040137261739848179e-16,6.040137261739848179e-16,6.040137261739848179e-16,6.040137261739848179e-16,6.040137261739848179e-16,6.040137261739848179e-16,6.040137261739848179e-16,6.040137261739848179e-16,6.040137261739848179e-16,6.040137261739848179e-16,6.040137261739848179e-16,6.040137261739848179e-16,6.040137261739848179e-16,6.040137261739848179e-16,6.040137261739848179e-16,6.040137261739848179e-16,6.040137261739848179e-16,6.040137261739848179e-16,6.040137261739848179e-16,6.040137261739848179e-16,6.040137261739848179e-16,6.040137261739848179e-16,6.040137261739848179e-16,6.040137261739848179e-16,6.040137261739848179e-16,6.040137261739848179e-16,6.040137261739848179e-16,6.040137261739848179e-16,6.040137261739848179e-16
7.846304122532973760e-16,7.846304122532973760e-16,7.846304122532973760e-16,7.846304122532973760e-16,7.846304122532973760e-16,7.846304122532973760e-16,7.846304122532973760e-16,7.846304122532973760e-16,7.846304122532973760e-16,7.846304122532973760e-16,7.846304122532973760e-16,7.846304122532973760e-16,7.846304122532973760e-16,7.846304122532973760e-16,7.846304122532973760e-16,7.846304122532973760e-16,7.846304122532973760e-16,7.846304122532973760e-16,7.846304122532973760e-16,7.846304122532973760e-16,7.846304122532973760e-16,7.846304122532973760e-16,7.846304122532973760e-16,7.846304122532973760e-16,7.846304122532973760e-16,7.846304122532973760e-16,7.846304122532973760e-16,7.846304122532973760e-16,7.846304122532973760e-16,7.846304122532973760e-16,7.846304122532973760e-16,3.671176946372298189e-02,-5.233137643796081234e-02,-1.547656420441776565e-03,7.846304122532973760e-16,7.846304122532973760e-16,-7.156171828796428769e-02,-2.317840540446973741e-01,7.008420691287810256e-02,-1.387370817458085659e-01,-2.878138963999057331e-01,-1.783523521700540737e-01,8.696499335512164475e-02,3.113110912600951519e-01,-7.486276116650925072e-02,3.041682953997738859e-02,-3.321107851883369211e-01,-3.155069158131459384e-01,-1.302666166526019076e+00,-5.277183576055067826e-01,-3.506845667944173961e-01,-5.726319718089371014e-01,-4.144180457380239324e-01,-2.708961618894580314e-01,-5.227035939032667056e-01,-7.976099818046324119e-02,-3.169387626589583729e-01,-2.675143926291051466e-01,-3.221875486429172097e-01,1.259402397439995380e-01,-7.283449029158164389e-01,-1.211366160918113943e-01,-7.379247063837935938e-01,2.548536156409650366e-01,-6.985472934895530228e-01,-3.444843060706569426e-01,-3.918517937390963990e-01,-5.130755030714496678e-01,-3.864547848687698295e-01,-1.933987021438730580e-01,-2.320542363182274137e-01,3.005476829698384700e-01,2.736617049079919095e-01,1.125513184460418814e-01,3.787073766962085197e-01,1.445740669234382159e-01,6.945782164500906991e-03,2.202238386362838085e-01,1.239610416507161139e-01,-2.410053067462124554e-01,-4.010338837296848480e-01,8.095231593833676631e-02,1.341829278020236771e-01,-2.052354658441153945e-01,1.080224120581250169e-01,-3.868147182102989468e-01,4.384792868259133058e-01,-1.977205494487752069e-01,-2.685987043379522432e-01,-3.497546311605413960e-01,-4.313932880310897833e-01,-3.313397390957388833e-01,9.462667350325359994e-03,5.718410851206430223e-01,1.277206083462648634e-01,7.933530129427848743e-02,4.203849324307913637e-02,-4.976227979745405650e-01,-7.450544210855892802e-01,-3.508098325733745027e-01,-6.693275747335422077e-01,-6.221240884841239271e-01,-1.414698026802493347e-01,-4.340387561732954591e-01,-3.428053375946341630e-01,-7.386771862009594569e-02,-1.874084098778933671e-01,-6.443045467013182315e-02,-3.875397733683104418e-02,-1.880163427468915793e-01,-4.655190635785626529e-01,-7.021220807646879614e-01,-9.602657698505752126e-01,-5.706647140302862908e-01,-6.238343163747508413e-01,-5.263125265500534500e-01,-7.271595330628586318e-01,-5.578115245780511655e-01,-3.361425680160055052e-01,1.708318018287787732e-01,2.030493115339281895e-01,2.308202307032571413e-02,-6.768104552794904083e-02,1.601142008674060202e-01,-2.090829266679707088e-01,4.060724238153261278e-02,6.092215849999921967e-02,6.926942435791769159e-02,-1.619941189810868987e-01,-7.570010999292312026e-02,-1.445493147502985298e-01,-1.356088896910715713e-01,-9.954303638440112345e-02,-1.632277643064869443e-01,-3.260681741821391810e-01,-1.466628279261981138e-01,-1.792036059425874406e-01,2.449532569449956731e-04,-2.005723502184852680e-01,4.680955453946022971e-02,2.291941227254919444e-01,2.843609577219505802e-01,8.591103877148247026e-02,-9.325007086213363272e-02,1.179204958482585330e-01,1.564909441054003758e-01,8.032617283416436382e-02,-3.082847656594565194e-02,1.183587711217625078e-02,-7.964769642653383996e-02,1.164788067516615289e-01,1.344582312489643328e-01,5.282531020998824933e-02,2.239280830321931370e-01,1.223251860408198777e-01,1.476715372993322450e-01,2.463841610149151984e-02,7.846304122532973760e-16,7.846304122532973760e-16,7.846304122532973760e-16,7.846304122532973760e-16,7.846304122532973760e-16,7.846304122532973760e-16,7.846304122532973760e-16,7.846304122532973760e-16,7.846304122532973760e-16,7.846304122532973760e-16,7.846304122532973760e-16,7.846304122532973760e-16,7.846304122532973760e-16,7.846304122532973760e-16,7.846304122532973760e-16,7.846304122532973760e-16,7.846304122532973760e-16,7.846304122532973760e-16,7.846304122532973760e-16,7.846304122532973760e-16,7.846304122532973760e-16,7.846304122532973760e-16,7.846304122532973760e-16,7.846304122532973760e-16,7.846304122532973760e-16,7.846304122532973760e-16,7.846304122532973760e-16,7.846304122532973760e-16,7.846304122532973760e-16,7.846304122532973760e-16,7.846304122532973760e-16,7.846304122532973760e-16,7.846304122532973760e-16,7.846304122532973760e-16,7.846304122532973760e-16,7.846304122532973760e-16,7.846304122532973760e-16,7.846304122532973760e-16,7.846304122532973760e-16,7.846304122532973760e-16,7.846304122532973760e-16,7.846304122532973760e-16,7.846304122532973760e-16,7.846304122532973760e-16,7.846304122532973760e-16,7.846304122532973760e-16,7.846304122532973760e-16,7.846304122532973760e-16,7.846304122532973760e-16,7.846304122532973760e-16,7.846304122532973760e-16,7.846304122532973760e-16
5.683110097802468940e-16,5.683110097802468940e-16,5.683110097802468940e-16,5.683110097802468940e-16,5.683110097802468940e-16,5.683110097802468940e-16,5.683110097802468940e-16,5.683110097802468940e-16,5.683110097802468940e-16,5.683110097802468940e-16,5.683110097802468940e-16,5.683110097802468940e-16,5.683110097802468940e-16,5.683110097802468940e-16,5.683110097802468940e-16,5.683110097802468940e-16,5.683110097802468940e-16,5.683110097802468940e-16,5.683110097802468940e-16,5.683110097802468940e-16,5.683110097802468940e-16,5.683110097802468940e-16,5.683110097802468940e-16,5.683110097802468940e-16,5.683110097802468940e-16,5.683110097802468940e-16,5.683110097802468940e-16,5.683110097802468940e-16,5.683110097802468940e-16,5.683110097802468940e-16,5.683110097802468940e-16,-1.829655596491010228e-02,3.463536893828116359e-01,-1.903391109695714012e-01,5.683110097802468940e-16,5.683110097802468940e-16,3.141930964617155042e-01,-1.585178779462038390e-01,-1.298980270322013797e-01,-7.303530938868446620e-01,-8.024588095812269506e-01,-7.005422869068452796e-01,-9.556456819206935460e-01,-6.475286315327157816e-01,-6.996380038354563791e-01,-5.695903046097081646e-01,-6.671057479081097252e-01,-3.146868621012278711e-01,-1.420108389768036439e+00,-3.921773140451947359e-01,-6.364304027850669065e-01,-5.057938452307876309e-01,-6.001563588416012340e-01,-3.252806627296599418e-01,-4.851336503613037920e-01,-3.054807605745862159e-02,-1.783630317442586044e-01,-2.215479270736944728e-01,-3.765838838684233414e-01,1.548423822223268104e-02,-4.131801651976738654e-01,2.353601260936022121e-01,-5.139368917070252785e-01,-5.641131637894274131e-02,-4.485331226623138212e-01,-3.656028933556144112e-01,-3.837878979689275383e-01,-3.104728283015168594e-02,1.141989286104526380e-02,4.386660190572365670e-01,1.548248595546162232e-01,-2.299182294310584407e-01,-4.715602657798366737e-01,-6.114748494985389193e-01,-3.352332933814478610e-01,-5.605161255067299120e-01,-2.824452636416160956e-01,-1.484376679399034837e-01,-2.415050176883367927e-01,-1.555925314346029431e-01,-2.653692282054288532e-01,-6.465657953099966937e-01,-8.700339193820476602e-01,-5.203782125942650882e-01,-4.707944360732448374e-01,-7.707496605953319257e-02,-1.408572503319174551e-01,-2.233499298768754082e-01,-4.077316876464642803e-01,-3.420148458435536831e-01,-2.361091003337018046e-01,-2.622572821653644803e-01,-2.370082856136349614e-01,7.021247734168842292e-02,-1.803384135395202925e-01,7.196495711912828663e-02,1.009649793061112438e-01,-1.516535929451505171e-01,-3.743737331334141549e-01,-3.332632924888746795e-02,-7.490488718135145385e-01,-4.095970644273654870e-01,-1.814409121341084563e-01,2.129987054691468429e-01,3.092377272448817993e-02,2.908974052470956195e-01,-4.458274089872956703e-01,-1.795049162780051888e-01,-8.611425700040924169e-02,6.974279297839172664e-02,4.759263886622355777e-01,7.118743175675459334e-01,5.570462954594246341e-01,6.828505644056954704e-01,4.337729673039114053e-01,4.608847928283771322e-01,5.398367362461346797e-02,-7.823187726670184639e-03,-2.812014087640280491e-01,1.579529190322636056e-01,6.496751087819251091e-02,6.483213544809447726e-02,-8.390582599922336016e-02,-1.993968419308134177e-02,-1.873300569486107681e-01,-2.935860227930951472e-01,-2.862464686394131652e-01,-2.887953193286707521e-01,-1.495131601381865238e-01,-4.582557709329514173e-02,-2.916118571260271630e-01,-2.983132619902977845e-01,3.682923117341300179e-01,2.851630242313892838e-01,-1.378230839254627749e-01,-1.376068495262095515e-01,-2.055137437974412229e-01,-4.092760195668043721e-01,-1.622939236935506124e-01,-1.783497236556977339e-02,1.798257258817737014e-02,1.506372932761315397e-01,-9.629812602694458323e-02,1.872134952312947548e-02,9.098994418571056120e-02,-5.593708982742145314e-02,1.797424700868565858e-02,4.910243052291845406e-02,5.906941306721791296e-02,-2.684474509063096703e-01,4.713782917579377452e-02,1.393912330892567095e-02,-2.167527455923430879e-01,-5.711015365489248430e-02,2.784426726412593880e-02,-1.490739362542966850e-01,3.183510838145200417e-01,5.683110097802468940e-16,5.683110097802468940e-16,5.683110097802468940e-16,5.683110097802468940e-16,5.683110097802468940e-16,5.683110097802468940e-16,5.683110097802468940e-16,5.683110097802468940e-16,5.683110097802468940e-16,5.683110097802468940e-16,5.683110097802468940e-16,5.683110097802468940e-16,5.683110097802468940e-16,5.683110097802468940e-16,5.683110097802468940e-16,5.683110097802468940e-16,5.683110097802468940e-16,5.683110097802468940e-16,5.683110097802468940e-16,5.683110097802468940e-16,5.683110097802468940e-16,5.683110097802468940e-16,5.683110097802468940e-16,5.683110097802468940e-16,5.683110097802468940e-16,5.683110097802468940e-16,5.683110097802468940e-16,5.683110097802468940e-16,5.683110097802468940e-16,5.683110097802468940e-16,5.683110097802468940e-16,5.683110097802468940e-16,5.683110097802468940e-16,5.683110097802468940e-16,5.683110097802468940e-16,5.683110097802468940e-16,5.683110097802468940e-16,5.683110097802468940e-16,5.683110097802468940e-16,5.683110097802468940e-16,5.683110097802468940e-16,5.683110097802468940e-16,5.683110097802468940e-16,5.683110097802468940e-16,5.683110097802468940e-16,5.683110097802468940e-16,5.683110097802468940e-16,5.683110097802468940e-16,5.683110097802468940e-16,5.683110097802468940e-16,5.683110097802468940e-16,5.683110097802468940e-16
7.558652106030769325e-16,7.558652106030769325e-16,7.558652106030769325e-16,7.558652106030769325e-16,7.558652106030769325e-16,7.558652106030769325e-16,7.558652106030769325e-16,7.558652106030769325e-16,7.558652106030769325e-16,7.558652106030769325e-16,7.558652106030769325e-16,7.558652106030769325e-16,7.558652106030769325e-16,7.558652106030769325e-16,7.558652106030769325e-16,7.558652106030769325e-16,7.558652106030769325e-16,7.558652106030769325e-16,7.558652106030769325e-16,7.558652106030769325e-16,7.558652106030769325e-16,7.558652106030769325e-16,7.558652106030769325e-16,7.558652106030769325e-16,7.558652106030769325e-16,7.558652106030769325e-16,7.558652106030769325e-16,7.558652106030769325e-16,7.558652106030769325e-16,7.558652106030769325e-16,7.558652106030769325e-16,1.856461924660503596e-02,-4.193834828871989551e-01,-5.238046622278361153e-02,7.558652106030769325e-16,7.558652106030769325e-16,4.439117902030035312e-01,1.238097009495159329e-01,1.823017576010207974e-01,3.989715600948066931e-02,-7.413929472281116650e-03,7.322565395682581468e-02,3.943894578673646789e-01,-3.561525262297794425e-01,-6.180914410305364814e-01,-7.077975305972902254e-01,-7.317787440418324074e-01,-5.947469220592846995e-01,-8.104716951154423699e-01,-6.777012110729184746e-01,-7.401763188529106863e-01,-6.734727114448585406e-01,-7.405084931138643523e-01,-3.179012318662394893e-02,-1.003816972589571532e-01,-4.515084273980964069e-02,-3.367666206729138523e-01,-4.635846790882785506e-01,-1.119015556813483858e+00,-1.058283299938076683e+00,-9.125401542892512818e-01,-1.012831140199049962e+00,-9.134539016238162334e-01,-5.985932727363787453e-01,-5.681024690091491802e-01,-8.379404888846466726e-01,-1.918435461229318628e-01,7.436358699425542340e-02,-8.493711223736334637e-02,-3.266425358987928296e-01,-5.999679094808136881e-01,-6.984010060044352208e-01,-3.820616186051112861e-01,-5.178912980725491888e-01,4.234142547084449038e-02,-1.697502541308500146e-01,-2.512285642031391042e-01,-5.303595237473898022e-02,-1.544303484761659351e-01,-4.325594022609492717e-02,-1.141168972987505748e-01,1.364610847054529841e-01,1.234280225966612327e-01,-1.139666596491480943e-01,-1.329099901714754506e-01,-1.128170774712868030e-02,-1.798108535800812535e-01,-1.741139326250966124e-01,2.000979739675881053e-01,-3.727117417828841317e-01,1.634801959766828960e-01,-1.685083533453194393e-01,-3.482294042855114680e-01,-5.281476069166179954e-01,-2.966980076588165427e-01,-1.027375849857083134e-01,-8.958292156082237057e-02,2.558905724177965024e-01,1.290263256453423046e-01,3.369386292777727387e-01,-2.710727169168490880e-01,3.327135266858340795e-02,1.021731919682492412e-01,-9.028155310064393813e-02,-1.404642035160025282e-03,-6.540489912181025878e-02,-3.165502871908290050e-01,7.169726637020269744e-02,4.045337901480301479e-01,2.113839737154424303e-01,-2.375689235786614950e-01,-4.464828463240931855e-01,-7.016978164451441735e-01,-7.286226781198823499e-01,-5.883469295801442289e-01,-5.770330032330917014e-01,-5.669254444315223740e-01,-3.372801789020688501e-01,-1.723526790283898824e-01,2.261846879822871359e-01,1.661985057679847277e-01,1.401612092050416036e-01,-1.391477269997911104e-01,-3.711539013208458582e-01,-1.453409191422282420e-01,-1.786803470267340210e-01,-2.720935436096659776e-01,-3.974136756176203100e-01,-1.453305054332410251e-01,7.355534953662722086e-04,-1.946605926050634094e-01,-1.598837603403977237e-01,2.886549528377569951e-01,2.293150593893812095e-01,5.846272988137092563e-02,-1.006731019306030261e-01,-5.771070888993137804e-02,-4.144198475025178130e-01,9.745684197692877637e-02,2.513852088382547562e-02,9.144853959608816030e-02,1.498266127163017103e-01,-9.809646909156144456e-02,2.309829329519855201e-02,5.215472391172799871e-02,-1.443491632221144405e-01,7.945223756284365557e-02,-9.351174345343724048e-02,-2.374423572674268235e-01,-1.131305818179451361e-01,1.562286396375567321e-03,-9.545389728097533610e-02,-3.937683136079331847e-01,-3.753658009571536613e-01,-2.616595661704515519e-01,-2.589846378407790750e-01,8.451992614090768352e-02,7.558652106030769325e-16,7.558652106030769325e-16,7.558652106030769325e-16,7.558652106030769325e-16,7.558652106030769325e-16,7.558652106030769325e-16,7.558652106030769325e-16,7.558652106030769325e-16,7.558652106030769325e-16,7.558652106030769325e-16,7.558652106030769325e-16,7.558652106030769325e-16,7.558652106030769325e-16,7.558652106030769325e-16,7.558652106030769325e-16,7.558652106030769325e-16,7.558652106030769325e-16,7.558652106030769325e-16,7.558652106030769325e-16,7.558652106030769325e-16,7.558652106030769325e-16,7.558652106030769325e-16,7.558652106030769325e-16,7.558652106030769325e-16,7.558652106030769325e-16,7.558652106030769325e-16,7.558652106030769325e-16,7.558652106030769325e-16,7.558652106030769325e-16,7.558652106030769325e-16,7.558652106030769325e-16,7.558652106030769325e-16,7.558652106030769325e-16,7.558652106030769325e-16,7.558652106030769325e-16,7.558652106030769325e-16,7.558652106030769325e-16,7.558652106030769325e-16,7.558652106030769325e-16,7.558652106030769325e-16,7.558652106030769325e-16,7.558652106030769325e-16,7.558652106030769325e-16,7.558652106030769325e-16,7.558652106030769325e-16,7.558652106030769325e-16,7.558652106030769325e-16,7.558652106030769325e-16,7.558652106030769325e-16,7.558652106030769325e-16,7.558652106030769325e-16,7.558652106030769325e-16
5.873657743743134826e-16,5.873657743743134826e-16,5.873657743743134826e-16,5.873657743743134826e-16,5.873657743743134826e-16,5.873657743743134826e-16,5.873657743743134826e-16,5.873657743743134826e-16,5.873657743743134826e-16,5.873657743743134826e-16,5.873657743743134826e-16,5.873657743743134826e-16,5.873657743743134826e-16,5.873657743743134826e-16,5.873657743743134826e-16,5.873657743743134826e-16,5.873657743743134826e-16,5.873657743743134826e-16,5.873657743743134826e-16,5.873657743743134826e-16,5.873657743743134826e-16,5.873657743743134826e-16,5.873657743743134826e-16,5.873657743743134826e-16,5.873657743743134826e-16,5.873657743743134826e-16,5.873657743743134826e-16,5.873657743743134826e-16,5.873657743743134826e-16,5.873657743743134826e-16,5.873657743743134826e-16,-7.615077113948376386e-03,5.785694289560386339e-02,-2.365866556018884209e-02,5.873657743743134826e-16,5.873657743743134826e-16,-3.590749574835905289e-02,1.580244324155002933e-01,5.735376752214080276e-02,-4.084531747721682482e-01,-2.865766119164395720e-01,-5.187691211529590896e-02,-2.594551228803972376e-01,-1.023621871828499952e+00,-1.060134178934146743e+00,-8.527544798398494219e-01,-9.536522306963204354e-01,-7.405741020265306229e-01,-6.300271232493017681e-01,-9.633468420652709918e-01,-4.928022519490894426e-01,-5.246126884373091270e-01,-4.089509748566115266e-01,-2.070308980747846972e-01,-3.554869515510152844e-01,-4.402713558274376493e-02,-3.511406816580830426e-01,-5.488205932404320864e-01,-9.567900617158404675e-01,-9.239451017949743550e-01,-4.681969561826416770e-01,-8.901932204771978441e-01,7.345860883702567956e-02,-6.083912874551831163e-01,-2.309022093284127108e-01,-2.555019142137259225e-01,-2.391875063740463436e-01,-6.963893160318304631e-02,1.457921639979439521e-01,-1.355571706387978352e-02,-5.221778014151128300e-01,-5.932695291890497380e-01,-6.328913718078303940e-01,-6.511764247051226029e-01,-5.117806965848165079e-01,-3.410072685601747700e-01,-6.643511646213365873e-01,-8.502682998373819467e-01,-4.367936345015521193e-01,7.285532104218592209e-02,-8.381146600402654412e-02,-3.278583148463032337e-01,-6.541238646214768693e-01,-4.027200694679001769e-01,1.191877350238089439e-02,-6.649053354825271156e-02,-5.920290278946960250e-01,-2.029216758734810611e-01,-4.606045981850875326e-01,-7.738147925496230428e-01,-6.279117007758410196e-01,-5.450156248845654527e-01,-1.204869584410008521e-01,1.329431525204017861e-01,1.187295321042614871e-01,-5.511385206195939385e-02,9.030127610667584848e-02,1.444136386564992269e-01,2.293619071913949661e-02,2.106374653805800079e-01,-4.676723089164545877e-02,1.769630651582869696e-01,5.661929088784162234e-02,-2.689728738269041575e-01,-4.447327509085278185e-01,-6.269612204292660529e-01,-4.184208323864442858e-01,-1.406874586778041614e-01,-5.248965276232359090e-01,-5.705148247981303156e-01,-4.878737681429639594e-01,-1.089857234430357258e-01,1.462961498870078425e-01,2.639316955909102869e-01,3.232309195403134661e-01,3.933977146039684958e-01,4.425313948491110816e-01,2.506191826085923391e-01,4.057815282143840130e-01,4.048956161824658895e-01,1.158650930588812356e-01,2.212298560069182393e-02,-4.951588482304103422e-02,-2.438901224902396969e-01,9.172713229882906161e-02,-5.308302678623708082e-02,3.078010110028395196e-03,-6.039116607688727045e-02,-1.045388230331843749e-01,-2.431260320751881254e-01,-2.266887531797548427e-01,-1.244414472986182657e-01,-4.586185756011505743e-02,-5.887962629312842866e-02,1.656935792854540845e-01,1.280823387648229172e-02,6.637118221305640664e-02,-2.703740763126066815e-01,5.068870368963834805e-02,7.322180086522790676e-02,1.133151547721471530e-01,2.281914146241569019e-01,-1.575788912214803883e-01,-7.336279061609787822e-02,2.108957933471243273e-01,-5.213711016216381749e-03,5.565116991016460374e-02,2.677807436987585804e-02,-5.594441790309998691e-02,5.151824344834433911e-02,-1.478632069661157122e-01,-1.134028345342079913e-01,-1.133094791707429660e-01,-2.029930307587032301e-01,-1.016855691853117138e-01,-2.757398507028047119e-01,-5.806246290559826662e-01,5.873657743743134826e-16,5.873657743743134826e-16,5.873657743743134826e-16,5.873657743743134826e-16,5.873657743743134826e-16,5.873657743743134826e-16,5.873657743743134826e-16,5.873657743743134826e-16,5.873657743743134826e-16,5.873657743743134826e-16,5.873657743743134826e-16,5.873657743743134826e-16,5.873657743743134826e-16,5.873657743743134826e-16,5.873657743743134826e-16,5.873657743743134826e-16,5.873657743743134826e-16,5.873657743743134826e-16,5.873657743743134826e-16,5.873657743743134826e-16,5.873657743743134826e-16,5.873657743743134826e-16,5.873657743743134826e-16,5.873657743743134826e-16,5.873657743743134826e-16,5.873657743743134826e-16,5.873657743743134826e-16,5.873657743743134826e-16,5.873657743743134826e-16,5.873657743743134826e-16,5.873657743743134826e-16,5.873657743743134826e-16,5.873657743743134826e-16,5.873657743743134826e-16,5.873657743743134826e-16,5.873657743743134826e-16,5.873657743743134826e-16,5.873657743743134826e-16,5.873657743743134826e-16,5.873657743743134826e-16,5.873657743743134826e-16,5.873657743743134826e-16,5.873657743743134826e-16,5.873657743743134826e-16,5.873657743743134826e-16,5.873657743743134826e-16,5.873657743743134826e-16,5.873657743743134826e-16,5.873657743743134826e-16,5.873657743743134826e-16,5.873657743743134826e-16,5.873657743743134826e-16
7.214666558239685955e-17,7.214666558239685955e-17,7.214666558239685955e-17,7.214666558239685955e-17,7.214666558239685955e-17,7.214666558239685955e-17,7.214666558239685955e-17,7.214666558239685955e-17,7.214666558239685955e-17,7.214666558239685955e-17,7.214666558239685955e-17,7.214666558239685955e-17,7.214666558239685955e-17,7.214666558239685955e-17,7.214666558239685955e-17,7.214666558239685955e-17,7.214666558239685955e-17,7.214666558239685955e-17,7.214666558239685955e-17,7.214666558239685955e-17,7.214666558239685955e-17,7.214666558239685955e-17,7.214666558239685955e-17,7.214666558239685955e-17,7.214666558239685955e-17,7.214666558239685955e-17,7.214666558239685955e-17,7.214666558239685955e-17,7.214666558239685955e-17,7.214666558239685955e-17,7.214666558239685955e-17,1.120970385905737873e-02,2.445292480674594038e-01,-9.171157304929798693e-02,7.214666558239685955e-17,7.214666558239685955e-17,1.899517572692392964e-01,3.096061575228598040e-04,-3.908236692714199545e-02,8.735973861962986753e-02,1.203471117012057667e-01,1.035666095342817755e-01,-2.293137272470179844e-01,-3.815447902291531079e-01,-4.366174051690669966e-01,-3.807471359433109992e-01,-5.909105988130092246e-01,-5.465076975558592620e-01,-8.966683778042888742e-01,-5.834550531844567844e-01,-1.175617263376104726e-01,-3.804469132689397570e-01,-1.113192604976293021e-01,-2.289604731997098019e-01,-5.687834893736096742e-01,-4.088422654940947198e-02,-1.318057440568780325e-01,-4.091510032653096207e-01,4.039158478173677375e-02,-5.165561522510524473e-01,-4.671951764530971607e-01,-7.037114146790098834e-01,-9.346882908728955108e-01,-7.904485842599809908e-01,-6.380197266273440748e-01,-3.668583137645586856e-01,5.281621527095636121e-02,9.611715151725236383e-02,-2.117126930470673019e-01,-5.038386061839646990e-01,-7.367224019656479217e-02,5.514211655205765172e-01,7.745903553335256597e-02,-3.425419453156852700e-01,-9.511733539056596576e-02,-1.930310438698790709e-01,-2.248952617558888645e-01,4.015062555765738089e-02,-5.564314590508679936e-01,-1.886658026746940164e-01,-4.096157908627716393e-02,1.118550070237780796e-02,3.933285956940858058e-02,-7.358249126526583694e-02,2.646007274159053457e-01,-1.230896216651912733e-01,7.554627694530823001e-02,-1.456591512413375478e-01,2.075082027236716808e-01,4.285624632814230561e-02,1.736078849362128473e-02,2.926279459781687686e-01,1.813440788201361176e-01,2.148134762094748851e-01,-2.699300228877141161e-01,-2.174649875820680867e-01,-1.709074056266483566e-01,-4.375816649533257885e-01,-4.320884896193807889e-01,-1.786605324268686623e-01,-1.998489397349177965e-01,2.308384734316906717e-01,-1.264664093074517326e-01,1.647370520521675985e-01,-5.260004134918598584e-02,-4.894058176372949320e-02,-2.476361568200698415e-01,-3.821765397734716574e-01,-3.163324776566813767e-01,-1.823591370861449845e-01,1.994742235586805523e-01,1.401110063693933594e-01,7.822523353702322269e-02,-6.732748695844914533e-02,-3.271202061309931297e-01,-2.170050529981021881e-01,-1.229261746544862977e-01,-2.640895769581002098e-02,4.424168287497549923e-02,7.672589295995360659e-02,-1.491373006671531387e-01,-1.952006334196043913e-01,-1.785806907729725057e-01,-3.616483657313287470e-01,-7.926028071589592827e-02,-7.716745054551396588e-02,-7.440920406042826618e-02,-9.220023237197641497e-02,-9.824072704102140841e-02,-1.625608114430888151e-01,-1.498960888540799286e-01,-5.636227903987840043e-02,9.431572623646060360e-02,1.433593013477993394e-01,5.138092550873974568e-02,3.558625743582117390e-02,4.424851585007212595e-02,2.808833456679575569e-02,6.031756671858472252e-02,7.898846085513661075e-02,-9.287574178452176477e-02,1.142108235696285279e-01,-5.755371619834950131e-02,-4.219969867876348091e-01,-1.698095184868513852e-01,-6.565363273425176005e-02,7.959666742040141796e-04,5.590539756878560446e-02,1.296875151137983906e-01,-2.127075673286973889e-03,-7.373061985171724952e-02,-3.501447040122472598e-02,1.953416336244001850e-01,1.021283023865306450e-01,-1.147761272772110930e-01,-5.170745319802147466e-02,-3.338807353925737215e-02,7.214666558239685955e-17,7.214666558239685955e-17,7.214666558239685955e-17,7.214666558239685955e-17,7.214666558239685955e-17,7.214666558239685955e-17,7.214666558239685955e-17,7.214666558239685955e-17,7.214666558239685955e-17,7.214666558239685955e-17,7.214666558239685955e-17,7.214666558239685955e-17,7.214666558239685955e-17,7.214666558239685955e-17,7.214666558239685955e-17,7.214666558239685955e-17,7.214666558239685955e-17,7.214666558239685955e-17,7.214666558239685955e-17,7.214666558239685955e-17,7.214666558239685955e-17,7.214666558239685955e-17,7.214666558239685955e-17,7.214666558239685955e-17,7.214666558239685955e-17,7.214666558239685955e-17,7.214666558239685955e-17,7.214666558239685955e-17,7.214666558239685955e-17,7.214666558239685955e-17,7.214666558239685955e-17,7.214666558239685955e-17,7.214666558239685955e-17,7.214666558239685955e-17,7.214666558239685955e-17,7.214666558239685955e-17,7.214666558239685955e-17,7.214666558239685955e-17,7.214666558239685955e-17,7.214666558239685955e-17,7.214666558239685955e-17,7.214666558239685955e-17,7.214666558239685955e-17,7.214666558239685955e-17,7.214666558239685955e-17,7.214666558239685955e-17,7.214666558239685955e-17,7.214666558239685955e-17,7.214666558239685955e-17,7.214666558239685955e-17,7.214666558239685955e-17,7.214666558239685955e-17
6.900778305332429139e-16,6.900778305332429139e-16,6.900778305332429139e-16,6.900778305332429139e-16,6.900778305332429139e-16,6.900778305332429139e-16,6.900778305332429139e-16,6.900778305332429139e-16,6.900778305332429139e-16,6.900778305332429139e-16,6.900778305332429139e-16,6.900778305332429139e-16,6.900778305332429139e-16,6.900778305332429139e-16,6.900778305332429139e-16,6.900778305332429139e-16,6.900778305332429139e-16,6.900778305332429139e-16,6.900778305332429139e-16,6.900778305332429139e-16,6.900778305332429139e-16,6.900778305332429139e-16,6.900778305332429139e-16,6.900778305332429139e-16,6.900778305332429139e-16,6.900778305332429139e-16,6.900778305332429139e-16,6.900778305332429139e-16,6.900778305332429139e-16,6.900778305332429139e-16,6.900778305332429139e-16,-2.950694484758986658e-03,-3.716365088076225565e-01,2.258454749974135589e-02,6.900778305332429139e-16,6.900778305332429139e-16,-1.742376005743040412e-02,1.674783191321153331e-01,-1.374946538641520777e-02,4.727889041052361907e-02,3.794662923727204484e-02,-2.038291036090454644e-01,-1.962916386012070191e-01,1.438237079989948541e-01,2.071259813219249457e-01,3.695461791279449626e-01,2.532294313982093592e-01,-2.082925700654453954e-02,-4.816854726949946763e-01,-1.525141462714334761e-01,-7.494643475566364899e-02,1.024686967519413960e-01,-1.443713210860633755e-01,-7.059265340537759781e-03,-1.580648624012499781e-02,-4.571238231668488250e-02,-4.327464972622830502e-02,-3.856217643352983782e-01,-2.812336667359918718e-02,-2.669069738354161170e-01,-2.303014537648568061e-01,-2.511386010548387338e-02,-5.825328549516808341e-01,-3.259996678664077718e-01,-5.825196722202983235e-01,-4.274770590977368112e-01,6.876257618874412336e-02,2.042082347007125598e-01,1.909117566000363697e-01,-1.760844388484439360e-01,-3.846063348291002271e-01,-3.108127984598860749e-01,-9.633945650289350571e-01,-1.023857646699052992e+00,-7.976912867687673270e-01,-6.738036858677628471e-01,-8.226742121809915709e-01,-3.987733469821093113e-01,-6.387946573307452525e-01,9.276873738476392600e-03,4.739898219131226387e-02,-3.474790006143800292e-01,-1.714017692370118917e-01,-3.444543657471927922e-01,-2.459077642288396426e-01,-2.665571339680611884e-01,1.446316545637120199e-01,-2.084713828857174822e-01,-1.082437022053596432e-01,1.892473638557816140e-01,-2.903376224127216521e-01,-5.434261212944428987e-01,-8.322863001881796174e-01,-7.976118781155119297e-01,-7.337227571924531677e-01,-3.714103729078762628e-01,1.783033028261243533e-02,-5.234915347609555569e-01,-3.846259999458685463e-01,-4.645785118467925523e-01,-3.687058327701173699e-01,-7.524216232165864549e-02,-5.610663457879734306e-01,-6.350873837541657352e-01,-6.445269512618201357e-01,7.331202587445496965e-02,-1.087510974467123803e-01,-1.106322015027602912e-01,3.308373085408181646e-01,4.562177855951931593e-01,-3.980605401986483938e-02,-2.952343718348112156e-01,-1.556016561169071277e-01,-3.728440588952435242e-01,-4.590739299799870832e-01,-3.242783633722691183e-01,-2.975024736357860800e-01,-1.495193824485280265e-01,-2.915897811696604447e-01,-1.989350318876923485e-01,-3.824839097723491399e-01,-3.481117333124623681e-01,-2.464078567131166853e-01,-3.093142472386533615e-01,-2.355817179187781329e-01,-5.071502401743814559e-02,-1.275085914572456347e-01,-2.339834897055555474e-01,1.260784959121927229e-01,-3.089775049585952865e-02,-2.179214220131015511e-01,-1.619307837460544353e-01,-2.960036306194668287e-01,-4.510145005795341833e-01,-4.084101486179723128e-01,-2.406205442376718739e-01,-9.153660668417828994e-02,-1.319245846471519545e-01,-4.193441761903677345e-01,-3.222967158894907147e-01,-2.536285152732288828e-01,-6.657094234177102221e-02,-1.229153138732504008e-01,-3.508007379669266790e-01,-2.556481532311042915e-01,-6.145748298951992511e-02,4.090006566007439726e-02,-1.489087364342471520e-02,-3.702777045546280787e-02,3.100010329399944739e-02,-9.968386142932504634e-02,-2.978711071004463973e-02,1.031220982629185989e-01,-1.807833876305791065e-01,-2.585809913363001367e-01,-1.538358634280208651e-02,6.227576142858612385e-02,6.900778305332429139e-16,6.900778305332429139e-16,6.900778305332429139e-16,6.900778305332429139e-16,6.900778305332429139e-16,6.900778305332429139e-16,6.900778305332429139e-16,6.900778305332429139e-16,6.900778305332429139e-16,6.900778305332429139e-16,6.900778305332429139e-16,6.900778305332429139e-16,6.900778305332429139e-16,6.900778305332429139e-16,6.900778305332429139e-16,6.900778305332429139e-16,6.900778305332429139e-16,6.900778305332429139e-16,6.900778305332429139e-16,6.900778305332429139e-16,6.900778305332429139e-16,6.900778305332429139e-16,6.900778305332429139e-16,6.900778305332429139e-16,6.900778305332429139e-16,6.900778305332429139e-16,6.900778305332429139e-16,6.900778305332429139e-16,6.900778305332429139e-16,6.900778305332429139e-16,6.900778305332429139e-16,6.900778305332429139e-16,6.900778305332429139e-16,6.900778305332429139e-16,6.900778305332429139e-16,6.900778305332429139e-16,6.900778305332429139e-16,6.900778305332429139e-16,6.900778305332429139e-16,6.900778305332429139e-16,6.900778305332429139e-16,6.900778305332429139e-16,6.900778305332429139e-16,6.900778305332429139e-16,6.900778305332429139e-16,6.900778305332429139e-16,6.900778305332429139e-16,6.900778305332429139e-16,6.900778305332429139e-16,6.900778305332429139e-16,6.900778305332429139e-16,6.900778305332429139e-16
8.859439482590422928e-16,8.859439482590422928e-16,8.859439482590422928e-16,8.859439482590422928e-16,8.859439482590422928e-16,8.859439482590422928e-16,8.859439482590422928e-16,8.859439482590422928e-16,8.859439482590422928e-16,8.859439482590422928e-16,8.859439482590422928e-16,8.859439482590422928e-16,8.859439482590422928e-16,8.859439482590422928e-16,8.859439482590422928e-16,8.859439482590422928e-16,8.859439482590422928e-16,8.859439482590422928e-16,8.859439482590422928e-16,8.859439482590422928e-16,8.859439482590422928e-16,8.859439482590422928e-16,8.859439482590422928e-16,8.859439482590422928e-16,8.859439482590422928e-16,8.859439482590422928e-16,8.859439482590422928e-16,8.859439482590422928e-16,8.859439482590422928e-16,8.859439482590422928e-16,8.859439482590422928e-16,8.990511831239292317e-03,2.594148063707979457e-01,-7.069870585324190826e-02,8.859439482590422928e-16,8.859439482590422928e-16,1.276862406050431331e-01,6.199621546295364105e-02,9.640976798979448981e-02,8.933319641058956595e-02,1.609319762582725188e-01,2.658924530451004520e-01,-1.480374410618580661e-01,5.967456859636849353e-01,5.295027061514107070e-01,4.946961778643376162e-01,6.373645228272630803e-01,5.543270405511622201e-01,5.603166944781979852e-01,3.337276725627250640e-01,1.360704587313416036e-01,1.221626523020536981e-01,1.610852750344561324e-01,9.689464596014341069e-02,7.941772947321390497e-02,1.732670719667105119e-01,3.476894635419014445e-01,3.463766021316743160e-01,7.911930655575043492e-01,8.195328892890018091e-01,3.349272618302271964e-01,7.005656510218840616e-01,3.525656729306393400e-01,3.940969819885156156e-01,4.309290536505980262e-01,4.942228815925812646e-01,1.734566776599485438e-01,1.167157362104429552e-01,1.627360700736478760e-01,4.272602226406465586e-01,6.754962929902027513e-01,3.764620467894059797e-01,-3.717087052406876646e-01,-8.219833389216499864e-01,-8.390613729462415016e-01,-6.552136717244286812e-01,-5.144488582505430951e-01,-1.233035589031601653e-01,-1.353870391453290134e-01,-4.209726559074519064e-02,-8.484987544846026020e-02,-2.475814075348398147e-01,-3.743826228535147571e-01,-2.339612417988675142e-01,-1.940868065282004284e-01,-4.436307168519736388e-01,1.054841129479337919e-01,-3.553286893926869694e-01,-4.208844581836478360e-01,-3.309574867489635808e-01,-4.881061319495094142e-01,-3.957916157643174837e-01,-1.415404048342029097e-01,-2.173441888585675996e-01,-1.761558600996075696e-01,-1.771959670131093290e-01,-2.048737653651542812e-01,-7.800924278126061262e-01,-7.394541117660807794e-01,-5.094166384674316816e-01,-3.879815712478524858e-01,-3.441234283115838233e-01,-6.684589147736114123e-01,-2.274071720488236581e-01,-2.355307175122368091e-01,-2.367352091335908348e-01,-8.877632235086571622e-02,-7.525471389177433579e-02,-5.134677307728610085e-01,-7.745780611692688611e-01,-7.066497681490732097e-01,-4.316174112585691724e-01,-1.866281610018085679e-01,-1.062247130217264246e-01,2.295907299321522654e-01,1.143052607672303267e-01,2.144780722172904275e-01,8.459375152361581218e-02,-4.845498016117125162e-02,-9.938720870255034201e-02,-5.613174656906669280e-02,-1.017806231910486914e-01,1.975697638777999463e-02,2.774637203906603622e-01,6.835976567757839906e-02,1.056679906409018974e-02,-7.266214654107804038e-02,7.577897341780021057e-03,1.842438740272435427e-02,-1.069927080417552578e-01,-1.409983704744542377e-01,-2.523415886464048241e-01,-3.505258667061106892e-01,-3.816272188079000705e-01,-1.485079982595333692e-01,-2.299817576868227742e-01,-2.085374404284185135e-01,-2.768235132172623958e-01,-1.900416398435368637e-01,-3.057121656001907661e-01,-3.535017528250868901e-01,-1.982295087751698714e-01,-6.071566916385216089e-02,-2.791450255070591080e-01,-2.151317206412740879e-01,-1.147912106708012629e-02,1.956452000130642632e-01,7.773255228522121807e-02,-1.584238629896973435e-02,-3.779698251660562613e-02,-3.707391180159381322e-02,-6.095032639120621237e-03,3.328151365826409469e-02,-7.057162905408398412e-02,-2.405846062641380789e-01,-1.332112068353977219e-01,1.390913792116044989e-01,8.859439482590422928e-16,8.859439482590422928e-16,8.859439482590422928e-16,8.859439482590422928e-16,8.859439482590422928e-16,8.859439482590422928e-16,8.859439482590422928e-16,8.859439482590422928e-16,8.859439482590422928e-16,8.859439482590422928e-16,8.859439482590422928e-16,8.859439482590422928e-16,8.859439482590422928e-16,8.859439482590422928e-16,8.859439482590422928e-16,8.859439482590422928e-16,8.859439482590422928e-16,8.859439482590422928e-16,8.859439482590422928e-16,8.859439482590422928e-16,8.859439482590422928e-16,8.859439482590422928e-16,8.859439482590422928e-16,8.859439482590422928e-16,8.859439482590422928e-16,8.859439482590422928e-16,8.859439482590422928e-16,8.859439482590422928e-16,8.859439482590422928e-16,8.859439482590422928e-16,8.859439482590422928e-16,8.859439482590422928e-16,8.859439482590422928e-16,8.859439482590422928e-16,8.859439482590422928e-16,8.859439482590422928e-16,8.859439482590422928e-16,8.859439482590422928e-16,8.859439482590422928e-16,8.859439482590422928e-16,8.859439482590422928e-16,8.859439482590422928e-16,8.859439482590422928e-16,8.859439482590422928e-16,8.859439482590422928e-16,8.859439482590422928e-16,8.859439482590422928e-16,8.859439482590422928e-16,8.859439482590422928e-16,8.859439482590422928e-16,8.859439482590422928e-16,8.859439482590422928e-16
6.482635962271448753e-16,6.482635962271448753e-16,6.482635962271448753e-16,6.482635962271448753e-16,6.482635962271448753e-16,6.482635962271448753e-16,6.482635962271448753e-16,6.482635962271448753e-16,6.482635962271448753e-16,6.482635962271448753e-16,6.482635962271448753e-16,6.482635962271448753e-16,6.482635962271448753e-16,6.482635962271448753e-16,6.482635962271448753e-16,6.482635962271448753e-16,6.482635962271448753e-16,6.482635962271448753e-16,6.482635962271448753e-16,6.482635962271448753e-16,6.482635962271448753e-16,6.482635962271448753e-16,6.482635962271448753e-16,6.482635962271448753e-16,6.482635962271448753e-16,6.482635962271448753e-16,6.482635962271448753e-16,6.482635962271448753e-16,6.482635962271448753e-16,6.482635962271448753e-16,6.482635962271448753e-16,-1.224210190638157052e-03,-1.154915445071302560e-01,1.216492769665170406e-02,6.482635962271448753e-16,6.482635962271448753e-16,-2.094456482196446201e-01,1.337132811870593851e-01,2.768772556242016930e-02,-8.951905515641370159e-02,-1.448528956717663740e-01,-8.601196412135736491e-02,9.927682360930845107e-02,5.085761435158775434e-01,5.120930401147254507e-01,3.223504487469614488e-01,5.469333287658340037e-01,5.500194362057713171e-01,9.298911437633748944e-01,5.706125330712618071e-01,9.363292492894678687e-02,5.358130223087613497e-02,9.525294645966504714e-02,-1.304260894477653199e-02,-6.186551703120739265e-02,-3.426947681293846526e-01,-1.953856253103027907e-01,7.283116064299116621e-02,2.932361325484572623e-01,9.448810535382530240e-01,7.233814663881280582e-01,1.016692061094305544e+00,9.879784548172145797e-01,8.585985035858720860e-01,7.303861508728020091e-01,7.557636862291982061e-01,2.502750458794283928e-01,-7.871923692972751518e-03,-7.683353538290835921e-03,-1.127110994455202408e-01,-3.897336294467830531e-02,-1.709777624907914129e-01,-3.481874673791990338e-01,-4.063787385641579042e-01,-5.154981939769593957e-01,-5.810497997005349413e-01,-3.729749339679804820e-01,-9.662666961603533222e-03,-3.917601372529333492e-01,-3.655082541196773283e-02,-2.210739346322643240e-02,-2.292374910877670313e-01,-5.543365601888011751e-01,-4.975557401502276322e-01,-6.502281967791847528e-01,-5.495408233630285633e-01,-6.469376077054753704e-01,-5.738684478398390354e-01,-6.784013872425470604e-01,-3.272143807858521880e-01,-3.273703771249327765e-01,-4.685715688699668147e-02,-2.810433253368642692e-01,-5.391445236128455942e-01,-4.212545992087209923e-01,-2.874044657073590026e-01,-7.840881297344955148e-02,-8.914384233478311881e-01,-1.100310365465742901e+00,-5.857962967501324503e-01,-6.032919956971887210e-01,-3.588129329362589326e-01,-7.659432981435521093e-01,-7.765664001755441248e-01,-1.148235048392415303e-01,-5.140766839098271923e-01,-3.695387286450927400e-01,-4.626707289490594732e-01,-4.947583597918465692e-01,-3.216780067718055802e-01,-2.098025655838248182e-01,-3.724963912191231463e-01,-4.752293789791824929e-01,-4.554929473825441999e-01,-2.393810207009547941e-01,-2.351608620438452590e-01,-2.286607445982293263e-01,-1.544905513452975998e-01,-1.306125952627995856e-01,-5.229988189573279989e-02,5.709635853897354618e-02,3.841046103466162764e-02,-2.209580881702102595e-01,1.860863081153810716e-01,4.093291071558494143e-02,-3.899058246217051993e-02,3.727813882046372707e-02,7.893476842729948983e-02,1.548992317479442327e-01,-1.391549901767064057e-02,-1.342423012223780965e-01,-1.327532443575723531e-01,-1.366396420754978080e-01,-1.715653746606168317e-01,1.552003786104374505e-01,2.385159028860909525e-01,1.339158888226505140e-01,-3.124009204985989663e-01,-2.835407281222555587e-01,2.007804079784623885e-02,-2.213092685498486978e-01,-1.929818962167324514e-01,8.953232676969789805e-02,-1.711361221776884212e-01,-1.162665028788365806e-01,1.796783520138220402e-02,-6.097959436298888702e-02,-3.805617598995640893e-01,-3.635643695394079056e-01,2.248661836463350938e-01,1.381231372394936888e-02,-2.118954067998076174e-01,-1.066222265564610860e-01,-2.360883916818647468e-02,-4.719527165718928607e-02,-4.073693984672073498e-02,-1.077196738341898996e-01,6.482635962271448753e-16,6.482635962271448753e-16,6.482635962271448753e-16,6.482635962271448753e-16,6.482635962271448753e-16,6.482635962271448753e-16,6.482635962271448753e-16,6.482635962271448753e-16,6.482635962271448753e-16,6.482635962271448753e-16,6.482635962271448753e-16,6.482635962271448753e-16,6.482635962271448753e-16,6.482635962271448753e-16,6.482635962271448753e-16,6.482635962271448753e-16,6.482635962271448753e-16,6.482635962271448753e-16,6.482635962271448753e-16,6.482635962271448753e-16,6.482635962271448753e-16,6.482635962271448753e-16,6.482635962271448753e-16,6.482635962271448753e-16,6.482635962271448753e-16,6.482635962271448753e-16,6.482635962271448753e-16,6.482635962271448753e-16,6.482635962271448753e-16,6.482635962271448753e-16,6.482635962271448753e-16,6.482635962271448753e-16,6.482635962271448753e-16,6.482635962271448753e-16,6.482635962271448753e-16,6.482635962271448753e-16,6.482635962271448753e-16,6.482635962271448753e-16,6.482635962271448753e-16,6.482635962271448753e-16,6.482635962271448753e-16,6.482635962271448753e-16,6.482635962271448753e-16,6.482635962271448753e-16,6.482635962271448753e-16,6.482635962271448753e-16,6.482635962271448753e-16,6.482635962271448753e-16,6.482635962271448753e-16,6.482635962271448753e-16,6.482635962271448753e-16,6.482635962271448753e-16
7.078253206604049260e-16,7.078253206604049260e-16,7.078253206604049260e-16,7.078253206604049260e-16,7.078253206604049260e-16,7.078253206604049260e-16,7.078253206604049260e-16,7.078253206604049260e-16,7.078253206604049260e-16,7.078253206604049260e-16,7.078253206604049260e-16,7.078253206604049260e-16,7.078253206604049260e-16,7.078253206604049260e-16,7.078253206604049260e-16,7.078253206604049260e-16,7.078253206604049260e-16,7.078253206604049260e-16,7.078253206604049260e-16,7.078253206604049260e-16,7.078253206604049260e-16,7.078253206604049260e-16,7.078253206604049260e-16,7.078253206604049260e-16,7.078253206604049260e-16,7.078253206604049260e-16,7.078253206604049260e-16,7.078253206604049260e-16,7.078253206604049260e-16,7.078253206604049260e-16,7.078253206604049260e-16,7.855270561602054058e-03,5.467654336590944963e-02,-4.121326825412950645e-02,7.078253206604049260e-16,7.078253206604049260e-16,-3.804526350572550175e-01,-5.292121224051966194e-02,3.056175267357055803e-02,1.311750606461964674e-01,1.506119583620524061e-01,9.908176021666412203e-02,1.075014974153981895e-01,-4.868182240282573764e-02,-9.109479757522850885e-02,-4.434410578716514728e-02,1.818199730586730345e-01,2.208998446982788355e-01,3.255807096095597597e-01,4.482150343253519242e-01,1.880160642510973479e-01,3.578328604920658074e-01,4.578422920532501661e-01,5.674102133334851805e-01,3.705400605833489847e-01,2.370263570279205201e-01,1.579829671750975773e-01,1.961698488652101335e-01,7.321827446582057641e-02,1.408697510566162547e-01,9.484702620893817326e-02,1.211389137432421492e-01,3.942615598909683383e-01,3.698048042635986299e-01,2.110097071461833340e-01,3.678740945051832689e-01,1.608782665232249276e-01,7.536578257112970525e-02,1.309752129137131127e-01,-6.938389535854677659e-02,-1.360384055993892061e-01,-3.931703502550648599e-01,-1.680613029430246819e-01,-3.730982274516506103e-02,-9.695985806055042178e-02,-3.078883816278297769e-01,-5.990456499127503331e-01,-3.630735313762373795e-01,-6.502099564159281586e-01,-4.606312482965673194e-01,-3.699623465688048340e-01,-1.085258947482543868e-01,-6.940519253922763365e-01,-4.745484916390275143e-01,-6.380547999338261889e-01,-5.982453143569229637e-01,-1.056761986329867842e+00,-6.423700739353824796e-01,-7.892537521978524317e-01,-3.734784723533449702e-01,-8.791169615012859317e-01,-7.715443429040140799e-01,-8.162423097496276370e-01,-8.598358775423667888e-01,-5.236648199443005858e-01,-7.660595418896196107e-02,2.211343620439569224e-01,-2.374524003074486300e-01,-3.537014397374786401e-01,-4.086958745367583745e-01,-2.325930219492341744e-01,1.090253899203465771e-01,-1.989737168595935302e-01,-8.045244523986004870e-01,-6.268990162575710512e-01,-6.224954572454777235e-01,-5.991762022026468903e-01,-6.204561542931104068e-01,-6.344383382729843479e-01,-9.019933103971813360e-01,-7.638567398244050510e-01,-7.651611611171111882e-01,-5.172882799452525049e-01,-4.597115763287844548e-01,-5.025254748464386134e-01,-1.631478338307072173e-01,-2.841499761313550643e-01,-2.145686846386336832e-01,-8.914449011592553984e-02,-7.162220122192626548e-02,-5.649039171620968969e-03,6.145223403810919777e-02,-6.830228590958198343e-02,2.153371076224672442e-01,-2.034581240930492529e-01,-2.248534126829955793e-01,-2.297493298989825711e-02,8.952325828527399332e-02,-2.875053581942835224e-02,-2.331170004374090998e-01,-9.646187408631363980e-02,2.144475803773141995e-02,1.226535525979711994e-01,-3.458651568102118212e-02,2.307812155277220723e-01,3.501940796148403923e-01,2.630189523374336646e-01,-3.147519470834523325e-01,-3.468741078125418542e-01,-4.448356948641013497e-02,-2.056078739801676381e-01,-1.857687943846062506e-01,7.391421422795796392e-02,-1.269037628646864369e-01,6.311134451430701342e-03,-1.161605447536812885e-01,-2.317020053705118321e-01,-1.807060975905197542e-01,-1.180378260198930440e-01,-8.774397773059758321e-02,-1.042787422748558401e-01,-1.328122242202276204e-01,5.195808089433397170e-02,-1.825276214001355646e-01,-1.514724907300552259e-01,-7.530862238665239627e-02,-6.105659852672856713e-02,7.078253206604049260e-16,7.078253206604049260e-16,7.078253206604049260e-16,7.078253206604049260e-16,7.078253206604049260e-16,7.078253206604049260e-16,7.078253206604049260e-16,7.078253206604049260e-16,7.078253206604049260e-16,7.078253206604049260e-16,7.078253206604049260e-16,7.078253206604049260e-16,7.078253206604049260e-16,7.078253206604049260e-16,7.078253206604049260e-16,7.078253206604049260e-16,7.078253206604049260e-16,7.078253206604049260e-16,7.078253206604049260e-16,7.078253206604049260e-16,7.078253206604049260e-16,7.078253206604049260e-16,7.078253206604049260e-16,7.078253206604049260e-16,7.078253206604049260e-16,7.078253206604049260e-16,7.078253206604049260e-16,7.078253206604049260e-16,7.078253206604049260e-16,7.078253206604049260e-16,7.078253206604049260e-16,7.078253206604049260e-16,7.078253206604049260e-16,7.078253206604049260e-16,7.078253206604049260e-16,7.078253206604049260e-16,7.078253206604049260e-16,7.078253206604049260e-16,7.078253206604049260e-16,7.078253206604049260e-16,7.078253206604049260e-16,7.078253206604049260e-16,7.078253206604049260e-16,7.078253206604049260e-16,7.078253206604049260e-16,7.078253206604049260e-16,7.078253206604049260e-16,7.078253206604049260e-16,7.078253206604049260e-16,7.078253206604049260e-16,7.078253206604049260e-16,7.078253206604049260e-16
1.245404241107947337e-34,1.245404241107947337e-34,1.245404241107947337e-34,1.245404241107947337e-34,1.245404241107947337e-34,1.245404241107947337e-34,1.245404241107947337e-34,1.245404241107947337e-34,1.245404241107947337e-34,1.245404241107947337e-34,1.245404241107947337e-34,1.245404241107947337e-34,1.245404241107947337e-34,1.245404241107947337e-34,1.245404241107947337e-34,1.245404241107947337e-34,1.245404241107947337e-34,1.245404241107947337e-34,1.245404241107947337e-34,1.245404241107947337e-34,1.245404241107947337e-34,1.245404241107947337e-34,1.245404241107947337e-34,1.245404241107947337e-34,1.245404241107947337e-34,1.245404241107947337e-34,1.245404241107947337e-34,1.245404241107947337e-34,1.245404241107947337e-34,1.245404241107947337e-34,1.245404241107947337e-34,6.837430494280972515e-04,5.396756427400689442e-04,4.417934267119267558e-04,1.245404241107947337e-34,1.245404241107947337e-34,1.776716492148804581e-03,2.108238294213056821e-03,3.705870016168303673e-03,2.037038518819623244e-03,9.494387460017466359e-04,1.179280292377064398e-03,5.509153770480543222e-03,1.632458877673410337e-03,9.506941831394604943e-04,1.809430291168336296e-03,4.607103226263571877e-04,1.399893994848395214e-03,2.543268079620881073e-04,5.318604253165878232e-04,3.889299038558624317e-03,3.359120509766331305e-04,3.711124767483568775e-04,1.668155882693735700e-04,3.726728845863854769e-04,4.793128455514857836e-04,4.360034923282335396e-04,1.101420876501441829e-03,1.145034952364727731e-03,7.955065350115746170e-04,1.660623429790907034e-03,1.644000137606283852e-03,1.180397415772732996e-03,3.133734053882531248e-03,2.257590414215742292e-03,1.390604594953575484e-03,3.001226280321564639e-03,1.802093421528203239e-03,9.589746012937200260e-04,2.122773807716948121e-03,5.222391419702974470e-03,9.680972607317336540e-03,4.235780005972958860e-03,1.749759643093908891e-03,2.982294831889298250e-03,2.081242032675843789e-02,5.221514950104321623e-02,2.662772519439551844e-02,4.743342119466365837e-03,5.501254608363276982e-03,4.993082490012220286e-03,3.622403778979708944e-02,7.859156106048793833e-02,1.027323864827781319e-01,1.968753662147803007e-01,1.858792209692469444e-01,1.568360122442126192e-01,1.447905074373172507e-01,2.160999028816276979e-01,5.013007579604379649e-02,2.477369259237862664e-01,1.931538619902642140e-01,2.023103287271377504e-01,2.808669581239676138e-01,1.722691235745784644e-01,1.042513187546306175e-01,5.774841294179916540e-02,1.413360229269124135e-02,1.816619123579690451e-02,3.323116896498821971e-02,2.394929369712085060e-02,8.298271093841029858e-03,3.614377855161305525e-02,7.923005697826010496e-02,1.515909698339988065e-01,1.675542348960489814e-01,1.767749302951965307e-01,1.942293807191826094e-01,2.077346209838494551e-01,2.260299297360077175e-01,2.372602258715718615e-01,2.546415292383235052e-01,2.804746056101006246e-01,2.652128623636601512e-01,1.727156337279398546e-01,6.583156365522623010e-02,6.444788396260507646e-02,4.388559277238909123e-02,1.558391060089453668e-02,1.155259574820046049e-02,1.433359318518374892e-02,1.258244145689953880e-02,4.318781332248110803e-03,7.897179234469265882e-03,7.375983967852137863e-03,3.530822662741061983e-03,4.390139301734460701e-03,2.121515462133476051e-03,1.530381075709863004e-03,2.725160291497361748e-03,1.866616663072546934e-03,1.101980743815329008e-03,6.208990560998105777e-03,8.485907791401165953e-03,3.074888473815833370e-03,3.267869913316282481e-03,3.222083842563232443e-03,4.381570183065962125e-03,5.084432622063911507e-03,6.575431266629717941e-03,5.631237609308253032e-03,3.773882380434355130e-03,2.261713010481360836e-03,3.833973137157414834e-03,1.888450100188636968e-03,5.155454774008650862e-03,4.760048517792879116e-03,4.970371670888347818e-03,7.141767455304287582e-03,2.395514562799128111e-03,1.472295374509072826e-03,1.872570955338047002e-03,2.190875904023038400e-03,2.558300251422720214e-03,4.425275542184844979e-03,3.360774355972071664e-03,2.154117582186030819e-03,1.245404241107947337e-34,1.245404241107947337e-34,1.245404241107947337e-34,1.245404241107947337e-34,1.245404241107947337e-34,1.245404241107947337e-34,1.245404241107947337e-34,1.245404241107947337e-34,1.245404241107947337e-34,1.245404241107947337e-34,1.245404241107947337e-34,1.245404241107947337e-34,1.245404241107947337e-34,1.245404241107947337e-34,1.245404241107947337e-34,1.245404241107947337e-34,1.245404241107947337e-34,1.245404241107947337e-34,1.245404241107947337e-34,1.245404241107947337e-34,1.245404241107947337e-34,1.245404241107947337e-34,1.245404241107947337e-34,1.245404241107947337e-34,1.245404241107947337e-34,1.245404241107947337e-34,1.245404241107947337e-34,1.245404241107947337e-34,1.245404241107947337e-34,1.245404241107947337e-34,1.245404241107947337e-34,1.245404241107947337e-34,1.245404241107947337e-34,1.245404241107947337e-34,1.245404241107947337e-34,1.245404241107947337e-34,1.245404241107947337e-34,1.245404241107947337e-34,1.245404241107947337e-34,1.245404241107947337e-34,1.245404241107947337e-34,1.245404241107947337e-34,1.245404241107947337e-34,1.245404241107947337e-34,1.245404241107947337e-34,1.245404241107947337e-34,1.245404241107947337e-34,1.245404241107947337e-34,1.245404241107947337e-34,1.245404241107947337e-34,1.245404241107947337e-34,1.245404241107947337e-34
1.417109164033614143e-36,1.417109164033614143e-36,1.417109164033614143e-36,1.417109164033614143e-36,1.417109164033614143e-36,1.417109164033614143e-36,1.417109164033614143e-36,1.417109164033614143e-36,1.417109164033614143e-36,1.417109164033614143e-36,1.417109164033614143e-36,1.417109164033614143e-36,1.417109164033614143e-36,1.417109164033614143e-36,1.417109164033614143e-36,1.417109164033614143e-36,1.417109164033614143e-36,1.417109164033614143e-36,1.417109164033614143e-36,1.417109164033614143e-36,1.417109164033614143e-36,1.417109164033614143e-36,1.417109164033614143e-36,1.417109164033614143e-36,1.417109164033614143e-36,1.417109164033614143e-36,1.417109164033614143e-36,1.417109164033614143e-36,1.417109164033614143e-36,1.417109164033614143e-36,1.417109164033614143e-36,6.363019440050758559e-04,7.850468496227071139e-04,7.625419129865645398e-04,1.417109164033614143e-36,1.417109164033614143e-36,1.244382487657686625e-03,1.313757782843620690e-03,1.751363903156683693e-03,2.119608264532034988e-03,2.720641824325718567e-03,5.891230817567932529e-03,4.053825404413439852e-03,6.169767833474839756e-04,2.040694413438516564e-04,3.484947136231520272e-04,1.836166847947387081e-04,4.358817598403508459e-04,4.909378591195172727e-04,2.597235190703848801e-04,2.148101303173435492e-03,8.077718638469492561e-05,9.302144825752287278e-05,4.979549094916043122e-04,1.431989532776166548e-03,1.558586835035756079e-03,9.585427239065416431e-04,2.706727662381718403e-03,1.338400852982385468e-03,2.299181119544640214e-03,1.220631360401457782e-02,2.727825720004132398e-02,1.932209952353619586e-02,7.453062994707595687e-03,7.306691481967822130e-03,1.586462030217507604e-02,2.006376966747202509e-03,6.887306646394009439e-04,5.198901662276317684e-04,8.376068927578001573e-04,3.371341150977085789e-03,8.013928910698147126e-03,9.856432479940012252e-04,1.451639246491568270e-03,1.435737497122194402e-03,1.367432541607446414e-03,4.622074598374064161e-03,2.948620880466974389e-03,1.125638687018500885e-03,2.761758784454452793e-03,2.866915839986530247e-03,6.417385931668531662e-03,9.865287171510779898e-03,1.287476206907293237e-03,3.190787830733310317e-03,4.244731745824635409e-03,3.193137934262795354e-04,2.292722774234662135e-03,1.129307330658638675e-03,1.791217905779119574e-03,3.511924048519389822e-04,8.755705745944352856e-04,9.923304690691589838e-04,7.001635814837464189e-04,7.014245084310159013e-04,3.879704523027844871e-03,5.002008033953789928e-03,1.855321906691206543e-02,2.129765413871682542e-02,4.355133778236244292e-03,3.061696352587321788e-03,5.777764033198003711e-03,1.240405660189357155e-02,5.074024583389138976e-03,8.722855430361395887e-04,8.302878155042936253e-04,1.122419510548324038e-03,1.690961027426466853e-03,1.326105481709474341e-03,6.325210487458096729e-05,2.020941764028332790e-04,3.388420424523725695e-04,3.529777750209633458e-04,5.106551020317479008e-04,1.043131267607552964e-03,6.460993244692392161e-03,1.058546606156073565e-02,3.466021313580308974e-03,3.552663594976240326e-03,5.135241224870606101e-03,2.632379808688444997e-03,1.836550927273046703e-03,1.808389647758575167e-03,2.230593995508353602e-03,1.887618185111397109e-03,4.286924059667659818e-03,2.910346060088109255e-03,3.701193105292709205e-03,1.989501988721098340e-03,1.240283334683681821e-03,2.520555531557876986e-03,3.912045136859567361e-03,2.081416974570942172e-03,2.099388988782678340e-03,1.743076845169713382e-03,1.171544440228756284e-03,7.251486647656882464e-04,1.166520611955065715e-03,3.481276514667457252e-03,3.327893308677478280e-03,7.027764377741043018e-04,8.959640267430516369e-04,1.509110460736573381e-03,1.663532199710884450e-03,1.992329581657033451e-03,1.273916207280938661e-03,1.684834870468000486e-03,1.819679926004106555e-03,2.330643963799488867e-03,1.109910498730674140e-03,1.609084725548450088e-03,1.916621847338821800e-03,2.824378409188190060e-03,1.187827310824014770e-03,1.437616577516818072e-03,1.508362593994035670e-03,1.310625119734837220e-03,1.417109164033614143e-36,1.417109164033614143e-36,1.417109164033614143e-36,1.417109164033614143e-36,1.417109164033614143e-36,1.417109164033614143e-36,1.417109164033614143e-36,1.417109164033614143e-36,1.417109164033614143e-36,1.417109164033614143e-36,1.417109164033614143e-36,1.417109164033614143e-36,1.417109164033614143e-36,1.417109164033614143e-36,1.417109164033614143e-36,1.417109164033614143e-36,1.417109164033614143e-36,1.417109164033614143e-36,1.417109164033614143e-36,1.417109164033614143e-36,1.417109164033614143e-36,1.417109164033614143e-36,1.417109164033614143e-36,1.417109164033614143e-36,1.417109164033614143e-36,1.417109164033614143e-36,1.417109164033614143e-36,1.417109164033614143e-36,1.417109164033614143e-36,1.417109164033614143e-36,1.417109164033614143e-36,1.417109164033614143e-36,1.417109164033614143e-36,1.417109164033614143e-36,1.417109164033614143e-36,1.417109164033614143e-36,1.417109164033614143e-36,1.417109164033614143e-36,1.417109164033614143e-36,1.417109164033614143e-36,1.417109164033614143e-36,1.417109164033614143e-36,1.417109164033614143e-36,1.417109164033614143e-36,1.417109164033614143e-36,1.417109164033614143e-36,1.417109164033614143e-36,1.417109164033614143e-36,1.417109164033614143e-36,1.417109164033614143e-36,1.417109164033614143e-36,1.417109164033614143e-36
1.050016758682946067e-33,1.050016758682946067e-33,1.050016758682946067e-33,1.050016758682946067e-33,1.050016758682946067e-33,1.050016758682946067e-33,1.050016758682946067e-33,1.050016758682946067e-33,1.050016758682946067e-33,1.050016758682946067e-33,1.050016758682946067e-33,1.050016758682946067e-33,1.050016758682946067e-33,1.050016758682946067e-33,1.050016758682946067e-33,1.050016758682946067e-33,1.050016758682946067e-33,1.050016758682946067e-33,1.050016758682946067e-33,1.050016758682946067e-33,1.050016758682946067e-33,1.050016758682946067e-33,1.050016758682946067e-33,1.050016758682946067e-33,1.050016758682946067e-33,1.050016758682946067e-33,1.050016758682946067e-33,1.050016758682946067e-33,1.050016758682946067e-33,1.050016758682946067e-33,1.050016758682946067e-33,7.848558924330293783e-04,1.213400745489737545e-03,5.869142696643883791e-04,1.050016758682946067e-33,1.050016758682946067e-33,3.495892668306136569e-03,3.717732836634691715e-03,3.485937391101111716e-03,9.893969023748601897e-04,6.357455796349819992e-04,1.607896636316276948e-03,5.378166332691024232e-03,2.316591048819426155e-03,1.471539896755422964e-03,3.082973889257999405e-03,3.924394486473676441e-04,1.997048523207119088e-03,5.003330251463592197e-04,4.856661060526227332e-04,3.581314048529918304e-03,3.169075460974717746e-04,2.345744057298639117e-04,1.237800514227212624e-04,2.377109064635125131e-04,1.404846387410036953e-03,5.913875753203534126e-03,8.443577645813715726e-03,5.188475242990447760e-03,4.260082176423105396e-03,1.428324910794583329e-03,3.185794308827040369e-03,6.364113957220012040e-04,5.410943306241876131e-03,3.364440069940079128e-03,2.794881594697798313e-03,2.593738618525725376e-03,1.596637851464911525e-03,1.711233052504791902e-03,1.082546439602565273e-03,2.280952521253955083e-03,1.079196208770981900e-02,4.546861413130514479e-02,1.751545867982796587e-02,3.956731438090847763e-02,8.131424854897735532e-02,1.759725644834013725e-01,1.928876295919636913e-02,8.360417326426215767e-02,5.232958448057318905e-03,4.334398014030421513e-03,3.404597175095243344e-02,1.709292134287424270e-01,1.573720645964572229e-01,4.348634518847650787e-02,5.922506923639798970e-02,1.051095390771110971e-01,1.221010495808646790e-01,5.615221966560948047e-02,1.108305312606800153e-01,2.834040659078335828e-02,4.213419045457902912e-02,5.475654676426351675e-02,1.090577004492273260e-02,2.713095030406306035e-02,8.712519668158277136e-03,2.969909663934552566e-02,1.108701963330863405e-01,1.496232404992912379e-01,3.636318429451288609e-02,1.273732646841380656e-01,1.260279671156736871e-02,8.857303725898235669e-02,2.100096775071454980e-01,9.008150785427412877e-02,8.359290842272418254e-02,3.991896346752689395e-02,8.010405163593966454e-03,8.740589605640799228e-04,5.106735759658773219e-04,1.942866057448566644e-03,5.188105323976579218e-03,9.594786455746352445e-04,1.034378145852941910e-02,4.451159598846064769e-02,5.291084841008429629e-02,2.130379575745838111e-02,4.531373842809769542e-02,7.436249980302536873e-03,6.969088740782035558e-03,1.152567415026444463e-02,1.061145525081470115e-02,1.164331569990437187e-02,6.247516086430073001e-03,8.874485141086576115e-03,8.360180555361886728e-03,7.112945217260350193e-03,6.742616295171107929e-03,3.950697249648575660e-03,3.867381964791276414e-03,5.149279684246720577e-03,6.517767503327789001e-03,8.015533809001697263e-03,9.038835984316413372e-03,5.678453555509672956e-03,3.913359717912642463e-03,3.136347152673627913e-03,5.371425898109570204e-03,5.868138971986370037e-03,1.099521479452736546e-02,1.220516646077541949e-02,1.547124935094890304e-02,1.116891354682149340e-02,4.626868066156549983e-03,1.036362388077460665e-02,8.256989404086270690e-03,1.181625857534992011e-02,3.988586174576216892e-03,8.840705859723841514e-03,8.735264196826787036e-03,4.225990066823350454e-03,5.306073433997727205e-03,3.445111110887823930e-03,4.931077777018696637e-03,4.000551822405939983e-03,2.812242469403813082e-03,1.849264618949440948e-03,1.050016758682946067e-33,1.050016758682946067e-33,1.050016758682946067e-33,1.050016758682946067e-33,1.050016758682946067e-33,1.050016758682946067e-33,1.050016758682946067e-33,1.050016758682946067e-33,1.050016758682946067e-33,1.050016758682946067e-33,1.050016758682946067e-33,1.050016758682946067e-33,1.050016758682946067e-33,1.050016758682946067e-33,1.050016758682946067e-33,1.050016758682946067e-33,1.050016758682946067e-33,1.050016758682946067e-33,1.050016758682946067e-33,1.050016758682946067e-33,1.050016758682946067e-33,1.050016758682946067e-33,1.050016758682946067e-33,1.050016758682946067e-33,1.050016758682946067e-33,1.050016758682946067e-33,1.050016758682946067e-33,1.050016758682946067e-33,1.050016758682946067e-33,1.050016758682946067e-33,1.050016758682946067e-33,1.050016758682946067e-33,1.050016758682946067e-33,1.050016758682946067e-33,1.050016758682946067e-33,1.050016758682946067e-33,1.050016758682946067e-33,1.050016758682946067e-33,1.050016758682946067e-33,1.050016758682946067e-33,1.050016758682946067e-33,1.050016758682946067e-33,1.050016758682946067e-33,1.050016758682946067e-33,1.050016758682946067e-33,1.050016758682946067e-33,1.050016758682946067e-33,1.050016758682946067e-33,1.050016758682946067e-33,1.050016758682946067e-33,1.050016758682946067e-33,1.050016758682946067e-33
5.696981957413733793e-36,5.696981957413733793e-36,5.696981957413733793e-36,5.696981957413733793e-36,5.696981957413733793e-36,5.696981957413733793e-36,5.696981957413733793e-36,5.696981957413733793e-36,5.696981957413733793e-36,5.696981957413733793e-36,5.696981957413733793e-36,5.696981957413733793e-36,5.696981957413733793e-36,5.696981957413733793e-36,5.696981957413733793e-36,5.696981957413733793e-36,5.696981957413733793e-36,5.696981957413733793e-36,5.696981957413733793e-36,5.696981957413733793e-36,5.696981957413733793e-36,5.696981957413733793e-36,5.696981957413733793e-36,5.696981957413733793e-36,5.696981957413733793e-36,5.696981957413733793e-36,5.696981957413733793e-36,5.696981957413733793e-36,5.696981957413733793e-36,5.696981957413733793e-36,5.696981957413733793e-36,6.624826847332712133e-04,8.418124156823543654e-04,6.746729228161921351e-04,5.696981957413733793e-36,5.696981957413733793e-36,1.429920801171363949e-03,2.420648809417038673e-03,1.198631102499569728e-03,1.761104768698131505e-03,1.697405583532088889e-03,2.688813962259697671e-03,8.498765180280688086e-03,1.642550258451238926e-03,1.601581508451535357e-03,2.926034481177120818e-03,3.820061489421572743e-04,4.543155476180927264e-03,4.924925039634047265e-04,2.815794914571730350e-03,1.183361756953010997e-02,2.135407836633621947e-04,1.419623028462438418e-03,3.542651068075230742e-03,3.593738883724996794e-03,1.141771543411480069e-03,4.311098640171439483e-03,4.171822830305016959e-03,1.021852749001858976e-03,1.042905506464808464e-03,1.510142946255434377e-03,2.916092668655148948e-03,2.870404538029865463e-03,1.193382402896332045e-02,9.009685013784645216e-03,3.759126221029016057e-03,1.358537952084811536e-03,1.437115989088974229e-03,1.238509959559254371e-03,3.511286467590464793e-03,5.020367757471343000e-03,1.060439859777475430e-02,9.661898221518706864e-02,1.469668532131238881e-01,1.701707936803499854e-01,1.035365812755206644e-01,3.512702020688696775e-02,1.091405775594428140e-01,1.679748651722154651e-01,1.432687173083407178e-02,5.101653514448478005e-03,3.310363054742247041e-02,3.077078613696031598e-02,1.283610400042556679e-02,1.067865722787228293e-02,1.472587305746345977e-02,1.005830090888715396e-02,1.132288131766507298e-02,3.786041567948639913e-03,2.195861253396105828e-02,2.877069618764569424e-03,1.237329782527289701e-02,1.417258139193873674e-02,1.437620086472337451e-03,8.945355863856587278e-03,1.639157297833677626e-02,1.693466824043680236e-02,8.939710984393689497e-02,5.467380852605975561e-02,1.086733155744551427e-01,1.095284372245475812e-01,7.624314337502819186e-03,3.642617771934872350e-02,2.217685500885668067e-03,2.594713976830112859e-02,6.094135507322176112e-03,6.270051878941341160e-03,3.599952889019421461e-03,8.858726939268512070e-04,1.386626023204482459e-04,3.667934667932835208e-04,7.648396893774626806e-04,2.412848985148175374e-04,1.501692874190209805e-03,9.219732668868921635e-03,1.353924077498507191e-02,1.111176714416523340e-02,1.268930784832075775e-02,8.722436762462627835e-03,3.399716638431168718e-03,4.453273194371900300e-03,8.343980192056713388e-03,6.834431260263752576e-03,8.130955572641554441e-03,2.923680394873074892e-03,2.715960590953992240e-03,9.241092214425842763e-03,1.421025862642665526e-02,2.804800144647904853e-03,6.389232545735435906e-03,1.097935202532286311e-02,1.149201178488223722e-02,1.638932081851585121e-02,1.701243985779688286e-02,6.631811595521119873e-03,2.560890679679452605e-03,8.682103775924968417e-03,1.350302734387630148e-02,1.525827587844876855e-02,9.265167824505640345e-03,2.082407901892962751e-03,3.147714262540746762e-03,4.867226162784205057e-03,7.186986800147671453e-03,2.769397113560889689e-03,6.127141575928884455e-03,2.872437095887078479e-03,4.949895441293061284e-03,4.296945483741976095e-03,3.561840676890478275e-03,2.351606204093230172e-03,1.614397087580126148e-03,1.898999298969778577e-03,6.162045819364759744e-03,7.772243483079106958e-03,2.436078757357317427e-03,1.221331295658664414e-03,5.696981957413733793e-36,5.696981957413733793e-36,5.696981957413733793e-36,5.696981957413733793e-36,5.696981957413733793e-36,5.696981957413733793e-36,5.696981957413733793e-36,5.696981957413733793e-36,5.696981957413733793e-36,5.696981957413733793e-36,5.696981957413733793e-36,5.696981957413733793e-36,5.696981957413733793e-36,5.696981957413733793e-36,5.696981957413733793e-36,5.696981957413733793e-36,5.696981957413733793e-36,5.696981957413733793e-36,5.696981957413733793e-36,5.696981957413733793e-36,5.696981957413733793e-36,5.696981957413733793e-36,5.696981957413733793e-36,5.696981957413733793e-36,5.696981957413733793e-36,5.696981957413733793e-36,5.696981957413733793e-36,5.696981957413733793e-36,5.696981957413733793e-36,5.696981957413733793e-36,5.696981957413733793e-36,5.696981957413733793e-36,5.696981957413733793e-36,5.696981957413733793e-36,5.696981957413733793e-36,5.696981957413733793e-36,5.696981957413733793e-36,5.696981957413733793e-36,5.696981957413733793e-36,5.696981957413733793e-36,5.696981957413733793e-36,5.696981957413733793e-36,5.696981957413733793e-36,5.696981957413733793e-36,5.696981957413733793e-36,5.696981957413733793e-36,5.696981957413733793e-36,5.696981957413733793e-36,5.696981957413733793e-36,5.696981957413733793e-36,5.696981957413733793e-36,5.696981957413733793e-36
5.508650159020921717e-36,5.508650159020921717e-36,5.508650159020921717e-36,5.508650159020921717e-36,5.508650159020921717e-36,5.508650159020921717e-36,5.508650159020921717e-36,5.508650159020921717e-36,5.508650159020921717e-36,5.508650159020921717e-36,5.508650159020921717e-36,5.508650159020921717e-36,5.508650159020921717e-36,5.508650159020921717e-36,5.508650159020921717e-36,5.508650159020921717e-36,5.508650159020921717e-36,5.508650159020921717e-36,5.508650159020921717e-36,5.508650159020921717e-36,5.508650159020921717e-36,5.508650159020921717e-36,5.508650159020921717e-36,5.508650159020921717e-36,5.508650159020921717e-36,5.508650159020921717e-36,5.508650159020921717e-36,5.508650159020921717e-36,5.508650159020921717e-36,5.508650159020921717e-36,5.508650159020921717e-36,6.687138440483069747e-04,6.723809391423757201e-04,7.355410998431276184e-04,5.508650159020921717e-36,5.508650159020921717e-36,1.569541120215819322e-03,3.334989176512125238e-03,3.726003449266560453e-03,2.428950533772207890e-03,3.334611859406737960e-03,2.519099574211887578e-03,1.524841430807270283e-02,5.452960089657694215e-03,4.075539407826068473e-03,5.133061300560183907e-03,1.424987920897828652e-03,1.420840993053760137e-03,1.806291243319295067e-02,1.292211857514326788e-02,4.531174493333953168e-02,2.978438607738557314e-03,5.081094349945556449e-04,1.355196395043995101e-04,5.489165915773607613e-04,4.312220937146122820e-04,7.401087414376847492e-04,1.047954661038668148e-02,2.104120263111063874e-03,1.798641383531194562e-03,2.859453116732124048e-03,5.732834513985251082e-03,6.398338030871095553e-03,4.010577125257821368e-02,1.793440485825201561e-02,1.597856612169374149e-03,1.620011050654070325e-03,1.282274960238409750e-03,1.928798722146215236e-03,4.820214337804589605e-03,1.601018459958491276e-03,3.140779992497158037e-03,6.038968818005198413e-02,5.708547999098648185e-02,8.329036175042707491e-03,2.003684888950934065e-02,4.822075733087641258e-03,1.241953881742486991e-02,7.437635629232631877e-03,5.836041644226352097e-03,2.531151190117188633e-03,2.419159211706140011e-02,7.047676935198907144e-03,5.207010532151750380e-03,4.618803160058243019e-03,4.932562204061850461e-03,4.888143334782374741e-03,4.926890184738314665e-03,8.557230612113311081e-04,8.770233696777478272e-03,7.970663027422241137e-04,4.825152701788227444e-03,3.583526776864244014e-03,3.700163662262983947e-04,1.468773874358886115e-03,2.041595483378534637e-02,1.282157758982613478e-02,1.237664961150698219e-02,1.737834552501501748e-02,2.893093276895874685e-02,3.892511660923859019e-03,1.678148124488641584e-03,5.521067043686388870e-03,8.648682795122809158e-04,8.099054061998997578e-03,4.133213803187499313e-03,3.848855980199828841e-03,2.120727159658876166e-03,9.131363266795356837e-04,9.635598989277119526e-05,2.277234769332376826e-04,5.571005518168756568e-04,4.524994252529880752e-04,9.459248267050197672e-04,3.643084717038358802e-03,1.563653709984195658e-02,3.182289638465081623e-03,1.549670460294206133e-03,5.469942728728875193e-03,4.442032957328674071e-03,1.855798146252751052e-02,1.889800551589469746e-02,9.585042694561774629e-03,8.833203568752822157e-03,6.631646456782711203e-03,2.207230362662373786e-03,5.774874782074466105e-03,8.173789847866926722e-03,5.147181234278199943e-03,6.277474577816286906e-03,5.869913785913117611e-03,3.485849726768320070e-03,1.522445974743596303e-02,2.446047653471544389e-02,1.928914486263883302e-02,1.725882350234768034e-02,7.612743205490979208e-03,1.929278944134384154e-03,1.551984486781672655e-03,8.854172095626805516e-03,3.313197960459430234e-03,2.369155445854554624e-03,2.288703184904799376e-03,4.905825709844857316e-03,9.767875401928177020e-03,7.844971722413492804e-03,6.583271533842866528e-03,3.520055295610936136e-03,3.347720249490059464e-03,2.472964052537178405e-03,4.588359028882107830e-03,3.875468256184490257e-03,2.099479986883012825e-03,8.814606307552350778e-04,2.466074872942853810e-03,1.668659635545211148e-03,1.618845487514640252e-03,5.508650159020921717e-36,5.508650159020921717e-36,5.508650159020921717e-36,5.508650159020921717e-36,5.508650159020921717e-36,5.508650159020921717e-36,5.508650159020921717e-36,5.508650159020921717e-36,5.508650159020921717e-36,5.508650159020921717e-36,5.508650159020921717e-36,5.508650159020921717e-36,5.508650159020921717e-36,5.508650159020921717e-36,5.508650159020921717e-36,5.508650159020921717e-36,5.508650159020921717e-36,5.508650159020921717e-36,5.508650159020921717e-36,5.508650159020921717e-36,5.508650159020921717e-36,5.508650159020921717e-36,5.508650159020921717e-36,5.508650159020921717e-36,5.508650159020921717e-36,5.508650159020921717e-36,5.508650159020921717e-36,5.508650159020921717e-36,5.508650159020921717e-36,5.508650159020921717e-36,5.508650159020921717e-36,5.508650159020921717e-36,5.508650159020921717e-36,5.508650159020921717e-36,5.508650159020921717e-36,5.508650159020921717e-36,5.508650159020921717e-36,5.508650159020921717e-36,5.508650159020921717e-36,5.508650159020921717e-36,5.508650159020921717e-36,5.508650159020921717e-36,5.508650159020921717e-36,5.508650159020921717e-36,5.508650159020921717e-36,5.508650159020921717e-36,5.508650159020921717e-36,5.508650159020921717e-36,5.508650159020921717e-36,5.508650159020921717e-36,5.508650159020921717e-36,5.508650159020921717e-36
1.359813989298702101e-37,1.359813989298702101e-37,1.359813989298702101e-37,1.359813989298702101e-37,1.359813989298702101e-37,1.359813989298702101e-37,1.359813989298702101e-37,1.359813989298702101e-37,1.359813989298702101e-37,1.359813989298702101e-37,1.359813989298702101e-37,1.359813989298702101e-37,1.359813989298702101e-37,1.359813989298702101e-37,1.359813989298702101e-37,1.359813989298702101e-37,1.359813989298702101e-37,1.359813989298702101e-37,1.359813989298702101e-37,1.359813989298702101e-37,1.359813989298702101e-37,1.359813989298702101e-37,1.359813989298702101e-37,1.359813989298702101e-37,1.359813989298702101e-37,1.359813989298702101e-37,1.359813989298702101e-37,1.359813989298702101e-37,1.359813989298702101e-37,1.359813989298702101e-37,1.359813989298702101e-37,6.292717765609848277e-04,6.409469820754951303e-04,7.045589705136495740e-04,1.359813989298702101e-37,1.359813989298702101e-37,1.679519834664125119e-03,2.900470139876751719e-03,2.229467973815729611e-03,2.682167034965033964e-03,1.296621790565263182e-03,1.560321674014123741e-03,1.549106345103629795e-02,4.878581492749933628e-03,1.050816290561990343e-02,1.489841759625469726e-02,1.093198227813622740e-02,6.245184520201664535e-02,8.007592857766686334e-02,1.818342946687827311e-02,8.225822882174049777e-03,5.638806419161710446e-04,7.635668248208172517e-04,4.451595314669637383e-04,1.137972051165745584e-03,9.795157585283823063e-05,1.190719121653823756e-03,1.274826375017342264e-02,1.223424875615657104e-03,4.866331297913184355e-03,9.000840753013734236e-03,1.259630275885149225e-02,1.005212089933802061e-03,3.129100095291718897e-02,3.482883215457967252e-02,3.618387137992372382e-02,4.267829509470144785e-03,6.309233899061808320e-04,7.921855528865056131e-04,1.365612323265326822e-03,5.249962799335972791e-03,1.064095913393606338e-03,1.380320280158958517e-02,6.298083862848789273e-03,1.996666516773590305e-03,5.677676973747498856e-03,3.338934568570811525e-03,1.044608363647775776e-02,5.029720767410449968e-03,2.753042465982420001e-03,1.924528646142089055e-03,1.979656955957755787e-02,2.957692376950661704e-03,3.919548705138322861e-03,1.553926346858081932e-03,2.676469589919944388e-03,1.348274137826481565e-03,2.604426355229113883e-03,5.570817285327636995e-04,5.569575880743277141e-03,4.485115033511855097e-04,1.804200670862906621e-03,1.812021940302360528e-03,3.004244740439093600e-04,1.025923310937178331e-03,1.561416206517385590e-03,3.119935492366805643e-03,2.774091058697254752e-03,1.173535698075274308e-03,3.282999543981624056e-03,4.425251225097200265e-03,1.071492109159671597e-03,1.314199574627096176e-03,1.050297119577285089e-03,3.940284101923768531e-03,1.554420368812360577e-03,2.448449486026895491e-03,1.766157668398265742e-03,3.141311278551694227e-03,8.103737304802512403e-04,9.411095731713740560e-04,1.729856003619224163e-03,3.518758883359270366e-04,3.455220098773892335e-04,2.925620418471897629e-03,7.066767491229261101e-03,4.519193790774242436e-03,3.761511120992364066e-03,2.888003474601543927e-03,1.564141372338487528e-03,4.946851901504962200e-03,3.002013206120648751e-03,3.424950503940627031e-03,7.010281988154989409e-03,3.287665668051486904e-03,4.118781256657712622e-03,4.400428926838126711e-03,2.757505087426392887e-03,1.973288247683180514e-03,3.831169328479711034e-03,2.235343257003373756e-03,2.428684175421097317e-03,4.117170294852582312e-03,4.166095663303569924e-03,8.176791720920801448e-03,8.169823033785078570e-03,1.620056581636275094e-03,2.749613619936265227e-03,1.670726436771929153e-03,4.256533411935922717e-03,3.838350663237710767e-03,1.160719580033201101e-03,4.781411743359633565e-03,5.805146464651419515e-03,2.345730853464930970e-03,1.649547644639000723e-03,1.001801719265343329e-03,8.731280114927115468e-04,2.898026999690666346e-03,4.580232298743870840e-03,9.977654078832289952e-04,1.343465832424252859e-03,1.552056968563796232e-03,1.057106505617953687e-03,6.876665733186141261e-04,6.939944249763629891e-04,1.517414628784876079e-03,1.359813989298702101e-37,1.359813989298702101e-37,1.359813989298702101e-37,1.359813989298702101e-37,1.359813989298702101e-37,1.359813989298702101e-37,1.359813989298702101e-37,1.359813989298702101e-37,1.359813989298702101e-37,1.359813989298702101e-37,1.359813989298702101e-37,1.359813989298702101e-37,1.359813989298702101e-37,1.359813989298702101e-37,1.359813989298702101e-37,1.359813989298702101e-37,1.359813989298702101e-37,1.359813989298702101e-37,1.359813989298702101e-37,1.359813989298702101e-37,1.359813989298702101e-37,1.359813989298702101e-37,1.359813989298702101e-37,1.359813989298702101e-37,1.359813989298702101e-37,1.359813989298702101e-37,1.359813989298702101e-37,1.359813989298702101e-37,1.359813989298702101e-37,1.359813989298702101e-37,1.359813989298702101e-37,1.359813989298702101e-37,1.359813989298702101e-37,1.359813989298702101e-37,1.359813989298702101e-37,1.359813989298702101e-37,1.359813989298702101e-37,1.359813989298702101e-37,1.359813989298702101e-37,1.359813989298702101e-37,1.359813989298702101e-37,1.359813989298702101e-37,1.359813989298702101e-37,1.359813989298702101e-37,1.359813989298702101e-37,1.359813989298702101e-37,1.359813989298702101e-37,1.359813989298702101e-37,1.359813989298702101e-37,1.359813989298702101e-37,1.359813989298702101e-37,1.359813989298702101e-37
1.666666666666666852e-01,1.666666666666666852e-01,1.666666666666666852e-01,1.666666666666666852e-01,1.666666666666666852e-01,1.666666666666666852e-01,1.666666666666666852e-01,1.666666666666666852e-01,1.666666666666666852e-01,1.666666666666666852e-01,1.666666666666666852e-01,1.666666666666666852e-01,1.666666666666666852e-01,1.666666666666666852e-01,1.666666666666666852e-01,1.666666666666666852e-01,1.666666666666666852e-01,1.666666666666666852e-01,1.666666666666666852e-01,1.666666666666666852e-01,1.666666666666666852e-01,1.666666666666666852e-01,1.666666666666666852e-01,1.666666666666666852e-01,1.666666666666666852e-01,1.666666666666666852e-01,1.666666666666666852e-01,1.666666666666666852e-01,1.666666666666666852e-01,1.666666666666666852e-01,1.666666666666666852e-01,3.461722077141510256e-02,1.809069785637463720e-02,3.107796628802151837e-02,1.666666666666666852e-01,1.666666666666666852e-01,1.832960090319256385e-02,6.882027040956611129e-03,6.021004293077521392e-03,1.750930684991325965e-03,1.561169408826467743e-03,1.634731587470812826e-03,1.498046235624784714e-02,1.021583450423670242e-01,8.963382996477620157e-02,9.888880358124924053e-02,1.382261233349618978e-01,8.381326796847168858e-02,9.146181835266387061e-02,1.491509670145116095e-01,1.628870347779721311e-02,5.626477019237015147e-03,2.046934167982648878e-03,4.317347877054582847e-04,5.006293469865818763e-04,6.663505043018621123e-04,3.084019821378433928e-03,1.746282737478182384e-02,4.438164155217622087e-02,1.168639862630839639e-02,9.430928872070569458e-02,1.341079573704244132e-01,9.943581634624724941e-02,5.316043654107840272e-02,9.269629356458287950e-02,1.093010957405822631e-01,3.046219521000874137e-03,2.485127043152464410e-03,4.288426603025363715e-03,8.404704910522474079e-03,8.239911442419648596e-03,3.013246162490173467e-03,2.366004128842722626e-03,1.209509258332564429e-03,1.453864211632450087e-03,3.243839041796670822e-03,1.927403260139694350e-03,1.358886383723325111e-02,5.031902345778897258e-03,6.749672293163124816e-03,3.603193169177973040e-03,1.600950575798625042e-02,4.021719039331692405e-03,3.086772265121086323e-03,8.485678858235852148e-03,7.311034809334721746e-03,8.706783876523538704e-03,3.544580109542297408e-03,1.952754166017618611e-03,4.999581141642494078e-03,4.254981314737908173e-03,6.884237829930336776e-03,5.298054977130402590e-03,9.716773678947489539e-04,1.719055046904686013e-03,6.421056381911123025e-03,2.882949293193261958e-02,1.887832427933262055e-03,2.018601048422119255e-03,1.028575420595937394e-02,6.218238404022599294e-03,1.732514954670320764e-03,3.161284392008375729e-03,2.387332288802991326e-03,1.083266420023983913e-02,2.626759829084198208e-02,5.736476851224671381e-02,5.753048460390354502e-02,1.651903414292196087e-02,1.925414004650170732e-03,1.089955224944810048e-03,1.446905133695189751e-03,5.340549909417591570e-04,2.058520681216072148e-03,5.518050101188139503e-03,1.164579406803203238e-02,3.829563574002603932e-03,2.020253899575849207e-02,1.632580069041602439e-02,1.525493164837471785e-02,1.181187996879782577e-02,1.601981235118131452e-02,2.025755793116394698e-02,2.497830852801469562e-02,8.588511951446595183e-03,8.012993780124584228e-03,1.376596181564003485e-02,1.488974551707914103e-02,1.245782665777610265e-02,8.655117119501324133e-03,9.783971769201040350e-03,1.018286724282296656e-02,4.677298331003075516e-03,4.777679917331321101e-03,6.204963068405054162e-03,6.688731331095320275e-03,7.866112616745532873e-03,3.824566762449816554e-03,8.718747701460432056e-03,7.726023068326155763e-03,8.351505746703373131e-03,1.080936115610338019e-02,6.960492973468057447e-03,7.841609801217633291e-03,3.609940504307854008e-03,7.080029065042097412e-03,1.028980410564002412e-02,8.966810253605739245e-03,1.312895193751735870e-02,8.546562517562991332e-03,1.478340555115851759e-02,1.205064944877955353e-02,6.893320692822897666e-03,6.791605015343513824e-03,1.224417904685553248e-02,1.476717597324369094e-02,3.313069087854418615e-02,1.666666666666666852e-01,1.666666666666666852e-01,1.666666666666666852e-01,1.666666666666666852e-01,1.666666666666666852e-01,1.666666666666666852e-01,1.666666666666666852e-01,1.666666666666666852e-01,1.666666666666666852e-01,1.666666666666666852e-01,1.666666666666666852e-01,1.666666666666666852e-01,1.666666666666666852e-01,1.666666666666666852e-01,1.666666666666666852e-01,1.666666666666666852e-01,1.666666666666666852e-01,1.666666666666666852e-01,1.666666666666666852e-01,1.666666666666666852e-01,1.666666666666666852e-01,1.666666666666666852e-01,1.666666666666666852e-01,1.666666666666666852e-01,1.666666666666666852e-01,1.666666666666666852e-01,1.666666666666666852e-01,1.666666666666666852e-01,1.666666666666666852e-01,1.666666666666666852e-01,1.666666666666666852e-01,1.666666666666666852e-01,1.666666666666666852e-01,1.666666666666666852e-01,1.666666666666666852e-01,1.666666666666666852e-01,1.666666666666666852e-01,1.666666666666666852e-01,1.666666666666666852e-01,1.666666666666666852e-01,1.666666666666666852e-01,1.666666666666666852e-01,1.666666666666666852e-01,1.666666666666666852e-01,1.666666666666666852e-01,1.666666666666666852e-01,1.666666666666666852e-01,1.666666666666666852e-01,1.666666666666666852e-01,1.666666666666666852e-01,1.666666666666666852e-01,1.666666666666666852e-01
9.211569866173857240e-37,9.211569866173857240e-37,9.211569866173857240e-37,9.211569866173857240e-37,9.211569866173857240e-37,9.211569866173857240e-37,9.211569866173857240e-37,9.211569866173857240e-37,9.211569866173857240e-37,9.211569866173857240e-37,9.211569866173857240e-37,9.211569866173857240e-37,9.211569866173857240e-37,9.211569866173857240e-37,9.211569866173857240e-37,9.211569866173857240e-37,9.211569866173857240e-37,9.211569866173857240e-37,9.211569866173857240e-37,9.211569866173857240e-37,9.211569866173857240e-37,9.211569866173857240e-37,9.211569866173857240e-37,9.211569866173857240e-37,9.211569866173857240e-37,9.211569866173857240e-37,9.211569866173857240e-37,9.211569866173857240e-37,9.211569866173857240e-37,9.211569866173857240e-37,9.211569866173857240e-37,5.596846701723574586e-04,8.944823926139507282e-04,8.331950261124692909e-04,9.211569866173857240e-37,9.211569866173857240e-37,1.628606921082491419e-03,6.658997312400435215e-04,1.412559253059120397e-03,1.260369746395486983e-03,1.756776312642309977e-04,4.104184147659772734e-04,1.795032736935023646e-03,8.293700551130869444e-03,5.141831216169345797e-03,2.456308309347259976e-03,2.088855296379274560e-03,1.678986991160438596e-03,2.544928118277127904e-04,1.215353420108076328e-03,5.532624774169798672e-04,4.175690784026578166e-03,4.056891180775877744e-03,6.841886053791197339e-04,6.698037017383914188e-04,7.185879626742645463e-04,7.114925722673072018e-04,3.018524900663641184e-03,3.303157313786338201e-02,5.156191745817045174e-02,1.194456912741800316e-03,5.798842150030317395e-03,5.727709572410866418e-04,6.228352745678472462e-03,6.977007855501074843e-04,2.048087754428596068e-03,1.410577051435637531e-03,1.851041745716358123e-03,5.734214787011403160e-04,5.923786040337584297e-03,2.024788047916655041e-03,3.154991002672095837e-03,4.691152779065143534e-04,1.699678159858833892e-04,2.568085657299977584e-04,3.383944814416962963e-04,1.562166951276160415e-04,6.540648505460423335e-04,9.441008927346707102e-04,3.137266490395249248e-03,1.940163061626395784e-03,9.433294461642666856e-04,5.202244156467806776e-04,6.420273311925835417e-04,1.585606090109007642e-04,1.158326545722294525e-04,1.024624754841004827e-03,3.848931645002870113e-04,6.394036588962055039e-05,8.772490414404432836e-04,7.039070877748839676e-05,2.537338920929150198e-04,3.420433572402842206e-04,1.022450840756605040e-04,1.753286367288276620e-04,6.694520308399666076e-04,3.317072225005887522e-03,1.440235157108886389e-04,7.451485086762529766e-05,7.292027300708143252e-04,9.596591264343867994e-05,4.505542858571240871e-04,2.349357082019742503e-04,2.658172335330946049e-03,2.335368658276711345e-03,2.455850162445652723e-03,3.147994747045217368e-05,1.198684570192636153e-03,4.169346922616370445e-03,3.554711966252371955e-04,9.864100778312506236e-05,5.921368848653432807e-05,9.635443132536427951e-05,6.650452293724253906e-05,3.993870900544478430e-05,2.565798371037666188e-04,7.371750816005604714e-04,1.016064042175606006e-03,1.085845164720752659e-03,1.166645059043447657e-03,7.163951525570906457e-04,7.711200518581271977e-04,4.542228720646246170e-04,1.238883654564353976e-03,1.077778611504707704e-03,3.020032005170295800e-03,2.893562068967592618e-03,9.400370510085541637e-04,1.160870472162305609e-03,6.103602781363107535e-04,9.192353477386977717e-04,1.643613680493823332e-03,1.235812787163655200e-03,1.372566060794933734e-03,9.654373224824011135e-04,5.251093552350326365e-04,1.466947557630692185e-03,1.632590090890822816e-03,1.641719812751128152e-03,1.256190022377031779e-03,1.533154096531910184e-03,1.744482596789157696e-03,2.554937984334760583e-03,1.565146006602419681e-03,1.242839978338791196e-03,2.668753053603009455e-03,1.311455731282419601e-03,1.679592711280002062e-03,4.923861836375453133e-04,6.408782020897664695e-04,1.712000307415938605e-03,1.536747041062359225e-03,8.512348924291568072e-04,1.291535244049283292e-03,1.299298066924834327e-03,9.411019561446681749e-04,1.573115080964975539e-03,9.211569866173857240e-37,9.211569866173857240e-37,9.211569866173857240e-37,9.211569866173857240e-37,9.211569866173857240e-37,9.211569866173857240e-37,9.211569866173857240e-37,9.211569866173857240e-37,9.211569866173857240e-37,9.211569866173857240e-37,9.211569866173857240e-37,9.211569866173857240e-37,9.211569866173857240e-37,9.211569866173857240e-37,9.211569866173857240e-37,9.211569866173857240e-37,9.211569866173857240e-37,9.211569866173857240e-37,9.211569866173857240e-37,9.211569866173857240e-37,9.211569866173857240e-37,9.211569866173857240e-37,9.211569866173857240e-37,9.211569866173857240e-37,9.211569866173857240e-37,9.211569866173857240e-37,9.211569866173857240e-37,9.211569866173857240e-37,9.211569866173857240e-37,9.211569866173857240e-37,9.211569866173857240e-37,9.211569866173857240e-37,9.211569866173857240e-37,9.211569866173857240e-37,9.211569866173857240e-37,9.211569866173857240e-37,9.211569866173857240e-37,9.211569866173857240e-37,9.211569866173857240e-37,9.211569866173857240e-37,9.211569866173857240e-37,9.211569866173857240e-37,9.211569866173857240e-37,9.211569866173857240e-37,9.211569866173857240e-37,9.211569866173857240e-37,9.211569866173857240e-37,9.211569866173857240e-37,9.211569866173857240e-37,9.211569866173857240e-37,9.211569866173857240e-37,9.211569866173857240e-37
2.935392284314971121e-36,2.935392284314971121e-36,2.935392284314971121e-36,2.935392284314971121e-36,2.935392284314971121e-36,2.935392284314971121e-36,2.935392284314971121e-36,2.935392284314971121e-36,2.935392284314971121e-36,2.935392284314971121e-36,2.935392284314971121e-36,2.935392284314971121e-36,2.935392284314971121e-36,2.935392284314971121e-36,2.935392284314971121e-36,2.935392284314971121e-36,2.935392284314971121e-36,2.935392284314971121e-36,2.935392284314971121e-36,2.935392284314971121e-36,2.935392284314971121e-36,2.935392284314971121e-36,2.935392284314971121e-36,2.935392284314971121e-36,2.935392284314971121e-36,2.935392284314971121e-36,2.935392284314971121e-36,2.935392284314971121e-36,2.935392284314971121e-36,2.935392284314971121e-36,2.935392284314971121e-36,5.785142657162010201e-04,4.568754670346219463e-04,5.950464976848652242e-04,2.935392284314971121e-36,2.935392284314971121e-36,1.686733168191652385e-03,1.013527731343402249e-03,1.612386442765714875e-03,1.964324376776990615e-03,1.634736071575771917e-03,2.798278808092820053e-03,5.615708888919851427e-03,9.430685053571070953e-02,1.243009526831568012e-01,1.118308997291334317e-01,9.328760285600017077e-02,8.317685916172128102e-02,6.433440680797072875e-02,6.255506610765890207e-02,4.506256601040737469e-02,7.962563384899140964e-03,2.028989783448839363e-03,3.569413420355393193e-04,1.353107108192848926e-04,8.090732261662155270e-04,4.830422507235322552e-04,1.043022610393986097e-02,9.640176145117822226e-02,1.511779845180531989e-01,9.350913882629331708e-02,5.095550994736620931e-02,7.290127070739715887e-02,5.297766660093811142e-02,5.433417905593900671e-02,6.478053111546611120e-02,8.415776030008283864e-03,1.981364692803147965e-03,4.194383680109322471e-03,9.102732074361481046e-03,4.302344100861314573e-03,1.136810319357916751e-02,2.777920149921308136e-03,8.488632700195309798e-04,1.071878746098234910e-03,1.451227013928934641e-03,4.823891429094995936e-03,7.250152574667119605e-03,1.479810070984884009e-03,3.432305671877902784e-03,3.490795245279783993e-03,9.135932612487124641e-03,8.039875455999988133e-04,2.020884782420966259e-03,2.118141274753256801e-04,5.924242461695556922e-04,2.685019463789891552e-04,1.116784088893508879e-03,2.352866011071822014e-04,2.612359985385637098e-03,2.770593675012044538e-04,1.476612797533668857e-03,7.706939874843264345e-04,4.049460764167612061e-04,1.125187613240319134e-03,3.357027443692230367e-03,5.822911826373953700e-03,1.045953846074629051e-03,9.138266392124209112e-04,1.382799436230939649e-04,1.800585076172348106e-03,1.108627314121218453e-03,3.362246009851147400e-04,8.863585672495230289e-04,1.062179557931294599e-03,1.149245217265326083e-03,1.076515601221432776e-03,9.414239661512854287e-04,6.147835748633357928e-04,3.724978860345544906e-04,1.063141692507430609e-03,2.369391993041709344e-04,9.737147337304872651e-05,1.912904201379182366e-04,1.009577594557318093e-03,2.792057428517426537e-03,1.852311377883921134e-03,1.309995740674474007e-03,1.958319694433140797e-03,1.026116225812155527e-03,1.007813918531825018e-03,2.291413017743137211e-03,1.677719187389142439e-03,5.867205917746714898e-03,1.708547516780224446e-03,2.894531461809973175e-03,1.445510659889128911e-03,2.536732378051671441e-03,1.971208551980970815e-03,1.123686405971764278e-03,2.837408583287069283e-03,2.339877294101570977e-03,1.762947319872204197e-03,1.911687632949188309e-03,2.654592388086792626e-03,1.690521945176153224e-03,1.368686884717008239e-03,2.272699105623439669e-03,1.971078835975535130e-03,2.018085094590358741e-03,6.735426881534539896e-04,2.270087802135727691e-03,1.688493373947082829e-03,1.409248362701340197e-03,3.404808112299216854e-03,2.899200367560515659e-03,1.886003405566716740e-03,1.385244882667828470e-03,1.491927034588989322e-03,2.937057521733242409e-03,1.272381757801446323e-03,1.473766407665920821e-03,1.692053601035402441e-03,2.220978643023818842e-03,2.434668326885430691e-03,1.612581609418227554e-03,1.451618128159082310e-03,2.935392284314971121e-36,2.935392284314971121e-36,2.935392284314971121e-36,2.935392284314971121e-36,2.935392284314971121e-36,2.935392284314971121e-36,2.935392284314971121e-36,2.935392284314971121e-36,2.935392284314971121e-36,2.935392284314971121e-36,2.935392284314971121e-36,2.935392284314971121e-36,2.935392284314971121e-36,2.935392284314971121e-36,2.935392284314971121e-36,2.935392284314971121e-36,2.935392284314971121e-36,2.935392284314971121e-36,2.935392284314971121e-36,2.935392284314971121e-36,2.935392284314971121e-36,2.935392284314971121e-36,2.935392284314971121e-36,2.935392284314971121e-36,2.935392284314971121e-36,2.935392284314971121e-36,2.935392284314971121e-36,2.935392284314971121e-36,2.935392284314971121e-36,2.935392284314971121e-36,2.935392284314971121e-36,2.935392284314971121e-36,2.935392284314971121e-36,2.935392284314971121e-36,2.935392284314971121e-36,2.935392284314971121e-36,2.935392284314971121e-36,2.935392284314971121e-36,2.935392284314971121e-36,2.935392284314971121e-36,2.935392284314971121e-36,2.935392284314971121e-36,2.935392284314971121e-36,2.935392284314971121e-36,2.935392284314971121e-36,2.935392284314971121e-36,2.935392284314971121e-36,2.935392284314971121e-36,2.935392284314971121e-36,2.935392284314971121e-36,2.935392284314971121e-36,2.935392284314971121e-36
1.146618463884685142e-35,1.146618463884685142e-35,1.146618463884685142e-35,1.146618463884685142e-35,1.146618463884685142e-35,1.146618463884685142e-35,1.146618463884685142e-35,1.146618463884685142e-35,1.146618463884685142e-35,1.146618463884685142e-35,1.146618463884685142e-35,1.146618463884685142e-35,1.146618463884685142e-35,1.146618463884685142e-35,1.146618463884685142e-35,1.146618463884685142e-35,1.146618463884685142e-35,1.146618463884685142e-35,1.146618463884685142e-35,1.146618463884685142e-35,1.146618463884685142e-35,1.146618463884685142e-35,1.146618463884685142e-35,1.146618463884685142e-35,1.146618463884685142e-35,1.146618463884685142e-35,1.146618463884685142e-35,1.146618463884685142e-35,1.146618463884685142e-35,1.146618463884685142e-35,1.146618463884685142e-35,6.228793700741783439e-04,4.338841065271694590e-04,3.585179521355076268e-04,1.146618463884685142e-35,1.146618463884685142e-35,2.411163730178318438e-03,2.812738861563292888e-03,3.820015735380809154e-03,5.161682226560619126e-03,4.779413683497439787e-03,4.897680427998767246e-03,1.011352593877781585e-02,2.225833929283459623e-03,2.847886300267498359e-03,3.676081300239106460e-03,1.223277181954195896e-03,1.584492276772948372e-03,5.416975072746279575e-04,5.651342221037591179e-04,6.999014444134499593e-03,3.185358167180811842e-04,4.922219921529437207e-04,2.156690197493496552e-04,1.152704008703942515e-04,8.989392147325057231e-04,1.896162972430555631e-03,3.767546316475363800e-03,1.817666293097156471e-03,6.472965337918871066e-04,3.680701566795103671e-03,2.790159074653902373e-03,2.318617274497512641e-03,7.343168333733661977e-03,7.928564026476701831e-03,3.367877348333369117e-03,4.381750698752418134e-03,7.583832868236586346e-03,5.465883656230071524e-03,1.752848289375045620e-03,1.125077673717762719e-03,4.241473223868258945e-03,1.080823142936801137e-02,3.690391249464527318e-02,3.348817570073552019e-02,5.098906156718705993e-03,3.285932017104540963e-03,2.199697738958309931e-02,8.628908318972924266e-04,5.720489873077519612e-03,2.579218847752615378e-03,1.548393928506546120e-02,2.599633098559395953e-03,4.174449719778863463e-03,4.272580503001553384e-03,2.989004915272922957e-03,4.855314605651902225e-03,3.685372428838137870e-03,4.127423931947819770e-04,5.950105601339497965e-03,2.870398374297530386e-04,2.455494338304861461e-03,3.049925827570507120e-03,7.521861510102482084e-04,6.940719931828913218e-03,4.424081833117447793e-02,1.879107268445983844e-02,1.767825919674359232e-03,1.384202165784119464e-03,1.440735805859372394e-02,3.725616476215974377e-03,3.201260950845134443e-03,1.146320324593674790e-03,1.146637224872740484e-03,3.580781178180539662e-03,3.497818498828687752e-03,2.784036404487153556e-03,1.985076209663180161e-03,1.005748613612680083e-03,1.895072118337920170e-04,7.884834878259968077e-04,7.720625157729803234e-04,7.574610741729682949e-04,1.771857861373316804e-03,7.393775015502162054e-03,1.548403954508154046e-02,5.176262424400484424e-03,1.572489815271654184e-02,5.262045754064147846e-03,8.075722031278698837e-03,8.043029153553796565e-03,4.575107776390099044e-03,9.274995709154250367e-03,5.948829181274467755e-03,6.644184573330026711e-03,2.669675387375866453e-03,4.221570142532038265e-03,3.824120086319457521e-03,3.641416065212527836e-03,3.175001554821579950e-03,9.034536927107910537e-03,5.042896356890384270e-03,7.833822100759550711e-03,8.422244758204786019e-03,1.999648029615536723e-03,7.793874746540866566e-03,9.598344546901154545e-03,3.733961853328682939e-03,5.346462126410133839e-03,6.394863365227729766e-03,9.100888895598327824e-03,2.788631733652536908e-03,5.376663666281299506e-03,3.431165891067346988e-03,5.057256084253430178e-03,1.554528410598249961e-03,5.505345225370219045e-03,8.695812766167482569e-03,4.479796932989103808e-03,1.103068662515185091e-03,1.839389920707014403e-03,2.807615293590546256e-03,3.720221778173963319e-03,5.711272222015583745e-03,9.613603803140056275e-04,4.136206856235821738e-03,2.071946041044920358e-03,1.146618463884685142e-35,1.146618463884685142e-35,1.146618463884685142e-35,1.146618463884685142e-35,1.146618463884685142e-35,1.146618463884685142e-35,1.146618463884685142e-35,1.146618463884685142e-35,1.146618463884685142e-35,1.146618463884685142e-35,1.146618463884685142e-35,1.146618463884685142e-35,1.146618463884685142e-35,1.146618463884685142e-35,1.146618463884685142e-35,1.146618463884685142e-35,1.146618463884685142e-35,1.146618463884685142e-35,1.146618463884685142e-35,1.146618463884685142e-35,1.146618463884685142e-35,1.146618463884685142e-35,1.146618463884685142e-35,1.146618463884685142e-35,1.146618463884685142e-35,1.146618463884685142e-35,1.146618463884685142e-35,1.146618463884685142e-35,1.146618463884685142e-35,1.146618463884685142e-35,1.146618463884685142e-35,1.146618463884685142e-35,1.146618463884685142e-35,1.146618463884685142e-35,1.146618463884685142e-35,1.146618463884685142e-35,1.146618463884685142e-35,1.146618463884685142e-35,1.146618463884685142e-35,1.146618463884685142e-35,1.146618463884685142e-35,1.146618463884685142e-35,1.146618463884685142e-35,1.146618463884685142e-35,1.146618463884685142e-35,1.146618463884685142e-35,1.146618463884685142e-35,1.146618463884685142e-35,1.146618463884685142e-35,1.146618463884685142e-35,1.146618463884685142e-35,1.146618463884685142e-35
2.953255611525986007e-37,2.953255611525986007e-37,2.953255611525986007e-37,2.953255611525986007e-37,2.953255611525986007e-37,2.953255611525986007e-37,2.953255611525986007e-37,2.953255611525986007e-37,2.953255611525986007e-37,2.953255611525986007e-37,2.953255611525986007e-37,2.953255611525986007e-37,2.953255611525986007e-37,2.953255611525986007e-37,2.953255611525986007e-37,2.953255611525986007e-37,2.953255611525986007e-37,2.953255611525986007e-37,2.953255611525986007e-37,2.953255611525986007e-37,2.953255611525986007e-37,2.953255611525986007e-37,2.953255611525986007e-37,2.953255611525986007e-37,2.953255611525986007e-37,2.953255611525986007e-37,2.953255611525986007e-37,2.953255611525986007e-37,2.953255611525986007e-37,2.953255611525986007e-37,2.953255611525986007e-37,6.464622598349172456e-04,7.611391073727429447e-04,6.162682517725659058e-04,2.953255611525986007e-37,2.953255611525986007e-37,2.641165691711984571e-03,3.250937705760866599e-03,3.089270670939776690e-03,4.120550185460568511e-03,4.606334717800661047e-03,3.275968459952501195e-03,3.563032110987753107e-03,3.050423909268563678e-03,1.767697741785630248e-03,2.460694132188217653e-03,5.458174852446015350e-04,2.683056260042955121e-03,1.134481844449707760e-03,7.996934232781841793e-04,6.309698212203125600e-03,2.649897646659151482e-04,1.094169534971167930e-03,7.761483172798814547e-04,2.183680030203007322e-04,4.001568430229085699e-04,1.293316487839788831e-03,3.838174527421348101e-03,2.599992829114916668e-03,2.018948835424429732e-03,2.734412723329599643e-03,2.180945001533373361e-03,1.395265414610615071e-03,5.097673560099508921e-03,4.469001004183017003e-03,2.188984070272451642e-03,3.886028356536209982e-03,4.423613809382174848e-03,1.987324107101564111e-03,7.601858942928079116e-04,2.321171613439810578e-03,9.518774343608746302e-03,1.348730735417070885e-02,2.490752427618828525e-03,1.856448292058999290e-03,5.398668329290316932e-03,4.535922300078733954e-03,2.025009225918469880e-02,7.556351419681199728e-03,1.091423570061546972e-02,1.152082428541405419e-02,2.843993858682642220e-02,3.679959698496708832e-03,8.230770889863625595e-03,8.203632555042727689e-03,9.311851089236648782e-03,1.236499968663659112e-02,9.527886711574794915e-03,4.721386482414264077e-03,6.794988461212116138e-02,2.017834917041965836e-03,1.437134495173315527e-02,8.979189710800529814e-03,4.326416810997530012e-03,5.781650719780903613e-02,3.863749361049283876e-02,1.002029111159608889e-02,2.412028662879784572e-03,3.675180972406801895e-03,2.095629291953909207e-02,6.696769810484768694e-03,6.522652576718266336e-03,8.381611821923172501e-03,5.956778006078898915e-03,1.017667448839791426e-02,1.130930579464106689e-02,7.793445339485080212e-03,5.516025265502360470e-03,2.922695619721796343e-03,9.071246019338985965e-04,1.896181920440239040e-03,6.504738301823512724e-03,2.613212678188989082e-03,7.507314784630937654e-03,2.741183010494279565e-02,2.373044956576112613e-02,4.756242838252621591e-02,4.251918192195056068e-02,2.262352897062264862e-02,4.621237104544065506e-03,1.412943672765057911e-02,1.772658161357117124e-02,1.958588904095801692e-02,1.172438723912389534e-02,4.657293421702046396e-03,5.912749780532897993e-03,4.490248901612382479e-03,6.675678519581360569e-03,6.760331346494495054e-03,7.011812861599827154e-03,4.315642388737286894e-03,9.203885390675353370e-03,8.730747192499485609e-03,7.124903051072166600e-03,5.588401992837981752e-03,2.862406888339615908e-03,5.569860191932243798e-03,7.806684269153844544e-03,1.385514371629001894e-02,9.969728321877747296e-03,9.317664949434577640e-03,5.160380029298894042e-03,6.807016820803343631e-03,1.121129509879970412e-02,7.559549925800741234e-03,4.914037922239042518e-03,9.773720233164275711e-03,1.375764805861831586e-02,5.611241216814655958e-03,8.701701414219395816e-03,7.599217055832400460e-03,3.743397253371219709e-03,2.963483149476122715e-03,8.838486852448937392e-03,3.977193619460719226e-03,3.691840234386239636e-03,2.627378323304800992e-03,2.953255611525986007e-37,2.953255611525986007e-37,2.953255611525986007e-37,2.953255611525986007e-37,2.953255611525986007e-37,2.953255611525986007e-37,2.953255611525986007e-37,2.953255611525986007e-37,2.953255611525986007e-37,2.953255611525986007e-37,2.953255611525986007e-37,2.953255611525986007e-37,2.953255611525986007e-37,2.953255611525986007e-37,2.953255611525986007e-37,2.953255611525986007e-37,2.953255611525986007e-37,2.953255611525986007e-37,2.953255611525986007e-37,2.953255611525986007e-37,2.953255611525986007e-37,2.953255611525986007e-37,2.953255611525986007e-37,2.953255611525986007e-37,2.953255611525986007e-37,2.953255611525986007e-37,2.953255611525986007e-37,2.953255611525986007e-37,2.953255611525986007e-37,2.953255611525986007e-37,2.953255611525986007e-37,2.953255611525986007e-37,2.953255611525986007e-37,2.953255611525986007e-37,2.953255611525986007e-37,2.953255611525986007e-37,2.953255611525986007e-37,2.953255611525986007e-37,2.953255611525986007e-37,2.953255611525986007e-37,2.953255611525986007e-37,2.953255611525986007e-37,2.953255611525986007e-37,2.953255611525986007e-37,2.953255611525986007e-37,2.953255611525986007e-37,2.953255611525986007e-37,2.953255611525986007e-37,2.953255611525986007e-37,2.953255611525986007e-37,2.953255611525986007e-37,2.953255611525986007e-37
3.565131105629446299e-35,3.565131105629446299e-35,3.565131105629446299e-35,3.565131105629446299e-35,3.565131105629446299e-35,3.565131105629446299e-35,3.565131105629446299e-35,3.565131105629446299e-35,3.565131105629446299e-35,3.565131105629446299e-35,3.565131105629446299e-35,3.565131105629446299e-35,3.565131105629446299e-35,3.565131105629446299e-35,3.565131105629446299e-35,3.565131105629446299e-35,3.565131105629446299e-35,3.565131105629446299e-35,3.565131105629446299e-35,3.565131105629446299e-35,3.565131105629446299e-35,3.565131105629446299e-35,3.565131105629446299e-35,3.565131105629446299e-35,3.565131105629446299e-35,3.565131105629446299e-35,3.565131105629446299e-35,3.565131105629446299e-35,3.565131105629446299e-35,3.565131105629446299e-35,3.565131105629446299e-35,6.354431489616562366e-04,1.009989571331774624e-03,5.740863914166741567e-04,3.565131105629446299e-35,3.565131105629446299e-35,1.388909570667693242e-03,1.530987544784669779e-03,2.066713790972585143e-03,3.799174989515338371e-03,8.615353867905894362e-04,5.687048289115439158e-03,6.649040443587750024e-03,4.130546217085201617e-04,6.723676494300405556e-04,9.934491754127379188e-04,3.312761657216034094e-04,1.014059958109825299e-03,6.147072705378481272e-04,5.385057444191283316e-04,1.125973204369466176e-03,9.261306824035773013e-05,1.590442060420222065e-04,2.047921449470410508e-04,6.543206981228087043e-04,3.845165872398546196e-04,1.446958213036814676e-03,2.451951733822939003e-03,1.255128163656467170e-03,1.644146073685063072e-04,1.335226261703896088e-03,4.503014633999468980e-04,6.264429449062905312e-04,5.758758083108426280e-04,1.931185940191502319e-03,6.693855528766276064e-04,2.906698216879531355e-03,2.017193498699892604e-03,2.865304983651512181e-03,1.634479588301189544e-03,6.132318388313946420e-03,9.249765680414766267e-03,2.074152155301553849e-03,7.115847935269089186e-04,5.010127802693404653e-04,1.366967797451918484e-03,3.191486253563810462e-03,2.198772401466592055e-03,1.134286258911376688e-03,5.147138718086361094e-03,3.300977297175769314e-03,7.405303335030651891e-03,1.956242506938358442e-03,4.688238220232399979e-03,2.348806653293676258e-02,5.377858127791417323e-03,9.300219914696584945e-04,2.081043545607082820e-03,3.095454878522247225e-02,9.034241757302189854e-03,1.802875064524015261e-02,1.607035711535620415e-02,2.957425558008343596e-03,2.434666576227901159e-03,1.611797859701133949e-03,1.230702395795457357e-03,2.965522080658660256e-03,2.213417381086434186e-03,4.159043936563678462e-03,1.130881029894116423e-02,7.515266610528943854e-03,5.906254931296663589e-03,1.859631153257580282e-03,1.718111868945383343e-03,1.306585929900444054e-03,4.761773412951871010e-03,1.553373982360959325e-02,2.673079744234483496e-02,4.159863045917181618e-02,4.467572192741239151e-02,4.252439841590153341e-02,3.465665742329151339e-02,2.657765334871601409e-02,1.984713684205301545e-02,1.376454429049993322e-02,1.346638617477689294e-02,1.457722625358150864e-02,6.512742830215847642e-03,9.927886499700248543e-03,2.059234774075681222e-03,2.175989829118913418e-03,2.374829562158614973e-03,2.910092023988339067e-03,9.497145913835334467e-04,4.870709541693414926e-03,2.460573431019941280e-03,2.513969063578676624e-03,1.609224666156030973e-03,2.114073040400915853e-03,1.907282413918299103e-03,2.042847265079991790e-03,2.372536868551590634e-03,4.204866969343492439e-03,2.551015077569928572e-03,5.325374349350082623e-03,2.340993017123696104e-03,2.171667183481495143e-03,1.347745899675837971e-03,2.010702078033766143e-03,2.253701825528838746e-03,2.803679031802115522e-03,5.928005361877853284e-03,3.495969729630577123e-03,1.031419039344897782e-03,1.055854662919044479e-03,1.091240261267424193e-03,1.320733829801318520e-03,2.174840824469248882e-03,5.667723571711557164e-04,6.605885133554787163e-04,9.613898207880700996e-04,2.249723003971526147e-03,2.213586884457491213e-03,1.778748008524972529e-03,2.410433479339185552e-03,1.577075279893748417e-03,1.602331090172756439e-03,3.565131105629446299e-35,3.565131105629446299e-35,3.565131105629446299e-35,3.565131105629446299e-35,3.565131105629446299e-35,3.565131105629446299e-35,3.565131105629446299e-35,3.565131105629446299e-35,3.565131105629446299e-35,3.565131105629446299e-35,3.565131105629446299e-35,3.565131105629446299e-35,3.565131105629446299e-35,3.565131105629446299e-35,3.565131105629446299e-35,3.565131105629446299e-35,3.565131105629446299e-35,3.565131105629446299e-35,3.565131105629446299e-35,3.565131105629446299e-35,3.565131105629446299e-35,3.565131105629446299e-35,3.565131105629446299e-35,3.565131105629446299e-35,3.565131105629446299e-35,3.565131105629446299e-35,3.565131105629446299e-35,3.565131105629446299e-35,3.565131105629446299e-35,3.565131105629446299e-35,3.565131105629446299e-35,3.565131105629446299e-35,3.565131105629446299e-35,3.565131105629446299e-35,3.565131105629446299e-35,3.565131105629446299e-35,3.565131105629446299e-35,3.565131105629446299e-35,3.565131105629446299e-35,3.565131105629446299e-35,3.565131105629446299e-35,3.565131105629446299e-35,3.565131105629446299e-35,3.565131105629446299e-35,3.565131105629446299e-35,3.565131105629446299e-35,3.565131105629446299e-35,3.565131105629446299e-35,3.565131105629446299e-35,3.565131105629446299e-35,3.565131105629446299e-35,3.565131105629446299e-35
4.606423319938056371e-02,4.606423319938056371e-02,4.606423319938056371e-02,4.606423319938056371e-02,4.606423319938056371e-02,4.606423319938056371e-02,4.606423319938056371e-02,4.606423319938056371e-02,4.606423319938056371e-02,4.606423319938056371e-02,4.606423319938056371e-02,4.606423319938056371e-02,4.606423319938056371e-02,4.606423319938056371e-02,4.606423319938056371e-02,4.606423319938056371e-02,4.606423319938056371e-02,4.606423319938056371e-02,4.606423319938056371e-02,4.606423319938056371e-02,4.606423319938056371e-02,4.606423319938056371e-02,4.606423319938056371e-02,4.606423319938056371e-02,4.606423319938056371e-02,4.606423319938056371e-02,4.606423319938056371e-02,4.606423319938056371e-02,4.606423319938056371e-02,4.606423319938056371e-02,4.606423319938056371e-02,9.389243474127373021e-03,4.797599566212709145e-03,8.417505546514192014e-03,4.606423319938056371e-02,4.606423319938056371e-02,4.581257090688384791e-03,1.580249790823981103e-03,1.338150414393663020e-03,1.190518327824851251e-03,1.452431972006568671e-03,1.713576965483321187e-03,4.622229659786150462e-03,3.557190930920400146e-02,3.950516497661190479e-02,3.811746568842259986e-02,4.354189093387521303e-02,3.270379970767545857e-02,3.377502028191674277e-02,4.228741107456971543e-02,1.519696698259872039e-02,2.554638066061840160e-03,1.103678482665991674e-03,9.009738782045672353e-04,9.245345009061957213e-04,4.208917125425759467e-04,1.637805070726624851e-03,4.879600467827814245e-03,2.790823404912309499e-02,4.204053568663999874e-02,3.375506030689747611e-02,3.695893111616827681e-02,3.163212343589168196e-02,1.907970462119427252e-02,2.684260710150620025e-02,3.264995750655107914e-02,1.853424881370234175e-03,1.842738866292143937e-03,1.573721176892012904e-03,2.835047990545710387e-03,2.055501236873629161e-03,3.588019025355579632e-03,2.918475983507353572e-02,4.118192065346875513e-02,4.651842186332517254e-02,3.301116868875535182e-02,4.817251043466326543e-02,2.787615635822622215e-02,4.876529164952751044e-02,3.310532054402282303e-03,2.479708741340282737e-03,1.145722845673694673e-02,4.859208618514615496e-02,4.816369378292033321e-02,5.302889946384747172e-02,5.093604669032939652e-02,4.846609815529000220e-02,4.850715498418083083e-02,5.950035286477397406e-02,3.307228109133612814e-02,6.755029381874694261e-02,5.200139684372384608e-02,5.539393939313514564e-02,7.711170444107499911e-02,4.771217542674691114e-02,2.879971708513214684e-02,1.546530234717733571e-02,3.591499398962987033e-02,4.104877923941525897e-02,2.856104601519370012e-02,4.240758352647176072e-02,3.584487040530329443e-03,2.510740441319835037e-02,5.936663084466273915e-02,4.480730828962136564e-02,4.813618741362594294e-02,4.851021526748661161e-02,5.331140799834456490e-02,5.670476383562188250e-02,6.240978865182353341e-02,6.530752966941737181e-02,6.968414987631564583e-02,7.702319226181229828e-02,7.238903780101750562e-02,4.652718914616524315e-02,1.918615788178365186e-02,1.919294317172086026e-02,1.686201514449261682e-02,6.373157536789090562e-03,4.214059497237987797e-03,5.791227604821616755e-03,6.429394886217720470e-03,6.438162162731909423e-03,6.071326280008192133e-03,2.614083379373400434e-03,2.038696513966923272e-03,3.269520049985079595e-03,4.503762754431666140e-03,3.048109754076711465e-03,2.510469766261886389e-03,3.283149806334565921e-03,3.409640178250660132e-03,4.712405196733215028e-03,6.603448695527921325e-03,4.653964062424311397e-03,4.454692345002367500e-03,3.109564128669938411e-03,3.368759612476575349e-03,4.560219223990687014e-03,3.233834559826354212e-03,3.716210784277253557e-03,4.173224852354838303e-03,2.713694715118834810e-03,2.959712609398110726e-03,3.113008630947006455e-03,2.564850999196950469e-03,3.744712040741057964e-03,3.737903265537755731e-03,3.543810856179403519e-03,3.033165413194522861e-03,3.854570672524466543e-03,2.880006129863433434e-03,1.486447498324551010e-03,2.609691250238342555e-03,3.195248106562932015e-03,3.621310623740938654e-03,8.687782513460721653e-03,4.606423319938056371e-02,4.606423319938056371e-02,4.606423319938056371e-02,4.606423319938056371e-02,4.606423319938056371e-02,4.606423319938056371e-02,4.606423319938056371e-02,4.606423319938056371e-02,4.606423319938056371e-02,4.606423319938056371e-02,4.606423319938056371e-02,4.606423319938056371e-02,4.606423319938056371e-02,4.606423319938056371e-02,4.606423319938056371e-02,4.606423319938056371e-02,4.606423319938056371e-02,4.606423319938056371e-02,4.606423319938056371e-02,4.606423319938056371e-02,4.606423319938056371e-02,4.606423319938056371e-02,4.606423319938056371e-02,4.606423319938056371e-02,4.606423319938056371e-02,4.606423319938056371e-02,4.606423319938056371e-02,4.606423319938056371e-02,4.606423319938056371e-02,4.606423319938056371e-02,4.606423319938056371e-02,4.606423319938056371e-02,4.606423319938056371e-02,4.606423319938056371e-02,4.606423319938056371e-02,4.606423319938056371e-02,4.606423319938056371e-02,4.606423319938056371e-02,4.606423319938056371e-02,4.606423319938056371e-02,4.606423319938056371e-02,4.606423319938056371e-02,4.606423319938056371e-02,4.606423319938056371e-02,4.606423319938056371e-02,4.606423319938056371e-02,4.606423319938056371e-02,4.606423319938056371e-02,4.606423319938056371e-02,4.606423319938056371e-02,4.606423319938056371e-02,4.606423319938056371e-02
0.000000000000000000e+00,0.000000000000000000e+00,0.000000000000000000e+00,0.000000000000000000e+00,0.000000000000000000e+00,0.000000000000000000e+00,0.000000000000000000e+00,0.000000000000000000e+00,0.000000000000000000e+00,0.000000000000000000e+00,0.000000000000000000e+00,0.000000000000000000e+00,0.000000000000000000e+00,0.000000000000000000e+00,0.000000000000000000e+00,0.000000000000000000e+00,0.000000000000000000e+00,0.000000000000000000e+00,0.000000000000000000e+00,0.000000000000000000e+00,0.000000000000000000e+00,0.000000000000000000e+00,0.000000000000000000e+00,0.000000000000000000e+00,0.000000000000000000e+00,0.000000000000000000e+00,0.000000000000000000e+00,0.000000000000000000e+00,0.000000000000000000e+00,0.000000000000000000e+00,0.000000000000000000e+00,8.336807002917882630e-04,2.501042100875364681e-03,-8.336807002917883715e-04,-2.501042100875364681e-03,0.000000000000000000e+00,5.002084201750729361e-03,2.459358065860775544e-02,1.375573155481450358e-02,4.085035431429762803e-02,7.836598582742809738e-02,3.459774906210921763e-02,1.750729470612755190e-02,-8.837015423092955957e-02,-1.017090454355981666e-01,-3.334722801167151751e-03,-2.501042100875365548e-03,3.751563151313048322e-03,-2.084201750729472447e-03,9.170487703209672520e-03,1.859107961650687812e-01,2.059191329720717056e-01,2.167569820758646904e-02,-2.751146310962898633e-02,-3.584827011254687612e-02,-3.376406836181744531e-02,-7.211338057523969391e-02,-9.253855773238847671e-02,-9.962484368486870800e-02,-5.418924551896622810e-02,3.751563151313048322e-03,-9.170487703209669050e-03,0.000000000000000000e+00,-2.084201750729472447e-03,1.250521050437682774e-03,3.626511046269279004e-02,5.585660691954981438e-02,1.004585243851604803e-01,2.417674030846186928e-02,-7.127969987494789383e-02,-2.667778240933724176e-02,-2.542726135889952777e-02,-4.543559816590246603e-02,-2.292621925802417610e-02,-5.418924551896624198e-03,-1.292205085452271390e-02,2.501042100875364854e-02,7.086285952480196604e-03,-1.167152980408503460e-02,5.502292621925802124e-02,7.002917882451020759e-02,2.751146310962901409e-02,-9.045435598165901814e-02,-9.670696123384743548e-02,-3.751563151313046587e-03,-1.250521050437682774e-03,4.168403501458948363e-04,4.168403501458948363e-04,2.501042100875363813e-03,8.336807002917879378e-04,-2.917882451021258650e-03,-1.250521050437682774e-03,9.170487703209672520e-03,1.292205085452271737e-02,-2.084201750729472447e-03,5.794080867027927989e-02,8.711963318049188720e-02,-6.794497707378074902e-02,-8.420175072947061468e-02,6.252605252188413870e-03,2.501042100875364854e-02,6.044185077115464544e-02,-2.501042100875364160e-02,-6.794497707378074902e-02,-9.170487703209669050e-03,-2.084201750729470712e-03,4.168403501458948363e-04,0.000000000000000000e+00,-1.250521050437682774e-03,0.000000000000000000e+00,1.667361400583575876e-03,1.667361400583575876e-03,-8.336807002917879378e-04,2.501042100875365548e-03,4.877032096706961084e-02,3.918299291371404175e-02,-1.042100875364734835e-02,8.336807002917889786e-03,-1.750729470612756578e-02,-3.001250521050437270e-02,2.250937890787828299e-02,-5.418924551896617259e-03,-1.167152980408504154e-02,-5.418924551896624198e-03,1.667361400583579345e-03,2.250937890787827605e-02,4.168403501458944893e-03,-3.084618591079616584e-02,-1.500625260525218635e-02,2.084201750729470365e-02,1.583993330554398643e-02,-1.500625260525219329e-02,9.170487703209662111e-03,1.583993330554397949e-02,-1.709045435598165186e-02,9.587328053355562152e-03,-6.669445602334303502e-03,-1.917465610671113124e-02,-1.167152980408503460e-02,5.002084201750724157e-03,1.583993330554397949e-02,-2.501042100875365548e-03,-6.669445602334303502e-03,-8.336807002917931420e-04,-5.835764902042517299e-03,-1.333889120466861047e-02,-2.501042100875362079e-03,8.336807002917882847e-03,-8.336807002917882847e-03,-4.168403501458941424e-03,-4.168403501458941424e-03,-8.336807002917896725e-04,7.503126302626093175e-03,1.667361400583579345e-03,-8.336807002917882847e-03,-1.083784910379324840e-02,-5.002084201750729361e-03,-8.336807002917882630e-04,0.000000000000000000e+00,0.000000000000000000e+00,0.000000000000000000e+00,0.000000000000000000e+00,0.000000000000000000e+00,0.000000000000000000e+00,0.000000000000000000e+00,0.000000000000000000e+00,0.000000000000000000e+00,0.000000000000000000e+00,0.000000000000000000e+00,0.000000000000000000e+00,0.000000000000000000e+00,0.000000000000000000e+00,0.000000000000000000e+00,0.000000000000000000e+00,0.000000000000000000e+00,0.000000000000000000e+00,0.000000000000000000e+00,0.000000000000000000e+00,0.000000000000000000e+00,0.000000000000000000e+00,0.000000000000000000e+00,0.000000000000000000e+00,0.000000000000000000e+00,0.000000000000000000e+00,0.000000000000000000e+00,0.000000000000000000e+00,0.000000000000000000e+00,0.000000000000000000e+00,0.000000000000000000e+00,0.000000000000000000e+00,0.000000000000000000e+00,0.000000000000000000e+00,0.000000000000000000e+00,0.000000000000000000e+00,0.000000000000000000e+00,0.000000000000000000e+00,0.000000000000000000e+00,0.000000000000000000e+00,0.000000000000000000e+00,0.000000000000000000e+00,0.000000000000000000e+00,0.000000000000000000e+00,0.000000000000000000e+00,0.000000000000000000e+00,0.000000000000000000e+00,0.000000000000000000e+00,0.000000000000000000e+00,0.000000000000000000e+00,0.000000000000000000e+00
0.000000000000000000e+00,0.000000000000000000e+00,0.000000000000000000e+00,0.000000000000000000e+00,0.000000000000000000e+00,0.000000000000000000e+00,0.000000000000000000e+00,0.000000000000000000e+00,0.000000000000000000e+00,0.000000000000000000e+00,0.000000000000000000e+00,0.000000000000000000e+00,0.000000000000000000e+00,0.000000000000000000e+00,0.000000000000000000e+00,0.000000000000000000e+00,0.000000000000000000e+00,0.000000000000000000e+00,0.000000000000000000e+00,0.000000000000000000e+00,0.000000000000000000e+00,0.000000000000000000e+00,0.000000000000000000e+00,0.000000000000000000e+00,0.000000000000000000e+00,0.000000000000000000e+00,0.000000000000000000e+00,0.000000000000000000e+00,0.000000000000000000e+00,0.000000000000000000e+00,0.000000000000000000e+00,1.339866232124863836e-08,1.618657264411186855e-08,-1.339866232124864167e-08,-1.618657264411186524e-08,0.000000000000000000e+00,4.910060722540308514e-08,2.443244249673837434e-07,1.650142296260268656e-07,9.596204049481627885e-04,2.129781597013893479e-03,-4.819420121015337115e-04,-9.460327486094928344e-04,5.783025302918057275e-02,8.986648744590186588e-02,5.113660632628772018e-02,-1.750710058910143196e-02,-1.023695539731371146e-01,-7.197592799289634358e-02,-6.750423548386236781e-03,-1.280278522361889132e-03,2.464149390981475174e-03,5.435819171402084954e-03,6.785429201842500119e-03,-3.948845897149347306e-06,-5.974690688411558176e-03,-5.068091108472153397e-03,-3.288840175773632534e-03,1.099084819692288523e-02,1.552441771290450495e-02,1.548279614735887169e-02,2.385965501135620115e-02,-1.333656090846322556e-02,-3.859282198616882653e-02,-1.337705711139375135e-02,-1.085863919063663561e-03,2.394437175315205189e-05,8.012267714694940382e-03,3.050738967503498211e-03,-7.311168069639807643e-03,-2.493701705409130491e-03,6.860153018064026748e-04,9.302188977527714453e-03,1.127042611140482466e-02,4.126912611430503391e-03,3.620612511253118448e-04,-1.162187949454970837e-02,-1.266551599136724569e-02,-2.726706233144369010e-03,6.864450609294418760e-04,3.024629608871728676e-04,2.318386900127187601e-03,2.977357358909307056e-02,2.877455714858660057e-02,6.871149772791740329e-03,-1.223846633066294487e-03,2.522191915618934854e-03,1.247589183312224070e-02,-1.931305029946435436e-02,-2.967318959875742124e-02,1.670184226912320435e-03,2.973627907677321713e-03,-1.034465767702696243e-02,-9.373545021565090479e-03,-9.433498490708437656e-03,-6.803416474057459584e-03,-1.362846569778056573e-03,3.474056665821433770e-02,2.519647429315645393e-03,-3.495327829238824291e-02,-3.172439283664972576e-03,4.389419078267378128e-03,7.348054740931673351e-03,7.021002787133238943e-03,3.170217516779299388e-03,-2.760007936118094585e-03,-3.591815435057141292e-03,-3.671462807496096367e-03,-1.708629146409524832e-03,3.542228790209718536e-04,-7.978054317711417986e-04,-2.223648543460543872e-03,-1.944108984784196845e-03,-2.313648802093695028e-03,-2.468939744990970679e-03,-1.091028804399410976e-03,-1.049356672751711503e-04,-1.629427609454298020e-05,-6.805642462909437872e-06,-7.304624935838073291e-07,3.513467958223213436e-07,1.225712216324852197e-07,-1.906596805408343404e-07,-1.911872011179308268e-07,-2.198575852122079972e-07,7.409496755767528466e-08,1.183409398614419879e-07,-2.026860665554577838e-07,-1.728370713015490436e-07,9.198767193851540457e-08,1.351518656561470629e-07,-9.415122911078544163e-08,3.088069552552829612e-07,1.709506431337985241e-07,-3.283089587993546125e-07,7.166765009685700440e-08,-1.439730220602784531e-07,-2.107860372354991617e-07,-6.799162633485243714e-08,3.552164847313194369e-08,1.307546561700523774e-07,1.825329724288499374e-08,-1.049422775401932900e-07,0.000000000000000000e+00,-3.201255242617867137e-08,-1.588975196872329555e-07,3.732461278335700104e-08,1.093528557422590910e-07,-9.729973229569368130e-08,-9.820121445080620998e-08,-3.480046274904201074e-08,2.607613891840743643e-09,3.704748377883772174e-08,-1.151223415349791369e-08,-7.329031797605965131e-08,-5.844928420663099486e-08,-4.892031079438057543e-08,-1.915477939799758859e-08,0.000000000000000000e+00,0.000000000000000000e+00,0.000000000000000000e+00,0.000000000000000000e+00,0.000000000000000000e+00,0.000000000000000000e+00,0.000000000000000000e+00,0.000000000000000000e+00,0.000000000000000000e+00,0.000000000000000000e+00,0.000000000000000000e+00,0.000000000000000000e+00,0.000000000000000000e+00,0.000000000000000000e+00,0.000000000000000000e+00,0.000000000000000000e+00,0.000000000000000000e+00,0.000000000000000000e+00,0.000000000000000000e+00,0.000000000000000000e+00,0.000000000000000000e+00,0.000000000000000000e+00,0.000000000000000000e+00,0.000000000000000000e+00,0.000000000000000000e+00,0.000000000000000000e+00,0.000000000000000000e+00,0.000000000000000000e+00,0.000000000000000000e+00,0.000000000000000000e+00,0.000000000000000000e+00,0.000000000000000000e+00,0.000000000000000000e+00,0.000000000000000000e+00,0.000000000000000000e+00,0.000000000000000000e+00,0.000000000000000000e+00,0.000000000000000000e+00,0.000000000000000000e+00,0.000000000000000000e+00,0.000000000000000000e+00,0.000000000000000000e+00,0.000000000000000000e+00,0.000000000000000000e+00,0.000000000000000000e+00,0.000000000000000000e+00,0.000000000000000000e+00,0.000000000000000000e+00,0.000000000000000000e+00,0.000000000000000000e+00,0.000000000000000000e+00
0.000000000000000000e+00,0.000000000000000000e+00,0.000000000000000000e+00,0.000000000000000000e+00,0.000000000000000000e+00,0.000000000000000000e+00,0.000000000000000000e+00,0.000000000000000000e+00,0.000000000000000000e+00,0.000000000000000000e+00,0.000000000000000000e+00,0.000000000000000000e+00,0.000000000000000000e+00,0.000000000000000000e+00,0.000000000000000000e+00,0.000000000000000000e+00,0.000000000000000000e+00,0.000000000000000000e+00,0.000000000000000000e+00,0.000000000000000000e+00,0.000000000000000000e+00,0.000000000000000000e+00,0.000000000000000000e+00,0.000000000000000000e+00,0.000000000000000000e+00,0.000000000000000000e+00,0.000000000000000000e+00,0.000000000000000000e+00,0.000000000000000000e+00,0.000000000000000000e+00,0.000000000000000000e+00,-2.487601042655979811e+00,5.255761516829732249e-01,-6.310351249686232400e-01,2.593060015941629715e+00,0.000000000000000000e+00,-1.671577067638442271e+00,1.091479047248687495e+00,3.432819907821746952e-01,-2.087730321515902432e+00,1.737842238377715676e+00,1.801322750707674558e-01,-1.616778848999889107e-02,-4.905082782193668223e-01,8.558390958373425228e-01,4.787146887605464585e-02,-1.330212169794777743e-01,-7.178940075475290783e-01,2.505078891569660904e-01,1.441896101485080628e-01,-1.786289843960386925e-01,-1.053843574349020429e-01,5.748677207472834283e-01,8.998117901812419106e-02,-5.888596975534898803e-03,-3.373147905285378556e-02,-4.145884120373635184e-01,-6.196553185983466605e-02,-3.094697324261668214e-01,8.558934767992072423e-01,-1.990322044813641611e-03,2.650237931604060293e-02,-3.498464135035672662e-01,-9.813563150473592067e-01,9.025837669389669138e-01,-3.924205293361033853e-01,-1.855231172555041663e+00,1.759935535565511522e+00,6.255902439953375804e-01,-3.175399079785981016e-01,5.912983309613824012e-01,3.896976717435052251e-03,-5.945970931927155867e-01,5.450643011734102039e-01,8.447200739403282199e-02,-6.978295415124513568e-03,-4.792657405978806295e-01,-7.403871725460096087e-01,7.530445428959717802e-01,-9.849617522001694603e-01,5.534330175079413827e-01,-1.317056029025823305e+00,1.513282736440661358e+00,7.141156259842551535e-01,-1.891875450272362258e-03,-3.085316843122853925e-03,-2.131085285023814890e-03,1.104892383276645518e-02,-1.726884564635269292e-01,-6.764367791987524470e-02,1.321648309396192822e-01,9.302904033273184936e-02,-1.413475457046731165e-02,-1.282832809680289898e-02,-3.035722830656037985e-01,-3.584094234025427816e-01,4.320608526698461738e-01,-6.850583105800240880e-01,2.009158689203136561e-01,-7.481672155121006362e-01,1.064595037159768331e+00,-9.718486749046970630e-01,8.818004163836792308e-01,3.148203261822719590e-01,2.098697678313223847e-01,-7.526022186299385908e-04,-8.637618617646225516e-03,-2.763734277313467658e-03,1.868514949546895565e-02,-1.261494199596313592e-03,-1.103273809497640201e-02,-5.665474487099420031e-03,2.084228800446563667e-03,-1.492426707536789188e-01,-5.985073216923577633e-01,-3.119072471247950062e-01,7.931648028810660556e-01,-4.743862693551466059e-01,3.837023507190298055e-01,8.986556860972028105e-02,-1.956364302635278385e-01,1.494177999470243101e-01,1.009267606302723941e-01,-2.350007139098648778e-01,8.770753754552540471e-02,2.484365041881821945e-01,-2.514260238576238038e-02,-4.232187728527652126e-01,7.099222981570463276e-02,2.733893590352560743e-01,1.471765184874973542e-02,-2.130013351734127980e-02,-3.063087883747983575e-01,1.086303151796692568e-01,8.290588502014362149e-02,2.196881132292212158e-01,1.456413659926480975e-02,-1.200424140592013522e-01,-2.881518075658298095e-01,-4.917400168307750619e-02,2.977626387688960818e-01,1.347041046903010297e-01,-9.381869646884455349e-02,-4.170500688514877652e-02,2.687588989045464061e-02,-1.572919525609322022e-01,-1.091311858789367761e-01,2.078002492431854087e-01,-2.232330628649439319e-01,-1.076993184043995022e-01,-1.240164351578831869e-02,1.852013642149490380e-01,3.051446786536669009e-01,-3.350310785656143153e-01,-3.569933592198437644e-01,-4.345065264912295611e-01,-1.389971191048116061e+00,2.677783937235588052e+00,0.000000000000000000e+00,0.000000000000000000e+00,0.000000000000000000e+00,0.000000000000000000e+00,0.000000000000000000e+00,0.000000000000000000e+00,0.000000000000000000e+00,0.000000000000000000e+00,0.000000000000000000e+00,0.000000000000000000e+00,0.000000000000000000e+00,0.000000000000000000e+00,0.000000000000000000e+00,0.000000000000000000e+00,0.000000000000000000e+00,0.000000000000000000e+00,0.000000000000000000e+00,0.000000000000000000e+00,0.000000000000000000e+00,0.000000000000000000e+00,0.000000000000000000e+00,0.000000000000000000e+00,0.000000000000000000e+00,0.000000000000000000e+00,0.000000000000000000e+00,0.000000000000000000e+00,0.000000000000000000e+00,0.000000000000000000e+00,0.000000000000000000e+00,0.000000000000000000e+00,0.000000000000000000e+00,0.000000000000000000e+00,0.000000000000000000e+00,0.000000000000000000e+00,0.000000000000000000e+00,0.000000000000000000e+00,0.000000000000000000e+00,0.000000000000000000e+00,0.000000000000000000e+00,0.000000000000000000e+00,0.000000000000000000e+00,0.000000000000000000e+00,0.000000000000000000e+00,0.000000000000000000e+00,0.000000000000000000e+00,0.000000000000000000e+00,0.000000000000000000e+00,0.000000000000000000e+00,0.000000000000000000e+00,0.000000000000000000e+00,0.000000000000000000e+00
0.000000000000000000e+00,0.000000000000000000e+00,0.000000000000000000e+00,0.000000000000000000e+00,0.000000000000000000e+00,0.000000000000000000e+00,0.000000000000000000e+00,0.000000000000000000e+00,0.000000000000000000e+00,0.000000000000000000e+00,0.000000000000000000e+00,0.000000000000000000e+00,0.000000000000000000e+00,0.000000000000000000e+00,0.000000000000000000e+00,0.000000000000000000e+00,0.000000000000000000e+00,0.000000000000000000e+00,0.000000000000000000e+00,0.000000000000000000e+00,0.000000000000000000e+00,0.000000000000000000e+00,0.000000000000000000e+00,0.000000000000000000e+00,0.000000000000000000e+00,0.000000000000000000e+00,0.000000000000000000e+00,0.000000000000000000e+00,0.000000000000000000e+00,0.000000000000000000e+00,0.000000000000000000e+00,4.924536740362102094e-01,1.894622034014414869e-03,-1.994400855015898699e-03,-4.923538952152087256e-01,0.000000000000000000e+00,4.714545452139276005e-01,-2.706961711327648956e-02,-1.634346087772536871e-02,-2.143564861556677692e-01,2.177809945272546344e-02,1.413975892527152833e-02,1.512662878582587966e-02,-8.196515540383350618e-02,7.463468103769077544e-03,-1.978034538869380410e-02,6.046005248919877895e-03,-3.360249169228149424e-02,-1.771400958238716905e-02,7.435120909938111589e-02,1.725650346770990218e-01,6.971319075020593337e-02,-1.526333529565998548e-02,-1.503539469171788490e-02,-2.534259296531854444e-02,-2.761451186844687822e-02,-3.163782207832105398e-02,-3.879928259873594021e-02,-1.481560463865850830e-01,-5.874244511046261552e-03,-1.823006928340337174e-03,-1.649555366225431696e-02,5.690579579193180693e-03,-1.003450217450520265e-02,6.386670862624789502e-02,4.368829319547462564e-02,5.915036328687883760e-02,2.919370937792137299e-02,-1.208006673743722281e-02,-4.633821672884191889e-02,-4.974115943845097698e-02,-1.478052869968077276e-02,-4.955082840204197425e-02,2.203371555475222565e-02,-3.153826940923640243e-02,2.458930395488209686e-02,2.134906953966062004e-02,1.274090581318088056e-02,5.560914654900225851e-02,-1.689741044837703154e-02,8.056320565813457346e-03,-2.883889615497725600e-02,-4.828448303812951647e-02,1.563321517457361143e-03,-7.375463230433380868e-02,4.665823362227843052e-02,-7.044133356351271746e-02,6.487461096046663600e-02,-4.303717317896839367e-02,4.423062535679699037e-02,1.224890780147980252e-02,1.236081645917858074e-02,1.566275313693815674e-02,3.532969885466688553e-02,7.037924045175614207e-03,4.470890562071178076e-02,3.716974697738201217e-02,-1.082167777432580802e-01,-2.535953927725242973e-02,4.650284808441873530e-03,5.265883990941255810e-02,7.202321796774630025e-03,-2.687570328823057908e-02,-3.770029864883955861e-02,-1.120479088194525907e-02,-1.209290077079669401e-02,1.875669273537772241e-05,-9.161192382660041100e-03,6.156331848755497438e-04,2.053781264496917780e-02,6.161903299561177771e-03,3.282826800799221179e-04,1.246667510463575490e-02,-3.598139372422370919e-03,8.265191128278143173e-03,5.627624800546127126e-02,6.513276164877479513e-02,4.726816813079925961e-02,7.188834202797955708e-02,1.403853530212489931e-02,-8.025846083931531538e-03,-4.723809386120214615e-03,4.707780376735914984e-04,4.478987481458196473e-03,2.398557661049333101e-02,1.811415976993147048e-02,-5.774204148161932171e-03,-9.547965398716384833e-03,7.436513624416885015e-03,8.682444460649918483e-03,-1.358560623219712271e-02,-5.802900258350063289e-03,-1.302189947909476730e-02,3.254336091030873845e-04,1.378400591000950026e-02,7.690915207954840405e-03,1.079591686010650253e-02,2.585008365001750796e-03,-2.463098637111427180e-02,2.498626064595887986e-03,1.003166362386770372e-02,-5.118532004975862026e-03,8.191916340083149617e-03,-3.038144160959155293e-03,-1.019065379017802808e-02,9.976402403338857638e-05,-1.126807295785192675e-02,8.031090696517639849e-03,1.557683846890389745e-02,2.100496035767784875e-02,-1.011596657395386067e-02,-1.161912444893964391e-02,1.289393976104724615e-02,9.805163254673898710e-03,-5.800473017175344914e-03,-3.124205100043131456e-03,2.402106678551785279e-04,-4.628966809576707253e-01,0.000000000000000000e+00,0.000000000000000000e+00,0.000000000000000000e+00,0.000000000000000000e+00,0.000000000000000000e+00,0.000000000000000000e+00,0.000000000000000000e+00,0.000000000000000000e+00,0.000000000000000000e+00,0.000000000000000000e+00,0.000000000000000000e+00,0.000000000000000000e+00,0.000000000000000000e+00,0.000000000000000000e+00,0.000000000000000000e+00,0.000000000000000000e+00,0.000000000000000000e+00,0.000000000000000000e+00,0.000000000000000000e+00,0.000000000000000000e+00,0.000000000000000000e+00,0.000000000000000000e+00,0.000000000000000000e+00,0.000000000000000000e+00,0.000000000000000000e+00,0.000000000000000000e+00,0.000000000000000000e+00,0.000000000000000000e+00,0.000000000000000000e+00,0.000000000000000000e+00,0.000000000000000000e+00,0.000000000000000000e+00,0.000000000000000000e+00,0.000000000000000000e+00,0.000000000000000000e+00,0.000000000000000000e+00,0.000000000000000000e+00,0.000000000000000000e+00,0.000000000000000000e+00,0.000000000000000000e+00,0.000000000000000000e+00,0.000000000000000000e+00,0.000000000000000000e+00,0.000000000000000000e+00,0.000000000000000000e+00,0.000000000000000000e+00,0.000000000000000000e+00,0.000000000000000000e+00,0.000000000000000000e+00,0.000000000000000000e+00,0.000000000000000000e+00
0.000000000000000000e+00,0.000000000000000000e+00,0.000000000000000000e+00,0.000000000000000000e+00,0.000000000000000000e+00,0.000000000000000000e+00,0.000000000000000000e+00,0.000000000000000000e+00,0.000000000000000000e+00,0.000000000000000000e+00,0.000000000000000000e+00,0.000000000000000000e+00,0.000000000000000000e+00,0.000000000000000000e+00,0.000000000000000000e+00,0.000000000000000000e+00,0.000000000000000000e+00,0.000000000000000000e+00,0.000000000000000000e+00,0.000000000000000000e+00,0.000000000000000000e+00,0.000000000000000000e+00,0.000000000000000000e+00,0.000000000000000000e+00,0.000000000000000000e+00,0.000000000000000000e+00,0.000000000000000000e+00,0.000000000000000000e+00,0.000000000000000000e+00,0.000000000000000000e+00,0.000000000000000000e+00,2.494832872222439157e-01,-1.388692323093326797e-03,-4.648676341290486347e-03,-2.434459185578601026e-01,0.000000000000000000e+00,2.917202999191317869e-01,-1.827597934230040799e-03,2.488286452075216815e-03,-1.101987315114751897e-01,-9.893308867008981933e-03,5.291425369339963769e-03,2.851034496994933609e-02,6.618627698745993548e-03,1.664197829532904072e-02,-5.296288378599661728e-03,4.562528652243380556e-03,-1.453299500544127931e-02,4.310843119858076555e-03,4.312912004191610249e-02,-8.996433846763685072e-03,-8.787138838146044129e-02,-1.552427616726045900e-02,5.913481656763419636e-03,-4.355395166698583509e-03,1.308086672043295984e-02,6.784238554825211542e-03,4.245459954034663808e-02,-2.554727354893449043e-02,-1.309864230047114164e-03,1.495602449338748197e-02,-1.187337934969093234e-02,6.526251521633857910e-03,-2.785402323783492395e-03,4.892886475628149823e-02,1.539712314192717701e-02,-6.652152463129223925e-02,-2.680076707416007009e-02,1.356557503103733575e-03,3.808192968495938135e-03,1.247363799946002438e-02,3.079237071212298504e-03,1.148285032841117603e-03,3.268764653310088364e-02,-3.310308879381571034e-02,3.153005733198033234e-02,4.590701333737456924e-03,3.438991031135874010e-03,4.590097863150660595e-02,-8.794845592303376924e-02,-1.620061237433106927e-03,4.636756959905855013e-02,-1.062276630308853220e-02,1.457904654635983066e-02,-5.920274181186491180e-02,5.020613724585526461e-02,-7.687487946081744683e-02,7.243401607591323788e-02,-4.530194826883604531e-02,4.016525163809597787e-02,-1.130416184241858635e-02,1.910162231623860341e-02,-2.447200209011901606e-03,-4.328439677899975635e-03,1.549110045009244319e-02,2.777955052447803053e-02,-5.181209996975910670e-03,-1.960390622139610017e-02,-1.248271122608832218e-02,2.320810182181662351e-02,3.308330500684178443e-02,-1.030590497624994661e-01,1.177707557203122590e-02,3.911213177691924558e-02,7.694966086972399033e-04,-8.581184151586429554e-03,2.793858309306007648e-03,-5.977230379742931587e-03,-3.563833825943524269e-03,1.127785701713657218e-02,2.290176918577635501e-03,1.128245602805888481e-03,6.532494648935072146e-03,1.334249196990905384e-03,6.192749482008375050e-03,2.673873051928069011e-02,2.197282531004363104e-02,1.323821013526499391e-02,-1.918046965207087506e-03,-5.489143547873165385e-03,1.922432630082293592e-03,-3.135445513738011059e-03,-1.355573101928964075e-03,2.517319207523627256e-03,4.929984432504752601e-03,-1.938647281960692581e-03,1.932410831142317154e-03,2.490973460126943984e-04,-3.070092409779345832e-03,-1.339575621044364340e-03,-6.395155538672092632e-04,-2.567028166712059800e-03,1.500973618008699662e-02,1.939333244850960369e-03,-6.725045525599160356e-03,-4.211497982833933840e-03,-1.590182211506141474e-03,2.810906963215786813e-03,-4.704445827746761566e-04,1.339942957187478800e-03,1.044342356959437890e-03,-1.886828050553290836e-03,-3.163294203632593948e-03,1.190832299867550237e-03,2.052280352714264122e-03,2.646674028984774552e-03,-6.489585367092209900e-03,-3.710652200027808600e-03,1.116436576556856242e-03,-2.289324157375149937e-04,4.915132302225511118e-03,5.098954077392137130e-04,-6.789538264482419816e-03,6.490311293597561537e-03,2.919813017117134368e-03,-9.024478553199044573e-03,3.919968247088900792e-03,-2.940787993101183218e-01,0.000000000000000000e+00,0.000000000000000000e+00,0.000000000000000000e+00,0.000000000000000000e+00,0.000000000000000000e+00,0.000000000000000000e+00,0.000000000000000000e+00,0.000000000000000000e+00,0.000000000000000000e+00,0.000000000000000000e+00,0.000000000000000000e+00,0.000000000000000000e+00,0.000000000000000000e+00,0.000000000000000000e+00,0.000000000000000000e+00,0.000000000000000000e+00,0.000000000000000000e+00,0.000000000000000000e+00,0.000000000000000000e+00,0.000000000000000000e+00,0.000000000000000000e+00,0.000000000000000000e+00,0.000000000000000000e+00,0.000000000000000000e+00,0.000000000000000000e+00,0.000000000000000000e+00,0.000000000000000000e+00,0.000000000000000000e+00,0.000000000000000000e+00,0.000000000000000000e+00,0.000000000000000000e+00,0.000000000000000000e+00,0.000000000000000000e+00,0.000000000000000000e+00,0.000000000000000000e+00,0.000000000000000000e+00,0.000000000000000000e+00,0.000000000000000000e+00,0.000000000000000000e+00,0.000000000000000000e+00,0.000000000000000000e+00,0.000000000000000000e+00,0.000000000000000000e+00,0.000000000000000000e+00,0.000000000000000000e+00,0.000000000000000000e+00,0.000000000000000000e+00,0.000000000000000000e+00,0.000000000000000000e+00,0.000000000000000000e+00,0.000000000000000000e+00
0.000000000000000000e+00,0.000000000000000000e+00,0.000000000000000000e+00,0.000000000000000000e+00,0.000000000000000000e+00,0.000000000000000000e+00,0.000000000000000000e+00,0.000000000000000000e+00,0.000000000000000000e+00,0.000000000000000000e+00,0.000000000000000000e+00,0.000000000000000000e+00,0.000000000000000000e+00,0.000000000000000000e+00,0.000000000000000000e+00,0.000000000000000000e+00,0.000000000000000000e+00,0.000000000000000000e+00,0.000000000000000000e+00,0.000000000000000000e+00,0.000000000000000000e+00,0.000000000000000000e+00,0.000000000000000000e+00,0.000000000000000000e+00,0.000000000000000000e+00,0.000000000000000000e+00,0.000000000000000000e+00,0.000000000000000000e+00,0.000000000000000000e+00,0.000000000000000000e+00,0.000000000000000000e+00,2.142042925911454621e+00,1.645576482521939887e-01,-2.033385793047863821e-01,-2.103261994858862227e+00,0.000000000000000000e+00,2.537165770998018655e+00,1.165836136751701169e-01,-7.309242106311986120e-02,-1.864476023189370224e+00,3.535135098966042388e-01,1.803436533125963859e-01,2.990643265505292803e-01,-1.740239148600975172e+00,-1.073584712535082530e-01,-7.652891433726710657e-02,-4.103255080870021887e-02,-3.502018368515924518e-02,-4.876381627368536753e-02,6.423987534212224904e-02,1.481503568297255935e+00,8.877332077734667592e-04,2.061690924931336433e-01,-4.003697557689389619e-02,-5.206513723389560866e-02,2.053254478378065961e-01,1.536432528801041641e-01,2.243093920121252971e-01,-2.077816852073504528e+00,-4.874424005079622257e-02,-2.400767548194798762e-02,-3.092493211682599552e-02,-1.259331598030614952e-02,1.059486660528990987e-03,7.869394501482485094e-02,1.169902133332351435e-01,1.791231035931811322e+00,-4.055029780990451194e-01,8.176946155471442879e-02,9.289744632408725167e-02,-2.637093985109784100e-01,-2.805153455109992144e-01,-1.037521182526497832e+00,-9.842099315535515758e-02,-1.369264671076805828e-02,4.312730859957397689e-02,6.438686627043016530e-02,2.131890182646629661e-01,-1.443470987810040462e-01,1.608433725400652659e+00,-1.584161510204062928e-02,-1.088801067327038075e+00,-6.879878092802826917e-01,-4.005825517033757832e-02,-7.489366054266262396e-02,2.617130262768665658e-02,-3.077743514817146003e-02,2.696704939836465365e-02,-2.797708462568977011e-02,4.182970769099485925e-02,1.647825573195773469e-02,4.412552741830032266e-02,9.349770062611943711e-02,1.001868247262203415e-01,5.319347507762384186e-02,1.912932046450138701e-01,7.520234391690893139e-01,-1.152377790394335522e+00,-4.487843805950074427e-02,1.644643319001309889e-02,2.300224709977970183e-02,1.326257442257538832e+00,-2.763843695042345061e-01,-1.097023439031767023e+00,-1.848973131407682935e-02,-2.414769332260610635e-02,-1.281994559119929711e-02,-9.727260513721421031e-03,-2.645431932521043195e-03,3.643202241534457264e-03,8.378645797488773472e-03,4.004687806676288098e-03,-3.394816205224832073e-03,8.367238915307287361e-03,5.219950030317246914e-02,3.255463512050647545e-01,5.493869337781303042e-01,4.175621714097573767e-01,1.323196846439973262e+00,2.744510631842147497e-01,-1.911927838090310416e-01,-3.549077805357958582e-02,1.034251436022399773e-01,1.230427736840900010e-02,1.891695319832109590e-01,1.228338188649047424e-01,-7.602515218864569491e-02,-8.993474834722325895e-02,1.376603546735903905e-01,3.077800887782888850e-02,-9.466357328450403230e-02,-1.369258046888433000e-02,-3.908294157153280324e-01,-2.992620932324063787e-02,3.168777044730268777e-01,1.086747377151531246e-01,6.946353942764948997e-02,8.688494732125739972e-03,-1.717500558466125149e-01,5.486441089522786640e-02,4.147579234615772492e-02,9.872897527507085158e-03,6.271428585173133285e-02,-4.696287842128477052e-02,-4.058906539674778102e-02,1.250691381174284800e-02,-6.174268722849252100e-02,2.967802721023415913e-02,7.808718450650964371e-02,7.673283874375735891e-02,-3.990063834934920450e-02,-4.395014492681026397e-02,7.191503429219414656e-02,-5.714205477813205647e-03,-5.709820069147308885e-02,-4.871931231682102847e-02,-3.745487771582083347e-01,-2.193092640410922556e+00,0.000000000000000000e+00,0.000000000000000000e+00,0.000000000000000000e+00,0.000000000000000000e+00,0.000000000000000000e+00,0.000000000000000000e+00,0.000000000000000000e+00,0.000000000000000000e+00,0.000000000000000000e+00,0.000000000000000000e+00,0.000000000000000000e+00,0.000000000000000000e+00,0.000000000000000000e+00,0.000000000000000000e+00,0.000000000000000000e+00,0.000000000000000000e+00,0.000000000000000000e+00,0.000000000000000000e+00,0.000000000000000000e+00,0.000000000000000000e+00,0.000000000000000000e+00,0.000000000000000000e+00,0.000000000000000000e+00,0.000000000000000000e+00,0.000000000000000000e+00,0.000000000000000000e+00,0.000000000000000000e+00,0.000000000000000000e+00,0.000000000000000000e+00,0.000000000000000000e+00,0.000000000000000000e+00,0.000000000000000000e+00,0.000000000000000000e+00,0.000000000000000000e+00,0.000000000000000000e+00,0.000000000000000000e+00,0.000000000000000000e+00,0.000000000000000000e+00,0.000000000000000000e+00,0.000000000000000000e+00,0.000000000000000000e+00,0.000000000000000000e+00,0.000000000000000000e+00,0.000000000000000000e+00,0.000000000000000000e+00,0.000000000000000000e+00,0.000000000000000000e+00,0.000000000000000000e+00,0.000000000000000000e+00,0.000000000000000000e+00,0.000000000000000000e+00
0.000000000000000000e+00,0.000000000000000000e+00,0.000000000000000000e+00,0.000000000000000000e+00,0.000000000000000000e+00,0.000000000000000000e+00,0.000000000000000000e+00,0.000000000000000000e+00,0.000000000000000000e+00,0.000000000000000000e+00,0.000000000000000000e+00,0.000000000000000000e+00,0.000000000000000000e+00,0.000000000000000000e+00,0.000000000000000000e+00,0.000000000000000000e+00,0.000000000000000000e+00,0.000000000000000000e+00,0.000000000000000000e+00,0.000000000000000000e+00,0.000000000000000000e+00,0.000000000000000000e+00,0.000000000000000000e+00,0.000000000000000000e+00,0.000000000000000000e+00,0.000000000000000000e+00,0.000000000000000000e+00,0.000000000000000000e+00,0.000000000000000000e+00,0.000000000000000000e+00,0.000000000000000000e+00,7.426662589578202356e-01,-7.424536384590660898e-01,-3.200701629849837890e-07,7.422629642020618368e-01,-7.424752646306530535e-01,7.514037535073757601e-01,-7.509474076362038231e-01,-1.766767597826637186e-04,2.173592250637533529e-03,-1.249262602996072460e-03,-5.112933360764888076e-04,1.199415170396572403e-03,1.053711929812056920e-02,-1.104518472869598505e-02,-7.803449049592221234e-04,1.894921391957394424e-03,2.104907109141717844e-03,2.144245366133140651e-03,2.188448043030929470e-03,1.142922243803922919e-02,-1.776886695081237103e-02,-1.527063592013777572e-03,-1.907905366151164180e-04,-2.138240918018530570e-04,1.895815557820260599e-04,1.935844332133897575e-05,3.504062899667908593e-04,1.112323266278214019e-02,-8.074351219300442833e-03,3.628001110833434933e-03,-4.909134264803244330e-03,1.866141137921182701e-03,3.241623349934326208e-03,-6.112989091998909455e-03,-3.026141412319294580e-05,7.792883427630311818e-03,-8.682222701958787828e-03,-6.175507690203756129e-04,6.455830170877808723e-04,8.121550446708958402e-04,-4.587578611500485806e-04,5.918447336571670998e-03,-4.316371253916339613e-03,-3.164247395010463815e-04,1.831274537521881962e-03,-7.303456406752722486e-04,2.137995873405942795e-03,-3.037353777423465028e-03,5.077406941252950168e-03,-7.592663701192735315e-03,3.273343657560128916e-03,1.390690615900485629e-02,-1.520825380818222571e-02,9.739577398403502159e-03,-6.264488199358615901e-03,4.079296922125312357e-03,-4.026971267987270245e-03,1.646797001470692162e-02,1.405553723271647792e-02,-1.753490599160060018e-02,-1.473147316546534122e-02,-2.736795113789269006e-03,1.984495092424454557e-03,1.139724548292804333e-03,-1.188393309111702642e-03,-8.523301901562879528e-04,1.167097581695833441e-02,-1.245169666473003832e-02,7.823459382142735480e-03,-3.604352930951269102e-03,9.770459478137313164e-03,-1.310086664615333490e-02,1.311649524568381242e-02,-9.805344390119038328e-03,-4.230412928583043158e-03,1.688481685311176003e-03,-5.701084114327261559e-04,1.971347351951123223e-03,-8.307371376601183424e-04,-2.684578195595076558e-03,8.882632510690848231e-04,-2.782758909863148125e-04,1.112940012914605779e-03,4.290378416583952303e-03,-2.111140931366645331e-03,-3.381365701820296648e-03,-9.575937952179693459e-04,1.763575394538675683e-04,-5.352300639142681211e-04,-1.382073702901773183e-05,-1.724169658002371454e-04,1.296110537113829056e-04,-6.072097551871176403e-05,1.188764427292942705e-04,-1.156622262634720883e-04,-5.040903718510071326e-05,-4.193820183310702134e-05,1.385964411665302812e-04,-1.355200503028363627e-04,1.020389643544660071e-04,-1.366647917699026710e-04,3.613236244009670030e-04,-3.540897938059737841e-04,1.713618471445149932e-04,-9.982639871658070992e-05,1.559583622144785579e-05,4.204736440283958097e-05,2.190055236760704788e-05,-1.068654958139909255e-05,-2.500896375650355939e-05,-3.609390938722313938e-05,5.255466866122769079e-05,1.060792713571779644e-05,-2.090436998476708202e-05,-2.767822279481265682e-05,9.124792613882256286e-05,-1.438849294896017619e-04,4.004673993927870173e-05,2.097461345254044004e-05,-1.001187094410864497e-05,8.742213959402555211e-06,1.307197026098919860e-05,-5.247228265523908031e-05,4.632676992744050445e-05,-3.020836395033448928e-05,2.835646784262612794e-05,7.427081388206838719e-01,-7.430746698034853548e-01,0.000000000000000000e+00,0.000000000000000000e+00,0.000000000000000000e+00,0.000000000000000000e+00,0.000000000000000000e+00,0.000000000000000000e+00,0.000000000000000000e+00,0.000000000000000000e+00,0.000000000000000000e+00,0.000000000000000000e+00,0.000000000000000000e+00,0.000000000000000000e+00,0.000000000000000000e+00,0.000000000000000000e+00,0.000000000000000000e+00,0.000000000000000000e+00,0.000000000000000000e+00,0.000000000000000000e+00,0.000000000000000000e+00,0.000000000000000000e+00,0.000000000000000000e+00,0.000000000000000000e+00,0.000000000000000000e+00,0.000000000000000000e+00,0.000000000000000000e+00,0.000000000000000000e+00,0.000000000000000000e+00,0.000000000000000000e+00,0.000000000000000000e+00,0.000000000000000000e+00,0.000000000000000000e+00,0.000000000000000000e+00,0.000000000000000000e+00,0.000000000000000000e+00,0.000000000000000000e+00,0.000000000000000000e+00,0.000000000000000000e+00,0.000000000000000000e+00,0.000000000000000000e+00,0.000000000000000000e+00,0.000000000000000000e+00,0.000000000000000000e+00,0.000000000000000000e+00,0.000000000000000000e+00,0.000000000000000000e+00,0.000000000000000000e+00,0.000000000000000000e+00,0.000000000000000000e+00,0.000000000000000000e+00,0.000000000000000000e+00
0.000000000000000000e+00,0.000000000000000000e+00,0.000000000000000000e+00,0.000000000000000000e+00,0.000000000000000000e+00,0.000000000000000000e+00,0.000000000000000000e+00,0.000000000000000000e+00,0.000000000000000000e+00,0.000000000000000000e+00,0.000000000000000000e+00,0.000000000000000000e+00,0.000000000000000000e+00,0.000000000000000000e+00,0.000000000000000000e+00,0.000000000000000000e+00,0.000000000000000000e+00,0.000000000000000000e+00,0.000000000000000000e+00,0.000000000000000000e+00,0.000000000000000000e+00,0.000000000000000000e+00,0.000000000000000000e+00,0.000000000000000000e+00,0.000000000000000000e+00,0.000000000000000000e+00,0.000000000000000000e+00,0.000000000000000000e+00,0.000000000000000000e+00,0.000000000000000000e+00,0.000000000000000000e+00,5.024999999999999467e-01,1.025000000000000355e-01,-6.499999999999994671e-02,-5.400000000000000355e-01,0.000000000000000000e+00,7.266666666666666829e-01,6.499999999999994671e-02,-7.499999999999951150e-03,-6.075000000000000400e-01,1.041666666666666574e-01,1.500000000000001332e-02,1.891666666666666496e-01,-4.591666666666666674e-01,0.000000000000000000e+00,0.000000000000000000e+00,-9.166666666666666713e-03,-2.500000000000000486e-03,0.000000000000000000e+00,-8.333333333333317605e-04,5.416666666666667407e-01,-2.833333333333343251e-02,-7.499999999999951150e-03,-1.666666666666671848e-02,-1.916666666666660968e-02,-2.500000000000002220e-03,-5.333333333333334370e-02,-3.999999999999998002e-02,-3.483333333333333282e-01,8.333333333333317605e-04,-8.333333333333317605e-04,-8.333333333333386994e-04,-1.249999999999999722e-02,8.333333333333352300e-04,-8.333333333333352300e-04,1.166666666666666546e-02,3.233333333333333615e-01,1.500000000000001332e-02,-1.000000000000000888e-02,-7.833333333333336590e-02,-5.666666666666664298e-02,-1.833333333333334036e-02,-1.683333333333333348e-01,-2.500000000000002220e-03,-8.333333333333317605e-04,0.000000000000000000e+00,0.000000000000000000e+00,2.333333333333333093e-02,-2.249999999999999917e-02,2.191666666666666485e-01,8.333333333333359239e-03,-1.424999999999999878e-01,-1.091666666666666757e-01,0.000000000000000000e+00,0.000000000000000000e+00,0.000000000000000000e+00,0.000000000000000000e+00,0.000000000000000000e+00,-8.333333333333352300e-04,-8.333333333333317605e-04,8.333333333333317605e-04,9.166666666666666713e-03,9.166666666666670182e-03,-1.750000000000000167e-02,1.666666666666663521e-03,2.333333333333333787e-02,4.066666666666666763e-01,-4.291666666666666408e-01,0.000000000000000000e+00,0.000000000000000000e+00,-2.499999999999998751e-03,1.991666666666666585e-01,-4.166666666666668517e-02,-1.574999999999999734e-01,0.000000000000000000e+00,2.499999999999998751e-03,5.833333333333332732e-03,0.000000000000000000e+00,0.000000000000000000e+00,-8.333333333333317605e-04,0.000000000000000000e+00,-8.333333333333334952e-03,0.000000000000000000e+00,0.000000000000000000e+00,8.333333333333352300e-04,6.583333333333332704e-02,8.833333333333333315e-02,2.400000000000000189e-01,3.174999999999999489e-01,3.333333333333332593e-02,-3.833333333333333037e-02,-1.999999999999990674e-02,5.833333333333245996e-03,2.000000000000001776e-02,7.583333333333330817e-02,2.083333333333337034e-02,-7.499999999999951150e-03,-1.083333333333336146e-02,1.749999999999996003e-02,9.166666666666656305e-03,-3.583333333333327264e-02,-2.083333333333337034e-02,1.000000000000000888e-02,6.666666666666709595e-03,1.916666666666666519e-02,3.333333333333299286e-03,2.249999999999996447e-02,1.166666666666671404e-02,-4.916666666666669183e-02,6.666666666666709595e-03,3.749999999999997780e-02,-1.250000000000006661e-02,-6.666666666666598573e-03,-5.000000000000004441e-03,-1.500000000000001332e-02,2.083333333333337034e-02,-6.083333333333340587e-02,1.250000000000006661e-02,3.166666666666662078e-02,1.916666666666666519e-02,-5.000000000000004441e-03,-2.249999999999996447e-02,1.666666666666705154e-03,4.833333333333333925e-02,-1.666666666666705154e-03,-9.166666666666667407e-02,-2.358333333333333393e-01,-5.241666666666666696e-01,0.000000000000000000e+00,0.000000000000000000e+00,0.000000000000000000e+00,0.000000000000000000e+00,0.000000000000000000e+00,0.000000000000000000e+00,0.000000000000000000e+00,0.000000000000000000e+00,0.000000000000000000e+00,0.000000000000000000e+00,0.000000000000000000e+00,0.000000000000000000e+00,0.000000000000000000e+00,0.000000000000000000e+00,0.000000000000000000e+00,0.000000000000000000e+00,0.000000000000000000e+00,0.000000000000000000e+00,0.000000000000000000e+00,0.000000000000000000e+00,0.000000000000000000e+00,0.000000000000000000e+00,0.000000000000000000e+00,0.000000000000000000e+00,0.000000000000000000e+00,0.000000000000000000e+00,0.000000000000000000e+00,0.000000000000000000e+00,0.000000000000000000e+00,0.000000000000000000e+00,0.000000000000000000e+00,0.000000000000000000e+00,0.000000000000000000e+00,0.000000000000000000e+00,0.000000000000000000e+00,0.000000000000000000e+00,0.000000000000000000e+00,0.000000000000000000e+00,0.000000000000000000e+00,0.000000000000000000e+00,0.000000000000000000e+00,0.000000000000000000e+00,0.000000000000000000e+00,0.000000000000000000e+00,0.000000000000000000e+00,0.000000000000000000e+00,0.000000000000000000e+00,0.000000000000000000e+00,0.000000000000000000e+00,0.000000000000000000e+00,0.000000000000000000e+00
0.000000000000000000e+00,0.000000000000000000e+00,0.000000000000000000e+00,0.000000000000000000e+00,0.000000000000000000e+00,0.000000000000000000e+00,0.000000000000000000e+00,0.000000000000000000e+00,0.000000000000000000e+00,0.000000000000000000e+00,0.000000000000000000e+00,0.000000000000000000e+00,0.000000000000000000e+00,0.000000000000000000e+00,0.000000000000000000e+00,0.000000000000000000e+00,0.000000000000000000e+00,0.000000000000000000e+00,0.000000000000000000e+00,0.000000000000000000e+00,0.000000000000000000e+00,0.000000000000000000e+00,0.000000000000000000e+00,0.000000000000000000e+00,0.000000000000000000e+00,0.000000000000000000e+00,0.000000000000000000e+00,0.000000000000000000e+00,0.000000000000000000e+00,0.000000000000000000e+00,0.000000000000000000e+00,5.296056786147048001e+00,7.768672621596124372e-01,-8.028756845194422453e-01,-5.270048363787218193e+00,0.000000000000000000e+00,8.743442085967501498e+00,2.884896841062506212e+00,8.068907474239424005e-01,1.015443453140975905e+01,9.496088379799871859e-01,-5.762850196448283668e-01,-1.396593868237197000e-01,4.035278326278387340e+00,1.132917311402071192e+00,1.842932402289960692e-01,-6.679048640381672897e-01,-8.915094698450438671e-01,-4.372820786583286434e+00,-9.922218682573245019e-01,3.002721237143539668e-01,-1.486917143079228509e+00,7.914599731790090686e-01,9.772691109481854710e-01,3.394078194638829871e-01,7.435873520106461854e-01,-1.808793642780237576e-01,3.994398232241138658e-01,2.487363396094153245e+00,7.642350726093205537e-01,1.089852585342921287e+00,1.956670155004651690e-01,-1.006883890389985936e+00,-4.511417794189114261e-01,-3.576182559391085647e+00,-1.782816645723453775e+00,1.021585588555023349e+00,1.754025620516763695e+00,6.404262776506222110e-01,-2.473889286963704137e-01,-5.164412598762879725e-02,7.039361102074153109e-01,1.835446271009960384e+00,-4.117547483449968126e-02,4.225831376408777373e-01,5.989567275107958721e-01,-1.143380666417932900e+00,-1.379033005579302085e+00,-3.663529611804989372e+00,2.399494541338537346e+00,-2.314364206673431568e-01,1.758364815087961830e+00,-7.070327947872989682e-01,2.374907612800299717e+00,-1.732602292635604613e+00,2.152915992857160177e+00,-2.304369180671603345e+00,2.226813368646897828e+00,-2.700320929920785318e+00,1.821744617782158571e+00,-2.396239713484682454e-01,1.001413226524860534e+00,-2.640995544100803727e-01,-1.627713230924282328e+00,-6.720585931702416360e-02,-7.817416387364595209e-01,-5.554522719050218882e-01,1.763203630097972763e+00,-1.015882830447885965e+00,-4.377145655489371734e-01,-4.147363115068067430e+00,4.194401180101245075e+00,1.389854306943451689e+00,-5.717147643952102953e-01,7.178098562551795681e-01,-6.183059399791517308e-01,-7.106941242595574693e-01,-1.958795128152210907e-01,-4.381552697605961555e-01,-7.802120675206438705e-01,6.589988742981240932e-01,3.262791812645104983e-02,-1.032413440074165578e+00,5.689726407637252237e-02,-3.310563006832865085e-01,-1.744527986813594111e+00,-2.012390232373483911e+00,-1.670287739295243767e+00,-2.476161441419378662e+00,-1.148253561205820006e+00,6.742774156210202818e-01,1.519006445247441661e-01,-3.187577123847376015e-01,-3.322415589515657075e-01,-4.458487005536753145e-01,-3.752082600863815287e-02,4.108403589833429237e-01,-3.446541741798156977e-01,-7.516725663905106103e-01,2.893189638619162452e-01,4.826990025791815242e-01,-2.640530388921717986e-01,9.933829495243173824e-01,2.705308389545635350e-01,-8.077504840676894560e-01,-3.587537243207350457e-02,-3.953968858221017513e-01,-6.579796642303321619e-01,1.645580905159107488e-01,2.428538147010286252e-01,1.478180922352478888e-01,4.987541205512968645e-02,-3.918997097844467703e-01,-4.712675702265300970e-03,1.036070821454870838e-01,-6.837616305915048542e-01,1.260136864719569871e-01,2.267548644858052853e-01,-4.797189218229220842e-01,-9.527299175177930124e-01,1.458459158710212478e-02,1.929117784613723074e-01,-4.647203338770111714e-03,-1.026147322348691659e-01,-5.007089701555571537e-01,-1.031325012834784616e+00,-1.660090318833184142e+00,-7.650705014069053789e+00,0.000000000000000000e+00,0.000000000000000000e+00,0.000000000000000000e+00,0.000000000000000000e+00,0.000000000000000000e+00,0.000000000000000000e+00,0.000000000000000000e+00,0.000000000000000000e+00,0.000000000000000000e+00,0.000000000000000000e+00,0.000000000000000000e+00,0.000000000000000000e+00,0.000000000000000000e+00,0.000000000000000000e+00,0.000000000000000000e+00,0.000000000000000000e+00,0.000000000000000000e+00,0.000000000000000000e+00,0.000000000000000000e+00,0.000000000000000000e+00,0.000000000000000000e+00,0.000000000000000000e+00,0.000000000000000000e+00,0.000000000000000000e+00,0.000000000000000000e+00,0.000000000000000000e+00,0.000000000000000000e+00,0.000000000000000000e+00,0.000000000000000000e+00,0.000000000000000000e+00,0.000000000000000000e+00,0.000000000000000000e+00,0.000000000000000000e+00,0.000000000000000000e+00,0.000000000000000000e+00,0.000000000000000000e+00,0.000000000000000000e+00,0.000000000000000000e+00,0.000000000000000000e+00,0.000000000000000000e+00,0.000000000000000000e+00,0.000000000000000000e+00,0.000000000000000000e+00,0.000000000000000000e+00,0.000000000000000000e+00,0.000000000000000000e+00,0.000000000000000000e+00,0.000000000000000000e+00,0.000000000000000000e+00,0.000000000000000000e+00,0.000000000000000000e+00
0.000000000000000000e+00,0.000000000000000000e+00,0.000000000000000000e+00,0.000000000000000000e+00,0.000000000000000000e+00,0.000000000000000000e+00,0.000000000000000000e+00,0.000000000000000000e+00,0.000000000000000000e+00,0.000000000000000000e+00,0.000000000000000000e+00,0.000000000000000000e+00,0.000000000000000000e+00,0.000000000000000000e+00,0.000000000000000000e+00,0.000000000000000000e+00,0.000000000000000000e+00,0.000000000000000000e+00,0.000000000000000000e+00,0.000000000000000000e+00,0.000000000000000000e+00,0.000000000000000000e+00,0.000000000000000000e+00,0.000000000000000000e+00,0.000000000000000000e+00,0.000000000000000000e+00,0.000000000000000000e+00,0.000000000000000000e+00,0.000000000000000000e+00,0.000000000000000000e+00,0.000000000000000000e+00,-2.413643102204021118e-01,4.122172473740622900e-01,-9.984411561727523088e-01,8.275882190190920751e-01,0.000000000000000000e+00,2.937596163753317113e-01,-2.584016479328815619e-02,-1.530581294404134152e-01,-4.874516592894846956e-01,4.858488324732037622e-01,9.716774754369871259e-01,1.050721508831197859e+00,5.892762051564530701e-01,-2.773615459330431854e-01,6.016909465567623627e-01,-6.193805842737996059e-01,1.125567680230339818e+00,-9.013091827444790205e-01,1.165380286171542323e-01,-3.176652809126077059e-01,-8.741181503540005338e-01,-7.982962460122224879e-01,-6.469151386832564521e-01,-4.783199510233772656e-01,1.202263521184319672e-01,-2.722340071486659685e-01,1.412805866966915014e+00,5.056319552651118432e-01,-1.642296131808496096e-01,5.788298873831532187e-01,3.218727701122108265e-01,1.003079293277311379e-01,6.089819487985970170e-01,-7.316309523892039479e-02,-6.669051623733079914e-01,-1.594192453300006029e+00,4.961747870870873989e-01,-6.265195096787962159e-01,-8.767219461720079376e-01,-2.036283025835238791e-01,3.127974286990513608e-01,2.111946673268338515e+00,-3.248019063954217245e-01,5.453664185250399754e-01,5.955974251926954288e-02,-2.414908980120979987e-01,3.802650817780521830e-01,-3.264489300479891387e-01,-1.213521915923016614e+00,-3.613289600808424762e-01,2.297864599154929799e+00,1.336042182325183347e+00,-6.651409320352996701e-01,1.429117449411523744e+00,-1.394610591532592814e+00,8.776272068964141582e-01,-8.838038774783294471e-01,8.954059300020702494e-01,-9.690276945994904523e-01,-1.209779880406393726e+00,4.392858609044978380e-01,-5.372566673169367757e-01,-7.532818352593524391e-01,6.142979130290817658e-01,6.753931809970210587e-01,1.466782215849709026e-01,9.844023184767114465e-01,4.934604044448773763e-01,-9.190441762581316176e-01,2.225484243808311113e-01,-1.975988355792599682e+00,7.380517136906086240e-01,8.110083817512179216e-01,3.435567364726566097e-01,2.708480451260060207e-01,1.057801874818498078e-02,2.509186990275944495e-01,-4.899244318381317242e-01,-1.376277030980137983e+00,2.919241679340873752e-01,2.049040666349384310e-01,-4.475092638967299585e-01,2.731545157331587426e-01,5.714804871769008088e-02,-3.723472074839730972e-01,-7.352818909253948654e-01,2.791204091892893757e-01,-3.406029788238775780e-01,-3.853968743432153454e-01,5.773423915903083126e-01,-1.187959702572711773e-01,-2.851463366176911762e-01,2.583783917862543245e-01,-1.101774845798233482e-01,-2.934767609612644046e-01,1.508126768621688152e-01,7.105528881490941195e-02,-3.375687102696414144e-01,2.485803103346122533e-01,-9.455224614047330611e-02,-2.563291373487275315e-02,5.840504158184767203e-01,-7.314021985511676149e-03,-3.314197889388978968e-01,-1.148162087910364892e-01,-3.161672621714828324e-02,-4.414536813231964563e-01,4.984816673084649374e-01,9.439644854783924011e-02,-2.247272159724040819e-01,-7.839050690639159935e-02,1.113487164593477408e-01,-1.262490761058523425e-01,1.696357194051578698e-02,-1.023249502399965483e-01,1.819732909136165810e-01,-2.506229792304681681e-02,1.232343304192202726e-01,-1.348864569921467416e-01,-2.216145935043765114e-01,-2.210265720975541637e-01,-8.676749524106808220e-02,4.022230690808796805e-01,-3.150511191089422347e-02,-1.983324120819871528e-01,-1.357744523116951596e-01,-2.932157863663319985e-01,0.000000000000000000e+00,0.000000000000000000e+00,0.000000000000000000e+00,0.000000000000000000e+00,0.000000000000000000e+00,0.000000000000000000e+00,0.000000000000000000e+00,0.000000000000000000e+00,0.000000000000000000e+00,0.000000000000000000e+00,0.000000000000000000e+00,0.000000000000000000e+00,0.000000000000000000e+00,0.000000000000000000e+00,0.000000000000000000e+00,0.000000000000000000e+00,0.000000000000000000e+00,0.000000000000000000e+00,0.000000000000000000e+00,0.000000000000000000e+00,0.000000000000000000e+00,0.000000000000000000e+00,0.000000000000000000e+00,0.000000000000000000e+00,0.000000000000000000e+00,0.000000000000000000e+00,0.000000000000000000e+00,0.000000000000000000e+00,0.000000000000000000e+00,0.000000000000000000e+00,0.000000000000000000e+00,0.000000000000000000e+00,0.000000000000000000e+00,0.000000000000000000e+00,0.000000000000000000e+00,0.000000000000000000e+00,0.000000000000000000e+00,0.000000000000000000e+00,0.000000000000000000e+00,0.000000000000000000e+00,0.000000000000000000e+00,0.000000000000000000e+00,0.000000000000000000e+00,0.000000000000000000e+00,0.000000000000000000e+00,0.000000000000000000e+00,0.000000000000000000e+00,0.000000000000000000e+00,0.000000000000000000e+00,0.000000000000000000e+00,0.000000000000000000e+00
0.000000000000000000e+00,0.000000000000000000e+00,0.000000000000000000e+00,0.000000000000000000e+00,0.000000000000000000e+00,0.000000000000000000e+00,0.000000000000000000e+00,0.000000000000000000e+00,0.000000000000000000e+00,0.000000000000000000e+00,0.000000000000000000e+00,0.000000000000000000e+00,0.000000000000000000e+00,0.000000000000000000e+00,0.000000000000000000e+00,0.000000000000000000e+00,0.000000000000000000e+00,0.000000000000000000e+00,0.000000000000000000e+00,0.000000000000000000e+00,0.000000000000000000e+00,0.000000000000000000e+00,0.000000000000000000e+00,0.000000000000000000e+00,0.000000000000000000e+00,0.000000000000000000e+00,0.000000000000000000e+00,0.000000000000000000e+00,0.000000000000000000e+00,0.000000000000000000e+00,0.000000000000000000e+00,1.200727589636685355e-01,-2.298267530905442335e-01,-3.782185061449245267e-01,4.879725002718001692e-01,0.000000000000000000e+00,5.583256365803777183e-02,-2.016977632961459710e-01,-1.085383828935804207e-01,-3.932557367206869214e-01,1.672536391596134431e-01,8.366447087996731202e-01,1.064214444103670498e+00,-9.895865166460733331e-01,-2.333568652651045738e-01,1.935933118568748945e-01,-6.280059815639664755e-01,3.587782048993615192e-01,-1.595017478038293079e-01,2.778161853415335170e-01,-5.173917780006678790e-02,7.654689029752483886e-01,-5.847414477660615173e-01,-4.870827228471407144e-01,-3.962231725687567208e-01,2.361421721438386467e-01,-4.171463623182036229e-01,7.943133788656361327e-01,-6.551364730809813297e-01,3.206868395154033324e-01,-5.616152156675593421e-01,6.442319570679346796e-01,-2.131335251406082376e-01,-3.840192851284612852e-02,3.293878919539406369e-01,3.100639271213097015e-01,-5.813450878347814488e-01,-2.285846544446205053e-01,-7.186149086004733899e-02,-4.706746845912168631e-02,-1.090141436559145527e-01,-2.427290288651327010e-01,1.782706072145717746e-01,-3.840171977273673098e-01,-9.491413358880995688e-02,7.245840254057398511e-01,7.567888571404113307e-03,3.434195372626638321e-01,-2.686854643702468737e-02,1.109053482979480476e+00,-1.099968054598711165e-01,-3.727921492269770098e-02,8.766260706845822037e-01,-8.888033047040981849e-01,1.218105562811497844e-01,-5.464158852108123021e-01,7.980785866295130315e-01,-5.459665372225386282e-01,5.386408159881067581e-02,7.493004267952552144e-02,-1.131238833761092355e+00,5.082155282181854972e-01,3.806413767718478391e-01,2.137866228944707014e-02,2.499014621200907893e-01,-3.220102925795923499e-01,-2.157982333913937290e-01,5.627355589236353595e-01,6.523778933947820269e-01,-1.028328393528838758e+00,1.743762216216058203e-01,-7.848543229424220780e-02,2.963484394832728297e-01,-1.846858961009345546e-01,-1.190930426192211566e-01,-2.413346853949257520e-01,1.936189202807703236e-02,-8.364176171452256670e-01,-8.852623941439247135e-01,-1.378725985586766178e-01,6.266131352217252370e-01,6.243959769542605232e-01,5.052615114535128349e-01,2.378553133154199528e-01,3.977414844685366324e-01,1.284534536318326925e-01,-4.128445427329922035e-01,3.119154169831565016e-01,-2.514274082774263785e-01,-3.635833175552072860e-01,1.136603077922425792e-01,-1.733435336846813335e-01,1.824130683435745415e-01,4.790679488284488308e-02,-1.082570019570611164e-01,-1.221673129042546990e-01,1.671601859871330031e-02,-7.418572469276236980e-02,-9.280372066784871310e-02,1.812211249821862324e-01,-1.209283363379962811e-01,2.708377214488369988e-01,-3.990156678531262546e-01,-6.234752449874531033e-02,3.219635666140967523e-01,1.120479755033126357e-01,7.810014207952797882e-03,-4.799800511870938591e-02,-1.417525241594177476e-01,1.856421512443027222e-01,-4.791873023440229584e-02,-3.354945152061919456e-02,1.703058706491653307e-01,-3.093166082561904506e-02,-1.145248028900139325e-01,-1.460288733048538401e-01,4.765469127047963771e-01,-1.031800285632938907e-02,2.213073361757816881e-02,-2.330218171588960274e-04,-2.283986164824858833e-01,-1.063307434999363199e-01,-3.159084138804105213e-01,9.927858759175856029e-02,3.101733285738117463e-01,-8.813285833383566192e-02,-3.336516716641775293e-01,1.822748961485090302e-01,0.000000000000000000e+00,0.000000000000000000e+00,0.000000000000000000e+00,0.000000000000000000e+00,0.000000000000000000e+00,0.000000000000000000e+00,0.000000000000000000e+00,0.000000000000000000e+00,0.000000000000000000e+00,0.000000000000000000e+00,0.000000000000000000e+00,0.000000000000000000e+00,0.000000000000000000e+00,0.000000000000000000e+00,0.000000000000000000e+00,0.000000000000000000e+00,0.000000000000000000e+00,0.000000000000000000e+00,0.000000000000000000e+00,0.000000000000000000e+00,0.000000000000000000e+00,0.000000000000000000e+00,0.000000000000000000e+00,0.000000000000000000e+00,0.000000000000000000e+00,0.000000000000000000e+00,0.000000000000000000e+00,0.000000000000000000e+00,0.000000000000000000e+00,0.000000000000000000e+00,0.000000000000000000e+00,0.000000000000000000e+00,0.000000000000000000e+00,0.000000000000000000e+00,0.000000000000000000e+00,0.000000000000000000e+00,0.000000000000000000e+00,0.000000000000000000e+00,0.000000000000000000e+00,0.000000000000000000e+00,0.000000000000000000e+00,0.000000000000000000e+00,0.000000000000000000e+00,0.000000000000000000e+00,0.000000000000000000e+00,0.000000000000000000e+00,0.000000000000000000e+00,0.000000000000000000e+00,0.000000000000000000e+00,0.000000000000000000e+00,0.000000000000000000e+00
0.000000000000000000e+00,0.000000000000000000e+00,0.000000000000000000e+00,0.000000000000000000e+00,0.000000000000000000e+00,0.000000000000000000e+00,0.000000000000000000e+00,0.000000000000000000e+00,0.000000000000000000e+00,0.000000000000000000e+00,0.000000000000000000e+00,0.000000000000000000e+00,0.000000000000000000e+00,0.000000000000000000e+00,0.000000000000000000e+00,0.000000000000000000e+00,0.000000000000000000e+00,0.000000000000000000e+00,0.000000000000000000e+00,0.000000000000000000e+00,0.000000000000000000e+00,0.000000000000000000e+00,0.000000000000000000e+00,0.000000000000000000e+00,0.000000000000000000e+00,0.000000000000000000e+00,0.000000000000000000e+00,0.000000000000000000e+00,0.000000000000000000e+00,0.000000000000000000e+00,0.000000000000000000e+00,-5.814384367514950636e-02,-4.780344442571475838e-01,2.221845193784487416e-01,3.139937685538483625e-01,0.000000000000000000e+00,-9.038349308251746039e-02,4.025324802060956109e-02,-3.080741384506047176e-02,-1.052237128784674347e+00,-1.480820445295587540e-01,-2.369090651452465668e-01,1.277713554625559134e-01,1.438276892699084097e-01,5.168987057879584901e-01,2.813478608033481709e-01,-2.234536953190272568e-01,5.619871380729657417e-02,-1.806621099778203954e-01,1.509002395647042194e-01,6.266882761848993066e-01,7.157541677881110176e-02,-1.081736256271985108e-01,2.229221563325062272e-01,-7.014834505249272212e-01,-1.746609057092023409e-01,-6.065672119059364320e-01,5.753701242861287701e-01,2.395766769374493288e-01,6.286896374919629382e-01,-5.746640717018089983e-01,7.922497171416025274e-01,-1.212394403766705597e+00,6.693449971392388953e-01,-4.874571124249422738e-01,3.535688831491489159e-01,-6.182690234154791797e-02,-8.856688445525440212e-01,-1.537139344049749390e-01,3.602358569954646761e-01,5.954792059741285115e-01,6.642448247381554927e-01,4.565292848774759049e-01,-1.296518453972692608e-01,1.363534637961676399e-01,1.586220688867074902e-01,-1.457837510737789444e-01,4.367012561973451223e-01,-1.493298902707561604e-01,-1.773071711420051599e+00,-4.449356748913990689e-01,8.255193717707839385e-01,-3.836021089649169769e-01,5.757805364056768349e-01,-8.612019680920490750e-02,1.327845540441134342e-01,3.764513164583270788e-01,-1.632193329262757731e-01,-5.137995996950494026e-01,1.057762913717088527e+00,-9.347292124482597941e-02,2.671521999181615259e-01,-7.121386575728805290e-02,-4.960067882343584533e-01,2.165714274235429060e-01,-2.830931639860246873e-01,-6.364190682854996561e-01,-3.617020856005036533e-01,-5.587903396962837776e-01,1.445230682908792641e+00,-1.450695181129786904e-01,-7.502419132683731950e-01,4.692884853447787386e-01,1.467237227388840104e-01,4.365133982680521330e-01,-4.637286416929731203e-02,-2.828189163824103292e-02,-5.005023905555183728e-01,-1.356807633467718155e-01,4.948292546288344251e-01,3.680682709591112101e-01,-7.537456606291786931e-02,2.079052993856461695e-01,6.668436216888767865e-02,2.535056453050774650e-01,-2.721314124019100777e-01,-3.787020465571872552e-01,1.256232069813820740e-01,-1.085590746900207543e-01,-7.463059247330414148e-02,-1.207908303376312997e-01,6.785266064655749718e-02,3.851637325839703252e-02,-2.414061599448726891e-01,1.079741906092559073e-01,5.481320031627313211e-02,6.497988104995246206e-02,2.752539869051161617e-02,-2.172467243762029876e-01,6.227818168762375151e-02,2.247486292570315125e-01,5.510930201382058247e-02,-4.942630910345927053e-01,5.211203446411982743e-02,-3.110732500342361373e-02,2.460786115178117128e-01,6.665918362012146492e-02,2.940240909595369101e-01,-6.811372331367965272e-02,-2.101323554708110775e-01,-3.104706348476602221e-02,9.335001172198306718e-02,8.088436492111175657e-03,2.943490216526324643e-02,2.044531133581679039e-01,-8.911478836616468224e-02,7.947744726338071275e-02,-1.568564176840578361e-01,-3.869089863748842451e-03,-1.986489801012211176e-01,-2.088312678826610702e-02,7.126356741455076860e-02,-1.475591002379041394e-01,4.506975154587006260e-03,2.128466406876963757e-01,1.879955972018525490e-01,1.323233160844274892e-01,-3.922124865047058040e-01,0.000000000000000000e+00,0.000000000000000000e+00,0.000000000000000000e+00,0.000000000000000000e+00,0.000000000000000000e+00,0.000000000000000000e+00,0.000000000000000000e+00,0.000000000000000000e+00,0.000000000000000000e+00,0.000000000000000000e+00,0.000000000000000000e+00,0.000000000000000000e+00,0.000000000000000000e+00,0.000000000000000000e+00,0.000000000000000000e+00,0.000000000000000000e+00,0.000000000000000000e+00,0.000000000000000000e+00,0.000000000000000000e+00,0.000000000000000000e+00,0.000000000000000000e+00,0.000000000000000000e+00,0.000000000000000000e+00,0.000000000000000000e+00,0.000000000000000000e+00,0.000000000000000000e+00,0.000000000000000000e+00,0.000000000000000000e+00,0.000000000000000000e+00,0.000000000000000000e+00,0.000000000000000000e+00,0.000000000000000000e+00,0.000000000000000000e+00,0.000000000000000000e+00,0.000000000000000000e+00,0.000000000000000000e+00,0.000000000000000000e+00,0.000000000000000000e+00,0.000000000000000000e+00,0.000000000000000000e+00,0.000000000000000000e+00,0.000000000000000000e+00,0.000000000000000000e+00,0.000000000000000000e+00,0.000000000000000000e+00,0.000000000000000000e+00,0.000000000000000000e+00,0.000000000000000000e+00,0.000000000000000000e+00,0.000000000000000000e+00,0.000000000000000000e+00
0.000000000000000000e+00,0.000000000000000000e+00,0.000000000000000000e+00,0.000000000000000000e+00,0.000000000000000000e+00,0.000000000000000000e+00,0.000000000000000000e+00,0.000000000000000000e+00,0.000000000000000000e+00,0.000000000000000000e+00,0.000000000000000000e+00,0.000000000000000000e+00,0.000000000000000000e+00,0.000000000000000000e+00,0.000000000000000000e+00,0.000000000000000000e+00,0.000000000000000000e+00,0.000000000000000000e+00,0.000000000000000000e+00,0.000000000000000000e+00,0.000000000000000000e+00,0.000000000000000000e+00,0.000000000000000000e+00,0.000000000000000000e+00,0.000000000000000000e+00,0.000000000000000000e+00,0.000000000000000000e+00,0.000000000000000000e+00,0.000000000000000000e+00,0.000000000000000000e+00,0.000000000000000000e+00,3.671176946372219779e-02,-8.904314590168380117e-02,5.078372001751903231e-02,1.547656420442561093e-03,0.000000000000000000e+00,-7.156171828796507872e-02,-1.602223357567330864e-01,3.018682609575754627e-01,-2.088212886586866546e-01,-1.490768146540971673e-01,1.094615442298516594e-01,2.653173455251757185e-01,2.243460979049735071e-01,-3.861738524266044026e-01,1.052795907064866393e-01,-3.625276147283142958e-01,1.660386937519098272e-02,-9.871592507128731375e-01,7.749478089205122933e-01,1.770337908110893865e-01,-2.219474050145197053e-01,1.582139260709131690e-01,1.435218838485659010e-01,-2.518074320138086741e-01,4.429425957228034783e-01,-2.371777644784951455e-01,4.942437002985322625e-02,-5.467315601381206314e-02,4.481277883869167478e-01,-8.542851426598159215e-01,6.072082868240050724e-01,-6.167880902919822272e-01,9.927783220247585749e-01,-9.534009091305180039e-01,3.540629874188960802e-01,-4.736748766843945635e-02,-1.212237093323532688e-01,1.266207182026798383e-01,1.930560827248967715e-01,-3.865553417435435568e-02,5.326019192880658837e-01,-2.688597806184656047e-02,-1.611103864619500281e-01,2.661560582501666383e-01,-2.341333097727703039e-01,-1.376282847589373193e-01,2.132780564717829119e-01,-9.626279698556769460e-02,-3.649663483969285416e-01,-1.600285769834723926e-01,4.819861996680215865e-01,5.323061186368691078e-02,-3.394183936461390716e-01,3.132578779022404114e-01,-4.948371302684239637e-01,8.252940050362123081e-01,-6.361998362746885682e-01,-7.087815488917703632e-02,-8.115592682258915280e-02,-8.163865687054838727e-02,1.000535489353509000e-01,3.408024064460642433e-01,5.623784177703177178e-01,-4.441204767743781590e-01,-4.838530705198637594e-02,-3.729680805119935105e-02,-5.396612912176197430e-01,-2.474316231110487152e-01,3.942445885122147775e-01,-3.185177421601677050e-01,4.720348624941828053e-02,4.806542858038745925e-01,-2.925689534930461244e-01,9.123341857866129612e-02,2.689376189745382173e-01,-1.135406912577974214e-01,1.229779552077615440e-01,2.567647733330077897e-02,-1.492623654100605490e-01,-2.775027208316710459e-01,-2.366030171861253084e-01,-2.581436890858872513e-01,3.896010558202889218e-01,-5.316960234446455047e-02,9.752178982469739132e-02,-2.008470065128051818e-01,1.693480084848074663e-01,2.216689565620456603e-01,5.069743698447842783e-01,3.221750970514941637e-02,-1.799672884636024650e-01,-9.076306859827475149e-02,2.277952463953550610e-01,-3.691971275353767012e-01,2.496901690495033077e-01,2.031491611846660689e-02,8.347265857918471921e-03,-2.312635433390045903e-01,8.629400898816377841e-02,-6.884920475737540957e-02,8.940425059226958515e-03,3.606585330667044786e-02,-6.368472792208582089e-02,-1.628404098756522367e-01,1.794053462559410672e-01,-3.254077801638932677e-02,1.794485591995324258e-01,-2.008173034754302533e-01,2.473819047579454977e-01,1.823845681860317147e-01,5.516683499645863575e-02,-1.984499189504680960e-01,-1.791611096336160891e-01,2.111705667103921658e-01,3.857044825714184277e-02,-7.616477127123601198e-02,-1.111546494001100227e-01,4.266435367812190099e-02,-9.148357353871008901e-02,1.961265031781953549e-01,1.797942449730280390e-02,-8.163292103897608343e-02,1.711027728222048738e-01,-1.016028969913732594e-01,2.534635125851236737e-02,-1.230331211978407252e-01,-2.463841610149073574e-02,0.000000000000000000e+00,0.000000000000000000e+00,0.000000000000000000e+00,0.000000000000000000e+00,0.000000000000000000e+00,0.000000000000000000e+00,0.000000000000000000e+00,0.000000000000000000e+00,0.000000000000000000e+00,0.000000000000000000e+00,0.000000000000000000e+00,0.000000000000000000e+00,0.000000000000000000e+00,0.000000000000000000e+00,0.000000000000000000e+00,0.000000000000000000e+00,0.000000000000000000e+00,0.000000000000000000e+00,0.000000000000000000e+00,0.000000000000000000e+00,0.000000000000000000e+00,0.000000000000000000e+00,0.000000000000000000e+00,0.000000000000000000e+00,0.000000000000000000e+00,0.000000000000000000e+00,0.000000000000000000e+00,0.000000000000000000e+00,0.000000000000000000e+00,0.000000000000000000e+00,0.000000000000000000e+00,0.000000000000000000e+00,0.000000000000000000e+00,0.000000000000000000e+00,0.000000000000000000e+00,0.000000000000000000e+00,0.000000000000000000e+00,0.000000000000000000e+00,0.000000000000000000e+00,0.000000000000000000e+00,0.000000000000000000e+00,0.000000000000000000e+00,0.000000000000000000e+00,0.000000000000000000e+00,0.000000000000000000e+00,0.000000000000000000e+00,0.000000000000000000e+00,0.000000000000000000e+00,0.000000000000000000e+00,0.000000000000000000e+00,0.000000000000000000e+00
0.000000000000000000e+00,0.000000000000000000e+00,0.000000000000000000e+00,0.000000000000000000e+00,0.000000000000000000e+00,0.000000000000000000e+00,0.000000000000000000e+00,0.000000000000000000e+00,0.000000000000000000e+00,0.000000000000000000e+00,0.000000000000000000e+00,0.000000000000000000e+00,0.000000000000000000e+00,0.000000000000000000e+00,0.000000000000000000e+00,0.000000000000000000e+00,0.000000000000000000e+00,0.000000000000000000e+00,0.000000000000000000e+00,0.000000000000000000e+00,0.000000000000000000e+00,0.000000000000000000e+00,0.000000000000000000e+00,0.000000000000000000e+00,0.000000000000000000e+00,0.000000000000000000e+00,0.000000000000000000e+00,0.000000000000000000e+00,0.000000000000000000e+00,0.000000000000000000e+00,0.000000000000000000e+00,-1.829655596491067127e-02,3.646502453477217243e-01,-5.366928003523829815e-01,1.903391109695719563e-01,0.000000000000000000e+00,3.141930964617149491e-01,-4.727109744079193154e-01,2.861985091400245929e-02,-6.004550668546433378e-01,-7.210571569438228856e-02,1.019165226743816710e-01,-2.551033950138482664e-01,3.081170503879777645e-01,-5.210937230274059750e-02,1.300476992257482145e-01,-9.751544329840156067e-02,3.524188858068818542e-01,-1.105421527666808679e+00,1.027931075722841703e+00,-2.442530887398721706e-01,1.306365575542792756e-01,-9.436251361081360312e-02,2.748756961119412923e-01,-1.598529876316438503e-01,4.545855743038451635e-01,-1.478149556867999759e-01,-4.318489532943586839e-02,-1.550359567947288686e-01,3.920681220906560016e-01,-4.286644034199065256e-01,6.485402912912761053e-01,-7.492970178006275184e-01,4.575255753280825233e-01,-3.921218062833710660e-01,8.293022930669941006e-02,-1.818500461331312712e-02,3.527406151387758593e-01,4.246717569119694974e-02,4.272461261961912893e-01,-2.838411595026203438e-01,-3.847430889856746639e-01,-2.416420363487782330e-01,-1.399145837187022456e-01,2.762415561170910583e-01,-2.252828321252820509e-01,2.780708618651138164e-01,1.340075957017126118e-01,-9.306734974843330899e-02,8.591248625373384962e-02,-1.097766967708259100e-01,-3.811965671045678405e-01,-2.234681240720509665e-01,3.496557067877825720e-01,4.958377652102025079e-02,3.937194700137116588e-01,-6.378228427238426257e-02,-8.249267954495795308e-02,-1.843817577695888721e-01,6.571684180291059718e-02,1.059057455098518785e-01,-2.614818183166267573e-02,2.524899655172951896e-02,3.072207629553234121e-01,-2.505508908812087432e-01,2.523033706586486069e-01,2.900002218698295720e-02,-2.526185722512617748e-01,-2.227201401882636378e-01,3.410474038845267009e-01,-7.157225425646270844e-01,3.394518073861490515e-01,2.281561522932570307e-01,3.944396176032552992e-01,-1.820749327446586630e-01,2.599736325226074118e-01,-7.367248142343912898e-01,2.663224927092904815e-01,9.339065927759594710e-02,1.558570499788009545e-01,4.061835956838438788e-01,2.359479289053103557e-01,-1.548280221081212993e-01,1.258042689462708363e-01,-2.490775971017840651e-01,2.711182552446572691e-02,-4.069011192037636504e-01,-6.180686135128365261e-02,-2.733782210373578714e-01,4.391543277962916547e-01,-9.298540815407109472e-02,-1.353754300980336556e-04,-1.487379614473178235e-01,6.396614180614201839e-02,-1.673903727555294263e-01,-1.062559658444843791e-01,7.339554153681981941e-03,-2.548850689257586843e-03,1.392821591904842282e-01,1.036875830448913821e-01,-2.457862800327320074e-01,-6.701404864270621431e-03,6.666055737244278578e-01,-8.312928750274073408e-02,-4.229861081568520587e-01,2.162343992532234083e-04,-6.790689427123167143e-02,-2.037622757693631492e-01,2.469820958732537597e-01,1.444589513279808390e-01,3.581754495374714353e-02,1.326547206879541696e-01,-2.469354193030761091e-01,1.150194755500740518e-01,7.226859466258109266e-02,-1.469270340131320074e-01,7.391133683610710825e-02,3.112818351423279548e-02,9.966982544299458902e-03,-3.275168639735275833e-01,3.155852800821034587e-01,-3.319870586686810010e-02,-2.306918689012687484e-01,1.596425919374506175e-01,8.495442091901841963e-02,-1.769182035184226343e-01,4.674250200688166990e-01,-3.183510838145194866e-01,0.000000000000000000e+00,0.000000000000000000e+00,0.000000000000000000e+00,0.000000000000000000e+00,0.000000000000000000e+00,0.000000000000000000e+00,0.000000000000000000e+00,0.000000000000000000e+00,0.000000000000000000e+00,0.000000000000000000e+00,0.000000000000000000e+00,0.000000000000000000e+00,0.000000000000000000e+00,0.000000000000000000e+00,0.000000000000000000e+00,0.000000000000000000e+00,0.000000000000000000e+00,0.000000000000000000e+00,0.000000000000000000e+00,0.000000000000000000e+00,0.000000000000000000e+00,0.000000000000000000e+00,0.000000000000000000e+00,0.000000000000000000e+00,0.000000000000000000e+00,0.000000000000000000e+00,0.000000000000000000e+00,0.000000000000000000e+00,0.000000000000000000e+00,0.000000000000000000e+00,0.000000000000000000e+00,0.000000000000000000e+00,0.000000000000000000e+00,0.000000000000000000e+00,0.000000000000000000e+00,0.000000000000000000e+00,0.000000000000000000e+00,0.000000000000000000e+00,0.000000000000000000e+00,0.000000000000000000e+00,0.000000000000000000e+00,0.000000000000000000e+00,0.000000000000000000e+00,0.000000000000000000e+00,0.000000000000000000e+00,0.000000000000000000e+00,0.000000000000000000e+00,0.000000000000000000e+00,0.000000000000000000e+00,0.000000000000000000e+00,0.000000000000000000e+00
0.000000000000000000e+00,0.000000000000000000e+00,0.000000000000000000e+00,0.000000000000000000e+00,0.000000000000000000e+00,0.000000000000000000e+00,0.000000000000000000e+00,0.000000000000000000e+00,0.000000000000000000e+00,0.000000000000000000e+00,0.000000000000000000e+00,0.000000000000000000e+00,0.000000000000000000e+00,0.000000000000000000e+00,0.000000000000000000e+00,0.000000000000000000e+00,0.000000000000000000e+00,0.000000000000000000e+00,0.000000000000000000e+00,0.000000000000000000e+00,0.000000000000000000e+00,0.000000000000000000e+00,0.000000000000000000e+00,0.000000000000000000e+00,0.000000000000000000e+00,0.000000000000000000e+00,0.000000000000000000e+00,0.000000000000000000e+00,0.000000000000000000e+00,0.000000000000000000e+00,0.000000000000000000e+00,1.856461924660427962e-02,-4.379481021338039737e-01,3.670030166644153713e-01,5.238046622278436787e-02,0.000000000000000000e+00,4.439117902030027540e-01,-3.201020892534875983e-01,5.849205665150486455e-02,-1.424046015915401142e-01,-4.731108548176178596e-02,8.063958342910693133e-02,3.211638039105388920e-01,-7.505419840971441214e-01,-2.619389148007570389e-01,-8.970608956675374390e-02,-2.398121344454218207e-02,1.370318219825477080e-01,-2.157247730561576704e-01,1.327704840425238952e-01,-6.247510777999221165e-02,6.670360740805214572e-02,-6.703578166900581170e-02,7.087183699272403548e-01,-6.859157407233321124e-02,5.523085451914751254e-02,-2.916157779331042255e-01,-1.268180584153646984e-01,-6.554308777252053630e-01,6.073225687540717566e-02,1.457431456488254007e-01,-1.002909859097986800e-01,9.937723857523372839e-02,3.148606288874374881e-01,3.049080372722956511e-02,-2.698380198754974924e-01,6.460969427617148098e-01,2.662071331171873001e-01,-1.593006992316187698e-01,-2.417054236614294971e-01,-2.733253735820208585e-01,-9.843309652362153273e-02,3.163393873993239347e-01,-1.358296794674379027e-01,5.602327235433937069e-01,-2.120916796016945050e-01,-8.147831007228908962e-02,1.981926118284001170e-01,-1.013943961014269479e-01,1.111744082500710079e-01,-7.086095707265564758e-02,2.505779820042035588e-01,-1.303306210879175142e-02,-2.373946822458093409e-01,-1.894333052232735626e-02,1.216282824243467703e-01,-1.685291458329525871e-01,5.696920954984641128e-03,3.742119065926847177e-01,-5.728097157504722370e-01,5.361919377595669722e-01,-3.319885493220023354e-01,-1.797210509401920286e-01,-1.799182026311065274e-01,2.314495992578014527e-01,1.939604226731082293e-01,1.315466342488594287e-02,3.454734939786188730e-01,-1.268642467724541978e-01,2.079123036324304341e-01,-6.080113461946218267e-01,3.043440695854324751e-01,6.890183929966584020e-02,-1.924547450688931793e-01,8.887691106548391284e-02,-6.400025708665023350e-02,-2.511453880690187601e-01,3.882475535610316886e-01,3.328365237778274643e-01,-1.931498164325877176e-01,-4.489528972941039253e-01,-2.089139227454316905e-01,-2.552149701210509880e-01,-2.692486167473817638e-02,1.402757485397381210e-01,1.131392634705252753e-02,1.010755880156932740e-02,2.296452655294535239e-01,1.649274998736789677e-01,3.985373670106769906e-01,-5.998618221430240816e-02,-2.603729656294312411e-02,-2.793089362048327140e-01,-2.320061743210547478e-01,2.258129821786176161e-01,-3.333942788450577899e-02,-9.341319658293195660e-02,-1.253201320079543324e-01,2.520831701843793127e-01,1.460660589286073008e-01,-1.953961461004296851e-01,3.477683226466568578e-02,4.485387131781547465e-01,-5.933989344837578561e-02,-1.708523295080102700e-01,-1.591358318119739379e-01,4.296239304067164810e-02,-3.567091386125864627e-01,5.118766894794466449e-01,-7.231832109310329382e-02,6.631001871226269162e-02,5.837807312021355000e-02,-2.479230818078631549e-01,1.211947623867599966e-01,2.905643061652944670e-02,-1.965038871338424253e-01,2.238014007849580822e-01,-1.729639810162809099e-01,-1.439306138139895830e-01,1.243117754494816873e-01,1.146928682143207034e-01,-9.701618367735090342e-02,-2.983144163269578764e-01,1.840251265077952336e-02,1.137062347867021095e-01,2.674928329672476846e-03,3.435045639816867724e-01,-8.451992614090693412e-02,0.000000000000000000e+00,0.000000000000000000e+00,0.000000000000000000e+00,0.000000000000000000e+00,0.000000000000000000e+00,0.000000000000000000e+00,0.000000000000000000e+00,0.000000000000000000e+00,0.000000000000000000e+00,0.000000000000000000e+00,0.000000000000000000e+00,0.000000000000000000e+00,0.000000000000000000e+00,0.000000000000000000e+00,0.000000000000000000e+00,0.000000000000000000e+00,0.000000000000000000e+00,0.000000000000000000e+00,0.000000000000000000e+00,0.000000000000000000e+00,0.000000000000000000e+00,0.000000000000000000e+00,0.000000000000000000e+00,0.000000000000000000e+00,0.000000000000000000e+00,0.000000000000000000e+00,0.000000000000000000e+00,0.000000000000000000e+00,0.000000000000000000e+00,0.000000000000000000e+00,0.000000000000000000e+00,0.000000000000000000e+00,0.000000000000000000e+00,0.000000000000000000e+00,0.000000000000000000e+00,0.000000000000000000e+00,0.000000000000000000e+00,0.000000000000000000e+00,0.000000000000000000e+00,0.000000000000000000e+00,0.000000000000000000e+00,0.000000000000000000e+00,0.000000000000000000e+00,0.000000000000000000e+00,0.000000000000000000e+00,0.000000000000000000e+00,0.000000000000000000e+00,0.000000000000000000e+00,0.000000000000000000e+00,0.000000000000000000e+00,0.000000000000000000e+00
0.000000000000000000e+00,0.000000000000000000e+00,0.000000000000000000e+00,0.000000000000000000e+00,0.000000000000000000e+00,0.000000000000000000e+00,0.000000000000000000e+00,0.000000000000000000e+00,0.000000000000000000e+00,0.000000000000000000e+00,0.000000000000000000e+00,0.000000000000000000e+00,0.000000000000000000e+00,0.000000000000000000e+00,0.000000000000000000e+00,0.000000000000000000e+00,0.000000000000000000e+00,0.000000000000000000e+00,0.000000000000000000e+00,0.000000000000000000e+00,0.000000000000000000e+00,0.000000000000000000e+00,0.000000000000000000e+00,0.000000000000000000e+00,0.000000000000000000e+00,0.000000000000000000e+00,0.000000000000000000e+00,0.000000000000000000e+00,0.000000000000000000e+00,0.000000000000000000e+00,0.000000000000000000e+00,-7.615077113948963590e-03,6.547202000955223977e-02,-8.151560845579269854e-02,2.365866556018942843e-02,0.000000000000000000e+00,-3.590749574835964270e-02,1.939319281638593462e-01,-1.006706648933594905e-01,-4.658069422943090787e-01,1.218765628557286762e-01,2.346996998011436630e-01,-2.075782107651013286e-01,-7.641667489481027697e-01,-3.651230710564679072e-02,2.073796990942973206e-01,-1.008977508564710135e-01,2.130781286697898125e-01,1.105469787772288548e-01,-3.333197188159692237e-01,4.705445901161815492e-01,-3.181043648821968439e-02,1.156617135806976004e-01,2.019200767818268294e-01,-1.484560534762305872e-01,3.114598159682715472e-01,-3.071135460753392499e-01,-1.976799115823490438e-01,-4.079694684754083811e-01,3.284495992086611249e-02,4.557481456123326780e-01,-4.219962642945561671e-01,9.636518293142235514e-01,-6.818498962922088236e-01,3.774890781267704054e-01,-2.459970488531321164e-02,1.631440783967957886e-02,1.695485747708632973e-01,2.154310956011269984e-01,-1.593478810618237373e-01,-5.086220843512330170e-01,-7.109172777393690801e-02,-3.962184261878065605e-02,-1.828505289729220884e-02,1.393957281203060949e-01,1.707734280246417380e-01,-3.233438960611618174e-01,-1.859171352160453594e-01,4.134746653358298274e-01,5.096489555437380137e-01,-1.566667870462124523e-01,-2.440468488422766757e-01,-3.262655497751736355e-01,2.514037951535766924e-01,4.146388429702810852e-01,-7.840930705063360595e-02,-5.255384943464432856e-01,3.891073520212149361e-01,-2.576829223116064993e-01,-3.132101943645355102e-01,1.459030917737820232e-01,8.289607589127556686e-02,4.245286664435645729e-01,2.534301109614026659e-01,-1.421362041614029903e-02,-1.738433841662208879e-01,1.454151281686352493e-01,5.411236254982337845e-02,-1.214774479373597338e-01,1.877012746614405148e-01,-2.574046962722254528e-01,2.237302960499324422e-01,-1.203437742704453473e-01,-3.255921647147457798e-01,-1.757598770816236611e-01,-1.822284695207382343e-01,2.085403880428217671e-01,2.777333737086401522e-01,-3.842090689454317198e-01,-4.561829717489440661e-02,8.264105665516635613e-02,3.788880446999282059e-01,2.552818733300435960e-01,1.176355457039024444e-01,5.929922394940317920e-02,7.016679506365502972e-02,4.913368024514258581e-02,-1.919122122405187425e-01,1.551623456057916739e-01,-8.859120319181235104e-04,-2.890305231235846817e-01,-9.374210745818940815e-02,-7.163887042373286163e-02,-1.943742376671986627e-01,3.356172547890687863e-01,-1.448101590850661424e-01,5.616103689626547601e-02,-6.346917618691566565e-02,-4.414765695629710440e-02,-1.385872090420037506e-01,1.643727889543328269e-02,1.022473058811365770e-01,7.857958973850320827e-02,-1.301776873301337123e-02,2.245732055785825132e-01,-1.528853454089718067e-01,5.356294833657411492e-02,-3.367452585256630604e-01,3.210627800022450296e-01,2.253309717558955871e-02,4.009335390691924628e-02,1.148762598520097489e-01,-3.857703058456373180e-01,8.421610060538251008e-02,2.842585839632222333e-01,-2.161095043633406987e-01,6.086488092638098202e-02,-2.887309554028874570e-02,-8.272249227297584495e-02,1.074626613514443330e-01,-1.993814504144600375e-01,3.446037243190772092e-02,9.335536346502526506e-05,-8.968355158796026405e-02,1.013074615733915163e-01,-1.740542815174929980e-01,-3.048847783531779543e-01,5.806246290559832213e-01,0.000000000000000000e+00,0.000000000000000000e+00,0.000000000000000000e+00,0.000000000000000000e+00,0.000000000000000000e+00,0.000000000000000000e+00,0.000000000000000000e+00,0.000000000000000000e+00,0.000000000000000000e+00,0.000000000000000000e+00,0.000000000000000000e+00,0.000000000000000000e+00,0.000000000000000000e+00,0.000000000000000000e+00,0.000000000000000000e+00,0.000000000000000000e+00,0.000000000000000000e+00,0.000000000000000000e+00,0.000000000000000000e+00,0.000000000000000000e+00,0.000000000000000000e+00,0.000000000000000000e+00,0.000000000000000000e+00,0.000000000000000000e+00,0.000000000000000000e+00,0.000000000000000000e+00,0.000000000000000000e+00,0.000000000000000000e+00,0.000000000000000000e+00,0.000000000000000000e+00,0.000000000000000000e+00,0.000000000000000000e+00,0.000000000000000000e+00,0.000000000000000000e+00,0.000000000000000000e+00,0.000000000000000000e+00,0.000000000000000000e+00,0.000000000000000000e+00,0.000000000000000000e+00,0.000000000000000000e+00,0.000000000000000000e+00,0.000000000000000000e+00,0.000000000000000000e+00,0.000000000000000000e+00,0.000000000000000000e+00,0.000000000000000000e+00,0.000000000000000000e+00,0.000000000000000000e+00,0.000000000000000000e+00,0.000000000000000000e+00,0.000000000000000000e+00
0.000000000000000000e+00,0.000000000000000000e+00,0.000000000000000000e+00,0.000000000000000000e+00,0.000000000000000000e+00,0.000000000000000000e+00,0.000000000000000000e+00,0.000000000000000000e+00,0.000000000000000000e+00,0.000000000000000000e+00,0.000000000000000000e+00,0.000000000000000000e+00,0.000000000000000000e+00,0.000000000000000000e+00,0.000000000000000000e+00,0.000000000000000000e+00,0.000000000000000000e+00,0.000000000000000000e+00,0.000000000000000000e+00,0.000000000000000000e+00,0.000000000000000000e+00,0.000000000000000000e+00,0.000000000000000000e+00,0.000000000000000000e+00,0.000000000000000000e+00,0.000000000000000000e+00,0.000000000000000000e+00,0.000000000000000000e+00,0.000000000000000000e+00,0.000000000000000000e+00,0.000000000000000000e+00,1.120970385905730587e-02,2.333195442084020355e-01,-3.362408211167574046e-01,9.171157304929805631e-02,0.000000000000000000e+00,1.899517572692392131e-01,-1.896421511117164505e-01,-3.939197308466485525e-02,1.264421055467718769e-01,3.298737308157589920e-02,-1.678050216692399121e-02,-3.328803367812997460e-01,-1.522310629821351236e-01,-5.507261493991388868e-02,5.587026922575599741e-02,-2.101634628696982254e-01,4.440290125714996261e-02,-3.501606802484296121e-01,3.132133246198320897e-01,4.658933268468463118e-01,-2.628851869313292844e-01,2.691276527713104549e-01,-1.176412127020804999e-01,-3.398230161738998722e-01,5.278992628242001883e-01,-9.092151750746856054e-02,-2.773452592084315604e-01,4.495425880470463875e-01,-5.569477370327892141e-01,4.936097579795528656e-02,-2.365162382259127227e-01,-2.309768761938856274e-01,1.442397066129145200e-01,1.524288576326369160e-01,2.711614128627853892e-01,4.196745290355150537e-01,4.330093624629600263e-02,-3.078298445643196657e-01,-2.921259131368973971e-01,4.301663659873998791e-01,6.250934057171413372e-01,-4.739621299872239790e-01,-4.200009808490378083e-01,2.474246099251193043e-01,-9.791370847931310517e-02,-3.186421788600979355e-02,2.650458873135462246e-01,-5.965820846085253537e-01,3.677656563761739772e-01,1.477042235884168386e-01,5.214707978865497362e-02,2.814735886703077089e-02,-1.129153508346744106e-01,3.381832186811711827e-01,-3.876903490810966191e-01,1.986358986104995172e-01,-2.212054281866457917e-01,3.531673539650092009e-01,-1.646519563955293752e-01,-2.549545783452102088e-02,2.752671574845474978e-01,-1.112838671580326511e-01,3.346939738933876751e-02,-4.847434990971890012e-01,5.246503530564602946e-02,4.655758195541973010e-02,-2.666742593266774319e-01,5.493175333944999572e-03,2.534279571925120988e-01,-2.118840730804913419e-02,4.306874131666084682e-01,-3.573048827391424043e-01,2.912034613596193311e-01,-2.173370934013535982e-01,3.659459585456492636e-03,-1.986955750563403345e-01,-1.345403829534018159e-01,6.584406211679028065e-02,1.339733405705363922e-01,3.818333606448255368e-01,-5.936321718928719293e-02,-6.188577283237013671e-02,-1.455527204954723541e-01,-2.597927191725439844e-01,1.101151531328909416e-01,9.407887834361589041e-02,9.651721695867628015e-02,7.065064057078551674e-02,3.248421008497810736e-02,-2.258631936271067453e-01,-4.606333275245125258e-02,1.661994264663188559e-02,-1.830676749583562413e-01,2.823880850154328326e-01,2.092830170381962396e-03,2.758246485085699695e-03,-1.779102831154814879e-02,-6.040494669044993437e-03,-6.432008440206740674e-02,1.266472258900888659e-02,9.353380981420153506e-02,1.506780052763390110e-01,4.904357511133873582e-02,-9.197837583905960068e-02,-1.579466807291857178e-02,8.662258414250952054e-03,-1.616018128327637027e-02,3.222923215178896683e-02,1.867089413655188823e-02,-1.718642026396583755e-01,2.070865653541502927e-01,-1.717645397679780361e-01,-3.644432705892853286e-01,2.521874683007834239e-01,1.041558857525996251e-01,6.644959940845576729e-02,5.510943089458159028e-02,7.378211754501279307e-02,-1.318145907870853506e-01,-7.160354417843027564e-02,3.871614945049252354e-02,2.303561040256248971e-01,-9.321333123786954000e-02,-2.169044296637417379e-01,6.306867407918961832e-02,1.831937965876410251e-02,3.338807353925744154e-02,0.000000000000000000e+00,0.000000000000000000e+00,0.000000000000000000e+00,0.000000000000000000e+00,0.000000000000000000e+00,0.000000000000000000e+00,0.000000000000000000e+00,0.000000000000000000e+00,0.000000000000000000e+00,0.000000000000000000e+00,0.000000000000000000e+00,0.000000000000000000e+00,0.000000000000000000e+00,0.000000000000000000e+00,0.000000000000000000e+00,0.000000000000000000e+00,0.000000000000000000e+00,0.000000000000000000e+00,0.000000000000000000e+00,0.000000000000000000e+00,0.000000000000000000e+00,0.000000000000000000e+00,0.000000000000000000e+00,0.000000000000000000e+00,0.000000000000000000e+00,0.000000000000000000e+00,0.000000000000000000e+00,0.000000000000000000e+00,0.000000000000000000e+00,0.000000000000000000e+00,0.000000000000000000e+00,0.000000000000000000e+00,0.000000000000000000e+00,0.000000000000000000e+00,0.000000000000000000e+00,0.000000000000000000e+00,0.000000000000000000e+00,0.000000000000000000e+00,0.000000000000000000e+00,0.000000000000000000e+00,0.000000000000000000e+00,0.000000000000000000e+00,0.000000000000000000e+00,0.000000000000000000e+00,0.000000000000000000e+00,0.000000000000000000e+00,0.000000000000000000e+00,0.000000000000000000e+00,0.000000000000000000e+00,0.000000000000000000e+00,0.000000000000000000e+00
0.000000000000000000e+00,0.000000000000000000e+00,0.000000000000000000e+00,0.000000000000000000e+00,0.000000000000000000e+00,0.000000000000000000e+00,0.000000000000000000e+00,0.000000000000000000e+00,0.000000000000000000e+00,0.000000000000000000e+00,0.000000000000000000e+00,0.000000000000000000e+00,0.000000000000000000e+00,0.000000000000000000e+00,0.000000000000000000e+00,0.000000000000000000e+00,0.000000000000000000e+00,0.000000000000000000e+00,0.000000000000000000e+00,0.000000000000000000e+00,0.000000000000000000e+00,0.000000000000000000e+00,0.000000000000000000e+00,0.000000000000000000e+00,0.000000000000000000e+00,0.000000000000000000e+00,0.000000000000000000e+00,0.000000000000000000e+00,0.000000000000000000e+00,0.000000000000000000e+00,0.000000000000000000e+00,-2.950694484759676644e-03,-3.686858143228635698e-01,3.942210563073639262e-01,-2.258454749974066547e-02,0.000000000000000000e+00,-1.742376005743109454e-02,1.849020791895457372e-01,-1.812277845185305547e-01,6.102835579693882684e-02,-9.332261173251574227e-03,-2.417757328463175093e-01,7.537465007838445308e-03,3.401153466002018733e-01,6.330227332293009157e-02,1.624201978060200169e-01,-1.163167477297356034e-01,-2.740586884047538918e-01,-4.608562156884501437e-01,3.291713264235611724e-01,7.756771151576982715e-02,1.774151315076050450e-01,-2.468400178380047716e-01,1.373120557455256296e-01,-8.747220899587238030e-03,-2.990589607655988469e-02,2.437732590456577475e-03,-3.423471146090700801e-01,3.574983976616992187e-01,-2.387836071618169298e-01,3.660552007055931090e-02,2.051875936593729466e-01,-5.574189948461969468e-01,2.565331870852730622e-01,-2.565200043538905517e-01,1.550426131225615123e-01,4.962396352864809623e-01,1.354456585119684364e-01,-1.329647810067619007e-02,-3.669961954484802780e-01,-2.085218959806562911e-01,7.379353636921415216e-02,-6.525817665690489822e-01,-6.046308167011793522e-02,2.261663599302856653e-01,1.238876009010044799e-01,-1.488705263132287238e-01,4.239008651988822596e-01,-2.400213103486359412e-01,6.480715310692216624e-01,3.812210845283586780e-02,-3.948779828056923069e-01,1.760772313773681375e-01,-1.730525965101809005e-01,9.854660151835314963e-02,-2.064936973922154584e-02,4.111887885317732083e-01,-3.531030374494295021e-01,1.002276806803578391e-01,2.974910660611412849e-01,-4.795849862685032661e-01,-2.530884988817212466e-01,-2.888601788937367187e-01,3.467442207266768772e-02,6.388912092305876200e-02,3.623123842845769049e-01,3.892407031904887016e-01,-5.413218650435679402e-01,1.388655348150870106e-01,-7.995251190092400595e-02,9.587267907667518241e-02,2.934636704484587244e-01,-4.858241834663147851e-01,-7.402103796619230458e-02,-9.439567507654400558e-03,7.178389771362750915e-01,-1.820631233211673639e-01,-1.881104056047910866e-03,4.414695100435784836e-01,1.253804770543749947e-01,-4.960238396150580265e-01,-2.554283178149463485e-01,1.396327157179040879e-01,-2.172424027783363965e-01,-8.622987108474355900e-02,1.347955666077179648e-01,2.677588973648303838e-02,1.479830911872580534e-01,-1.420703987211324182e-01,9.265474928196809623e-02,-1.835488778846567914e-01,3.437217645988677184e-02,1.017038765993456828e-01,-6.290639052553667621e-02,7.373252931987522851e-02,1.848666939013399735e-01,-7.679356743980748912e-02,-1.064748982483099127e-01,3.600619856177482703e-01,-1.569762464080522446e-01,-1.870236715172420294e-01,5.599063826704711588e-02,-1.340728468734123935e-01,-1.550108699600673545e-01,4.260435196156187043e-02,1.677896043803004389e-01,1.490839375534935840e-01,-4.038797796297366460e-02,-2.874195915432157800e-01,9.704746030087701980e-02,6.866820061626183191e-02,1.870575729314578606e-01,-5.634437153147937860e-02,-2.278854240936762920e-01,9.515258473582238752e-02,1.941906702415843733e-01,1.023575486495943154e-01,-5.579093930349911246e-02,-2.213689681203809267e-02,6.802787374946225873e-02,-1.306839647233244972e-01,6.989675071928040662e-02,1.329092089729632387e-01,-2.839054858934977332e-01,-7.779760370572103012e-02,2.431974049934980397e-01,7.765934777138820688e-02,-6.227576142858543690e-02,0.000000000000000000e+00,0.000000000000000000e+00,0.000000000000000000e+00,0.000000000000000000e+00,0.000000000000000000e+00,0.000000000000000000e+00,0.000000000000000000e+00,0.000000000000000000e+00,0.000000000000000000e+00,0.000000000000000000e+00,0.000000000000000000e+00,0.000000000000000000e+00,0.000000000000000000e+00,0.000000000000000000e+00,0.000000000000000000e+00,0.000000000000000000e+00,0.000000000000000000e+00,0.000000000000000000e+00,0.000000000000000000e+00,0.000000000000000000e+00,0.000000000000000000e+00,0.000000000000000000e+00,0.000000000000000000e+00,0.000000000000000000e+00,0.000000000000000000e+00,0.000000000000000000e+00,0.000000000000000000e+00,0.000000000000000000e+00,0.000000000000000000e+00,0.000000000000000000e+00,0.000000000000000000e+00,0.000000000000000000e+00,0.000000000000000000e+00,0.000000000000000000e+00,0.000000000000000000e+00,0.000000000000000000e+00,0.000000000000000000e+00,0.000000000000000000e+00,0.000000000000000000e+00,0.000000000000000000e+00,0.000000000000000000e+00,0.000000000000000000e+00,0.000000000000000000e+00,0.000000000000000000e+00,0.000000000000000000e+00,0.000000000000000000e+00,0.000000000000000000e+00,0.000000000000000000e+00,0.000000000000000000e+00,0.000000000000000000e+00,0.000000000000000000e+00
0.000000000000000000e+00,0.000000000000000000e+00,0.000000000000000000e+00,0.000000000000000000e+00,0.000000000000000000e+00,0.000000000000000000e+00,0.000000000000000000e+00,0.000000000000000000e+00,0.000000000000000000e+00,0.000000000000000000e+00,0.000000000000000000e+00,0.000000000000000000e+00,0.000000000000000000e+00,0.000000000000000000e+00,0.000000000000000000e+00,0.000000000000000000e+00,0.000000000000000000e+00,0.000000000000000000e+00,0.000000000000000000e+00,0.000000000000000000e+00,0.000000000000000000e+00,0.000000000000000000e+00,0.000000000000000000e+00,0.000000000000000000e+00,0.000000000000000000e+00,0.000000000000000000e+00,0.000000000000000000e+00,0.000000000000000000e+00,0.000000000000000000e+00,0.000000000000000000e+00,0.000000000000000000e+00,8.990511831238405874e-03,2.504242945395586672e-01,-3.301135122240398401e-01,7.069870585324279644e-02,0.000000000000000000e+00,1.276862406050422449e-01,-6.569002514208949206e-02,3.441355252684084876e-02,-7.076571579204923856e-03,7.159877984768295289e-02,1.049604767868279331e-01,-4.139298941069585180e-01,7.447831270255429459e-01,-6.724297981227422838e-02,-3.480652828707309077e-02,1.426683449629254641e-01,-8.303748227610086019e-02,5.989653927035765157e-03,-2.265890219154729213e-01,-1.976572138313834603e-01,-1.390780642928790556e-02,3.892262273240243431e-02,-6.419062907431272169e-02,-1.747691648692950572e-02,9.384934249349660695e-02,1.744223915751909326e-01,-1.312861410227128545e-03,4.448164634258300332e-01,2.833982373149745992e-02,-4.846056274587746127e-01,3.656383891916568651e-01,-3.479999780912447216e-01,4.153130905787627558e-02,3.683207166208241068e-02,6.329382794198323836e-02,-3.207662039326327208e-01,-5.674094144950558860e-02,4.602033386320492081e-02,2.645241525669986826e-01,2.482360703495561927e-01,-2.990342462007967717e-01,-7.481707520300936443e-01,-4.502746336809623218e-01,-1.707803402459151521e-02,1.838477012218128204e-01,1.407648134738855861e-01,3.911452993473829576e-01,-1.208348024216884808e-02,9.328977355458381582e-02,-4.275260985771506955e-02,-1.627315320863795545e-01,-1.268012153186749424e-01,1.404213810546472430e-01,3.987443527066708571e-02,-2.495439103237732104e-01,5.491148297999074446e-01,-4.608128023406207752e-01,-6.555576879096086662e-02,8.992697143468425525e-02,-1.571486452005458334e-01,9.231451618519193048e-02,2.542512109301146017e-01,-7.580378402436468988e-02,4.118832875896002998e-02,-1.040106913501759323e-03,-2.767779835204495220e-02,-5.752186624474517895e-01,4.063831604652534679e-02,2.300374732986490978e-01,1.214350672195791958e-01,4.385814293626866256e-02,-3.243354864620275890e-01,4.410517427247877542e-01,-8.123545463413150980e-03,-1.204491621354025765e-03,1.479588867827251186e-01,1.352160845909138043e-02,-4.382130168810866588e-01,-2.611103303964078526e-01,6.792829302019565141e-02,2.750323568905040372e-01,2.449892502567606045e-01,8.040344798008214333e-02,3.358154429538786623e-01,-1.152854691649219387e-01,1.001728114500601008e-01,-1.298843206936746153e-01,-1.330487316847870638e-01,-5.093222854137909039e-02,4.325546213348364921e-02,-4.564887662198199858e-02,1.215375995788286895e-01,2.577067440028803502e-01,-2.091039547130819631e-01,-5.779296661348820585e-02,-8.322894560516823359e-02,8.024004388285806144e-02,1.084649006094433321e-02,-1.254170954444795982e-01,-3.400566243269897981e-02,-1.113432181719505865e-01,-9.818427805970586508e-02,-3.110135210178938125e-02,2.331192205483667013e-01,-8.147375942728940501e-02,2.144431725840426073e-02,-6.828607278884388232e-02,8.678187337372553212e-02,-1.156705257566539025e-01,-4.778958722489612398e-02,1.552722440499170187e-01,1.375138396113177175e-01,-2.184293563432069540e-01,6.401330486578502010e-02,2.036525995741939599e-01,2.071243210801443912e-01,-1.179126477278430452e-01,-9.357493858419095589e-02,-2.195459621763589178e-02,7.230707150118129145e-04,3.097887916247319198e-02,3.937654629738471246e-02,-1.038531427123480788e-01,-1.700129772100540948e-01,1.073733994287403570e-01,2.723025860470021930e-01,-1.390913792116036107e-01,0.000000000000000000e+00,0.000000000000000000e+00,0.000000000000000000e+00,0.000000000000000000e+00,0.000000000000000000e+00,0.000000000000000000e+00,0.000000000000000000e+00,0.000000000000000000e+00,0.000000000000000000e+00,0.000000000000000000e+00,0.000000000000000000e+00,0.000000000000000000e+00,0.000000000000000000e+00,0.000000000000000000e+00,0.000000000000000000e+00,0.000000000000000000e+00,0.000000000000000000e+00,0.000000000000000000e+00,0.000000000000000000e+00,0.000000000000000000e+00,0.000000000000000000e+00,0.000000000000000000e+00,0.000000000000000000e+00,0.000000000000000000e+00,0.000000000000000000e+00,0.000000000000000000e+00,0.000000000000000000e+00,0.000000000000000000e+00,0.000000000000000000e+00,0.000000000000000000e+00,0.000000000000000000e+00,0.000000000000000000e+00,0.000000000000000000e+00,0.000000000000000000e+00,0.000000000000000000e+00,0.000000000000000000e+00,0.000000000000000000e+00,0.000000000000000000e+00,0.000000000000000000e+00,0.000000000000000000e+00,0.000000000000000000e+00,0.000000000000000000e+00,0.000000000000000000e+00,0.000000000000000000e+00,0.000000000000000000e+00,0.000000000000000000e+00,0.000000000000000000e+00,0.000000000000000000e+00,0.000000000000000000e+00,0.000000000000000000e+00,0.000000000000000000e+00
0.000000000000000000e+00,0.000000000000000000e+00,0.000000000000000000e+00,0.000000000000000000e+00,0.000000000000000000e+00,0.000000000000000000e+00,0.000000000000000000e+00,0.000000000000000000e+00,0.000000000000000000e+00,0.000000000000000000e+00,0.000000000000000000e+00,0.000000000000000000e+00,0.000000000000000000e+00,0.000000000000000000e+00,0.000000000000000000e+00,0.000000000000000000e+00,0.000000000000000000e+00,0.000000000000000000e+00,0.000000000000000000e+00,0.000000000000000000e+00,0.000000000000000000e+00,0.000000000000000000e+00,0.000000000000000000e+00,0.000000000000000000e+00,0.000000000000000000e+00,0.000000000000000000e+00,0.000000000000000000e+00,0.000000000000000000e+00,0.000000000000000000e+00,0.000000000000000000e+00,0.000000000000000000e+00,-1.224210190638805405e-03,-1.142673343164920946e-01,1.276564722037819566e-01,-1.216492769665105528e-02,0.000000000000000000e+00,-2.094456482196452585e-01,3.431589294067040052e-01,-1.060255556246392228e-01,-1.172067807188338640e-01,-5.533384051535267245e-02,5.884093155040900913e-02,1.852887877306658160e-01,4.092993199065690924e-01,3.516896598847907285e-03,-1.897425913677640019e-01,2.245828800188725549e-01,3.086107439937313401e-03,3.798717075576035773e-01,-3.592786106921130873e-01,-4.769796081423149925e-01,-4.005162269807065190e-02,4.167164422878891217e-02,-1.082955554044415791e-01,-4.882290808643086066e-02,-2.808292510981772461e-01,1.473091428190818619e-01,2.682167859532939569e-01,2.204049719054660961e-01,6.516449209897957617e-01,-2.214995871501249658e-01,2.933105947061774854e-01,-2.871360627709096391e-02,-1.293799512313424938e-01,-1.282123527130700769e-01,2.537753535639619695e-02,-5.054886403497698133e-01,-2.581469695724011304e-01,1.885701546819155972e-04,-1.050277459072294084e-01,7.373773650084193554e-02,-1.320043995461130937e-01,-1.772097048884076209e-01,-5.819127118495887041e-02,-1.091194554128014915e-01,-6.555160572357554560e-02,2.080748657325544593e-01,3.633122670063769766e-01,-3.820974702913297882e-01,3.552093118409656025e-01,1.444343194874130043e-02,-2.071300976245405989e-01,-3.250990691010341438e-01,5.678082003857354287e-02,-1.526724566289571206e-01,1.006873734161561895e-01,-9.739678434244680716e-02,7.306915986563633503e-02,-1.045329394027080250e-01,3.511870064566948724e-01,-1.559963390805885197e-04,2.805132202379361228e-01,-2.341861684498675877e-01,-2.581011982759813250e-01,1.178899244041246019e-01,1.338501335013619897e-01,2.089956527339094650e-01,-8.130296103743815950e-01,-2.088719421179117131e-01,5.145140687156104509e-01,-1.749569894705627071e-02,2.444790627609297884e-01,-4.071303652072931767e-01,-1.062310203199201553e-02,6.617428953363025945e-01,-3.992531790705856620e-01,1.445379552647344523e-01,-9.313200030396673323e-02,-3.208763084278709599e-02,1.730803530200409890e-01,1.118754411879807620e-01,-1.626938256352983281e-01,-1.027329877600593466e-01,1.973643159663829305e-02,2.161119266815894058e-01,4.220158657109535083e-03,6.500117445615932743e-03,7.417019325293172649e-02,2.387795608249801416e-02,7.831271336706678576e-02,1.093962404347063461e-01,-1.868589750431191854e-02,-2.593685492048719010e-01,4.070443962855913034e-01,-1.451533973997961302e-01,-7.992349317775546136e-02,7.626872128263424699e-02,4.165662960683576277e-02,7.596446332064474283e-02,-1.688147307656148732e-01,-1.203268022047074559e-01,1.489056864805743396e-03,-3.886397717925454964e-03,-3.492573258511902368e-02,3.267657532710542823e-01,8.331552427565350194e-02,-1.046000140634404385e-01,-4.463168093212495080e-01,2.886019237634340762e-02,3.036187689201018114e-01,-2.413873093476949228e-01,2.832737233311624636e-02,2.825142229864303633e-01,-2.606684489473863331e-01,5.486961929885184053e-02,1.342343380802187847e-01,-7.894742956437109105e-02,-3.195821655365752023e-01,1.699739036015618376e-02,5.884305531857429994e-01,-2.110538699223857284e-01,-2.257077205237569828e-01,1.052731802433465313e-01,8.301338738827461483e-02,-2.358643248900281139e-02,6.458331810468551093e-03,-6.698273398746916463e-02,1.077196738341905519e-01,0.000000000000000000e+00,0.000000000000000000e+00,0.000000000000000000e+00,0.000000000000000000e+00,0.000000000000000000e+00,0.000000000000000000e+00,0.000000000000000000e+00,0.000000000000000000e+00,0.000000000000000000e+00,0.000000000000000000e+00,0.000000000000000000e+00,0.000000000000000000e+00,0.000000000000000000e+00,0.000000000000000000e+00,0.000000000000000000e+00,0.000000000000000000e+00,0.000000000000000000e+00,0.000000000000000000e+00,0.000000000000000000e+00,0.000000000000000000e+00,0.000000000000000000e+00,0.000000000000000000e+00,0.000000000000000000e+00,0.000000000000000000e+00,0.000000000000000000e+00,0.000000000000000000e+00,0.000000000000000000e+00,0.000000000000000000e+00,0.000000000000000000e+00,0.000000000000000000e+00,0.000000000000000000e+00,0.000000000000000000e+00,0.000000000000000000e+00,0.000000000000000000e+00,0.000000000000000000e+00,0.000000000000000000e+00,0.000000000000000000e+00,0.000000000000000000e+00,0.000000000000000000e+00,0.000000000000000000e+00,0.000000000000000000e+00,0.000000000000000000e+00,0.000000000000000000e+00,0.000000000000000000e+00,0.000000000000000000e+00,0.000000000000000000e+00,0.000000000000000000e+00,0.000000000000000000e+00,0.000000000000000000e+00,0.000000000000000000e+00,0.000000000000000000e+00
0.000000000000000000e+00,0.000000000000000000e+00,0.000000000000000000e+00,0.000000000000000000e+00,0.000000000000000000e+00,0.000000000000000000e+00,0.000000000000000000e+00,0.000000000000000000e+00,0.000000000000000000e+00,0.000000000000000000e+00,0.000000000000000000e+00,0.000000000000000000e+00,0.000000000000000000e+00,0.000000000000000000e+00,0.000000000000000000e+00,0.000000000000000000e+00,0.000000000000000000e+00,0.000000000000000000e+00,0.000000000000000000e+00,0.000000000000000000e+00,0.000000000000000000e+00,0.000000000000000000e+00,0.000000000000000000e+00,0.000000000000000000e+00,0.000000000000000000e+00,0.000000000000000000e+00,0.000000000000000000e+00,0.000000000000000000e+00,0.000000000000000000e+00,0.000000000000000000e+00,0.000000000000000000e+00,7.855270561601346291e-03,4.682127280430739558e-02,-9.588981162003895609e-02,4.121326825413021422e-02,0.000000000000000000e+00,-3.804526350572557392e-01,3.275314228167353625e-01,8.348296491409021303e-02,1.006133079726259094e-01,1.943689771585593862e-02,-5.153019814538828403e-02,8.419737198734067452e-03,-1.561833198182239202e-01,-4.241297517240277121e-02,4.675069178806336156e-02,2.261640788458381679e-01,3.907987163960580101e-02,1.046808649112809242e-01,1.226343247157921645e-01,-2.601989700742545764e-01,1.698167962409684595e-01,1.000094315611843587e-01,1.095679212802350144e-01,-1.968701527501361959e-01,-1.335137035554284646e-01,-7.904338985282294283e-02,3.818688169011255629e-02,-1.229515743993895571e-01,6.765147659079567832e-02,-4.602272484767808147e-02,2.629188753430397596e-02,2.731226461477261891e-01,-2.445675562736970843e-02,-1.587950971174152959e-01,1.568643873589999349e-01,-2.069958279819583413e-01,-8.551248395209522235e-02,5.560943034258340745e-02,-2.003591082722598893e-01,-6.665451024084242948e-02,-2.571319446556756816e-01,2.251090473120401780e-01,1.307514801978596208e-01,-5.965003531538536075e-02,-2.109285235672793690e-01,-2.911572682849205562e-01,2.359721185365129537e-01,-2.871364250396907791e-01,1.895787081193608392e-01,9.066890172776248535e-02,2.614364518205504195e-01,-5.855260306440219775e-01,2.195034337532488222e-01,-1.635063082947986746e-01,3.980948557690322520e-02,-4.585166719729448781e-01,4.143919123944853622e-01,-1.468836782624699522e-01,4.157752798445074616e-01,-5.056384891479409616e-01,1.075726185972718518e-01,-4.469796684561355704e-02,-4.359356779273915183e-02,3.361710575980662030e-01,4.470588657553385969e-01,2.977403162329188557e-01,-4.585867623514055524e-01,-1.162490394300300101e-01,-5.499443479927973444e-02,1.761028525875242001e-01,3.416184118695807514e-01,-3.079991067799401350e-01,-6.055507355390069568e-01,1.776254361410294358e-01,4.403559012093327674e-03,2.331925504283083317e-02,-2.127995209046351643e-02,-1.398218397987394113e-02,-2.675549721241969880e-01,1.381365705727762849e-01,-1.304421292706137159e-03,2.478728811718586833e-01,5.757670361646805013e-02,-4.281389851765415866e-02,3.393776410157314238e-01,-1.210021423006478469e-01,6.958129149272138103e-02,1.254241945227081434e-01,1.752228889399927436e-02,6.597316205030528957e-02,6.710127320973016674e-02,-1.297545199476911881e-01,2.836393935320492554e-01,-4.187952317155164694e-01,-2.139528858994632632e-02,2.018784796930973291e-01,1.124981912751722435e-01,-1.182737941047023456e-01,-2.043664646179807476e-01,1.366551263510954461e-01,1.179066321240450632e-01,1.012087945602397759e-01,-1.572400682789923954e-01,2.653677312087432405e-01,1.194128640871183200e-01,-8.717512727740672762e-02,-5.777708994208859972e-01,-3.212216072908952169e-02,3.023905383261317192e-01,-1.611243044937575031e-01,1.983907959556138745e-02,2.596830086125642145e-01,-2.008179770926444008e-01,1.332148973161171313e-01,-1.224716792051119829e-01,-1.155414606168305436e-01,5.099590777999207791e-02,6.266827157062671017e-02,3.029384828929546081e-02,-1.653476454425825692e-02,-2.853348194537178029e-02,1.847703051145616060e-01,-2.344857022944695224e-01,3.105513067008033867e-02,7.616386834340282963e-02,1.425202385992382914e-02,6.105659852672927490e-02,0.000000000000000000e+00,0.000000000000000000e+00,0.000000000000000000e+00,0.000000000000000000e+00,0.000000000000000000e+00,0.000000000000000000e+00,0.000000000000000000e+00,0.000000000000000000e+00,0.000000000000000000e+00,0.000000000000000000e+00,0.000000000000000000e+00,0.000000000000000000e+00,0.000000000000000000e+00,0.000000000000000000e+00,0.000000000000000000e+00,0.000000000000000000e+00,0.000000000000000000e+00,0.000000000000000000e+00,0.000000000000000000e+00,0.000000000000000000e+00,0.000000000000000000e+00,0.000000000000000000e+00,0.000000000000000000e+00,0.000000000000000000e+00,0.000000000000000000e+00,0.000000000000000000e+00,0.000000000000000000e+00,0.000000000000000000e+00,0.000000000000000000e+00,0.000000000000000000e+00,0.000000000000000000e+00,0.000000000000000000e+00,0.000000000000000000e+00,0.000000000000000000e+00,0.000000000000000000e+00,0.000000000000000000e+00,0.000000000000000000e+00,0.000000000000000000e+00,0.000000000000000000e+00,0.000000000000000000e+00,0.000000000000000000e+00,0.000000000000000000e+00,0.000000000000000000e+00,0.000000000000000000e+00,0.000000000000000000e+00,0.000000000000000000e+00,0.000000000000000000e+00,0.000000000000000000e+00,0.000000000000000000e+00,0.000000000000000000e+00,0.000000000000000000e+00
0.000000000000000000e+00,0.000000000000000000e+00,0.000000000000000000e+00,0.000000000000000000e+00,0.000000000000000000e+00,0.000000000000000000e+00,0.000000000000000000e+00,0.000000000000000000e+00,0.000000000000000000e+00,0.000000000000000000e+00,0.000000000000000000e+00,0.000000000000000000e+00,0.000000000000000000e+00,0.000000000000000000e+00,0.000000000000000000e+00,0.000000000000000000e+00,0.000000000000000000e+00,0.000000000000000000e+00,0.000000000000000000e+00,0.000000000000000000e+00,0.000000000000000000e+00,0.000000000000000000e+00,0.000000000000000000e+00,0.000000000000000000e+00,0.000000000000000000e+00,0.000000000000000000e+00,0.000000000000000000e+00,0.000000000000000000e+00,0.000000000000000000e+00,0.000000000000000000e+00,0.000000000000000000e+00,6.837430494280972515e-04,-1.440674066880283074e-04,-9.788221602814218842e-05,-4.417934267119267558e-04,0.000000000000000000e+00,1.776716492148804581e-03,3.315218020642522398e-04,1.597631721955246852e-03,-1.668831497348680429e-03,-1.087599772817876608e-03,2.298415463753177620e-04,4.329873478103478390e-03,-3.876694892807132885e-03,-6.817646945339498428e-04,8.587361080288758016e-04,-1.348719968541979217e-03,9.391836722220380266e-04,-1.145567186886307107e-03,2.775336173544997159e-04,3.357438613242036494e-03,-3.553386987581991403e-03,3.520042577172374700e-05,-2.042968884789833075e-04,2.058572963170119069e-04,1.066399609651003067e-04,-4.330935322325224403e-05,6.654173841732082895e-04,4.361407586328590151e-05,-3.495284173531531136e-04,8.651168947793324172e-04,-1.662329218462318264e-05,-4.636027218335508557e-04,1.953336638109798469e-03,-8.761436396667889558e-04,-8.669858192621668087e-04,1.610621685367989156e-03,-1.199132858793361400e-03,-8.431188202344832129e-04,1.163799206423227987e-03,3.099617611986026349e-03,4.458581187614362069e-03,-5.445192601344377679e-03,-2.486020362879049969e-03,1.232535188795389359e-03,1.783012549486914095e-02,3.140272917428477834e-02,-2.558742430664769779e-02,-2.188438307492915347e-02,7.579124888969111448e-04,-5.081721183510566967e-04,3.123095529978486828e-02,4.236752327069084889e-02,2.414082542229019357e-02,9.414297973200216885e-02,-1.099614524553335637e-02,-2.904320872503432516e-02,-1.204550480689536851e-02,7.130939544431044719e-02,-1.659698270855838875e-01,1.976068501277424838e-01,-5.458306393352205244e-02,9.156466736873536405e-03,7.855662939682986345e-02,-1.085978345493891495e-01,-6.801780481994784688e-02,-4.650290581283145208e-02,-4.361481064910792405e-02,4.032588943105663154e-03,1.506497772919131520e-02,-9.281875267867369106e-03,-1.565102260327982248e-02,2.784550745777202713e-02,4.308627842664704971e-02,7.236091285573870158e-02,1.596326506205017481e-02,9.220695399147549320e-03,1.745445042398607871e-02,1.350524026466684568e-02,1.829530875215826247e-02,1.123029613556414397e-02,1.738130336675164367e-02,2.583307637177711946e-02,-1.526174324644047342e-02,-9.249722863572029663e-02,-1.068840700727136245e-01,-1.383679692621153645e-03,-2.056229119021598523e-02,-2.830168217149455628e-02,-4.031314852694076190e-03,2.780997436983288426e-03,-1.751151728284210118e-03,-8.263660124651427130e-03,3.578397902221155079e-03,-5.211952666171280196e-04,-3.845161305111075879e-03,8.593166389933987181e-04,-2.268623839600984651e-03,-5.911343864236130469e-04,1.194779215787498744e-03,-8.585436284248148132e-04,-7.646359192572179265e-04,5.107009817182777203e-03,2.276917230403060176e-03,-5.411019317585332583e-03,1.929814395004491104e-04,-4.578607075305003715e-05,1.159486340502729682e-03,7.028624389979493819e-04,1.490998644565806434e-03,-9.441936573214649089e-04,-1.857355228873897902e-03,-1.512169369952994294e-03,1.572260126676053998e-03,-1.945523036968777866e-03,3.267004673820014110e-03,-3.954062562157717453e-04,2.103231530954687012e-04,2.171395784415939764e-03,-4.746252892505159471e-03,-9.232191882900552850e-04,4.002755808289741764e-04,3.183049486849913977e-04,3.674243473996818138e-04,1.866975290762124765e-03,-1.064501186212773315e-03,-1.206656773786040845e-03,-2.154117582186030819e-03,0.000000000000000000e+00,0.000000000000000000e+00,0.000000000000000000e+00,0.000000000000000000e+00,0.000000000000000000e+00,0.000000000000000000e+00,0.000000000000000000e+00,0.000000000000000000e+00,0.000000000000000000e+00,0.000000000000000000e+00,0.000000000000000000e+00,0.000000000000000000e+00,0.000000000000000000e+00,0.000000000000000000e+00,0.000000000000000000e+00,0.000000000000000000e+00,0.000000000000000000e+00,0.000000000000000000e+00,0.000000000000000000e+00,0.000000000000000000e+00,0.000000000000000000e+00,0.000000000000000000e+00,0.000000000000000000e+00,0.000000000000000000e+00,0.000000000000000000e+00,0.000000000000000000e+00,0.000000000000000000e+00,0.000000000000000000e+00,0.000000000000000000e+00,0.000000000000000000e+00,0.000000000000000000e+00,0.000000000000000000e+00,0.000000000000000000e+00,0.000000000000000000e+00,0.000000000000000000e+00,0.000000000000000000e+00,0.000000000000000000e+00,0.000000000000000000e+00,0.000000000000000000e+00,0.000000000000000000e+00,0.000000000000000000e+00,0.000000000000000000e+00,0.000000000000000000e+00,0.000000000000000000e+00,0.000000000000000000e+00,0.000000000000000000e+00,0.000000000000000000e+00,0.000000000000000000e+00,0.000000000000000000e+00,0.000000000000000000e+00,0.000000000000000000e+00
0.000000000000000000e+00,0.000000000000000000e+00,0.000000000000000000e+00,0.000000000000000000e+00,0.000000000000000000e+00,0.000000000000000000e+00,0.000000000000000000e+00,0.000000000000000000e+00,0.000000000000000000e+00,0.000000000000000000e+00,0.000000000000000000e+00,0.000000000000000000e+00,0.000000000000000000e+00,0.000000000000000000e+00,0.000000000000000000e+00,0.000000000000000000e+00,0.000000000000000000e+00,0.000000000000000000e+00,0.000000000000000000e+00,0.000000000000000000e+00,0.000000000000000000e+00,0.000000000000000000e+00,0.000000000000000000e+00,0.000000000000000000e+00,0.000000000000000000e+00,0.000000000000000000e+00,0.000000000000000000e+00,0.000000000000000000e+00,0.000000000000000000e+00,0.000000000000000000e+00,0.000000000000000000e+00,6.363019440050758559e-04,1.487449056176312579e-04,-2.250493663614257407e-05,-7.625419129865645398e-04,0.000000000000000000e+00,1.244382487657686625e-03,6.937529518593406504e-05,4.376061203130630038e-04,3.682443613753512944e-04,6.010335597936835791e-04,3.170588993242213962e-03,-1.837405413154492677e-03,-3.436848621065955768e-03,-4.129073420036323463e-04,1.444252722793003707e-04,-1.648780288284133191e-04,2.522650750456121378e-04,5.505609927916642679e-05,-2.312143400491323926e-04,1.888377784103050612e-03,-2.067324116788740729e-03,1.224426187282794717e-05,4.049334612340814259e-04,9.340346232845622362e-04,1.265973022595895305e-04,-6.000441111292144358e-04,1.748184938475176760e-03,-1.368326809399332935e-03,9.607802665622547453e-04,9.907132484469937175e-03,1.507194359602674616e-02,-7.956157676505128118e-03,-1.186903652882860018e-02,-1.463715127397735571e-04,8.557928820207253914e-03,-1.385824333542787397e-02,-1.317646302107801457e-03,-1.688404984117691755e-04,3.177167265301683889e-04,2.533734258219285523e-03,4.642587759721061337e-03,-7.028285662704145467e-03,4.659959984975670447e-04,-1.590174936937386804e-05,-6.830495551474798782e-05,3.254642056766617747e-03,-1.673453717907089772e-03,-1.822982193448473504e-03,1.636120097435951907e-03,1.051570555320774543e-04,3.550470091682001415e-03,3.447901239842248236e-03,-8.577810964603487312e-03,1.903311623826017080e-03,1.053943915091325092e-03,-3.925417952398355982e-03,1.973408980808382708e-03,-1.163415443576023460e-03,6.619105751204808989e-04,-1.440025500927180537e-03,5.243781697424963577e-04,1.167598944747236982e-04,-2.921668875854125649e-04,1.260926947269482359e-06,3.178280014596828861e-03,1.122303510925945057e-03,1.355121103295827550e-02,2.744435071804759985e-03,-1.694252036048058199e-02,-1.293437425648922504e-03,2.716067680610681923e-03,6.626292568695567840e-03,-7.330032018504432575e-03,-4.201739040352999062e-03,-4.199772753184596343e-05,2.921316950440304124e-04,5.685415168781428157e-04,-3.648555457169925121e-04,-1.262853376834893347e-03,1.388420715282523117e-04,1.367478660495392905e-04,1.413573256859077627e-05,1.576773270107845550e-04,5.324761655758050629e-04,5.417861977084839631e-03,4.124472816868343487e-03,-7.119444747980426674e-03,8.664228139593135175e-05,1.582577629894365775e-03,-2.502861416182161104e-03,-7.958288814153982940e-04,-2.816127951447153568e-05,4.222043477497784345e-04,-3.429758103969564927e-04,2.399305874556262493e-03,-1.376577999579550564e-03,7.908470452045999501e-04,-1.711691116571610865e-03,-7.492186540374165191e-04,1.280272196874195165e-03,1.391489605301690375e-03,-1.830628162288625189e-03,1.797201421173616823e-05,-3.563121436129649579e-04,-5.715324049409570978e-04,-4.463957754630680378e-04,4.413719471893774683e-04,2.314755902712391754e-03,-1.533832059899789720e-04,-2.625116870903373978e-03,1.931875889689473351e-04,6.131464339935217443e-04,1.544217389743110687e-04,3.287973819461490008e-04,-7.184133743760947894e-04,4.109186631870618243e-04,1.348450555361060694e-04,5.109640377953823115e-04,-1.220733465068814727e-03,4.991742268177759480e-04,3.075371217903717126e-04,9.077565618493682598e-04,-1.636551098364175290e-03,2.497892666928033020e-04,7.074601647721759715e-05,-1.977374742591984490e-04,-1.310625119734837220e-03,0.000000000000000000e+00,0.000000000000000000e+00,0.000000000000000000e+00,0.000000000000000000e+00,0.000000000000000000e+00,0.000000000000000000e+00,0.000000000000000000e+00,0.000000000000000000e+00,0.000000000000000000e+00,0.000000000000000000e+00,0.000000000000000000e+00,0.000000000000000000e+00,0.000000000000000000e+00,0.000000000000000000e+00,0.000000000000000000e+00,0.000000000000000000e+00,0.000000000000000000e+00,0.000000000000000000e+00,0.000000000000000000e+00,0.000000000000000000e+00,0.000000000000000000e+00,0.000000000000000000e+00,0.000000000000000000e+00,0.000000000000000000e+00,0.000000000000000000e+00,0.000000000000000000e+00,0.000000000000000000e+00,0.000000000000000000e+00,0.000000000000000000e+00,0.000000000000000000e+00,0.000000000000000000e+00,0.000000000000000000e+00,0.000000000000000000e+00,0.000000000000000000e+00,0.000000000000000000e+00,0.000000000000000000e+00,0.000000000000000000e+00,0.000000000000000000e+00,0.000000000000000000e+00,0.000000000000000000e+00,0.000000000000000000e+00,0.000000000000000000e+00,0.000000000000000000e+00,0.000000000000000000e+00,0.000000000000000000e+00,0.000000000000000000e+00,0.000000000000000000e+00,0.000000000000000000e+00,0.000000000000000000e+00,0.000000000000000000e+00,0.000000000000000000e+00
0.000000000000000000e+00,0.000000000000000000e+00,0.000000000000000000e+00,0.000000000000000000e+00,0.000000000000000000e+00,0.000000000000000000e+00,0.000000000000000000e+00,0.000000000000000000e+00,0.000000000000000000e+00,0.000000000000000000e+00,0.000000000000000000e+00,0.000000000000000000e+00,0.000000000000000000e+00,0.000000000000000000e+00,0.000000000000000000e+00,0.000000000000000000e+00,0.000000000000000000e+00,0.000000000000000000e+00,0.000000000000000000e+00,0.000000000000000000e+00,0.000000000000000000e+00,0.000000000000000000e+00,0.000000000000000000e+00,0.000000000000000000e+00,0.000000000000000000e+00,0.000000000000000000e+00,0.000000000000000000e+00,0.000000000000000000e+00,0.000000000000000000e+00,0.000000000000000000e+00,0.000000000000000000e+00,7.848558924330293783e-04,4.285448530567081667e-04,-6.264864758253491659e-04,-5.869142696643883791e-04,0.000000000000000000e+00,3.495892668306136569e-03,2.218401683285551457e-04,-2.317954455335799989e-04,-2.496540488726251526e-03,-3.536513227398781906e-04,9.721510566812949488e-04,3.770269696374747501e-03,-3.061575283871598076e-03,-8.450511520640031915e-04,1.611433992502576441e-03,-2.690534440610631815e-03,1.604609074559751498e-03,-1.496715498060759760e-03,-1.466691909373648650e-05,3.095647942477295408e-03,-3.264406502432446421e-03,-8.233314036760786296e-05,-1.107943543071426493e-04,1.139308550407912507e-04,1.167135480946524494e-03,4.509029365793497390e-03,2.529701892610181600e-03,-3.255102402823267967e-03,-9.283930665673423635e-04,-2.831757265628522067e-03,1.757469398032457039e-03,-2.549382913105039273e-03,4.774531910519875036e-03,-2.046503236301797004e-03,-5.695584752422808150e-04,-2.011429761720729369e-04,-9.971007670608138512e-04,1.145952010398803775e-04,-6.286866129022266290e-04,1.198406081651389810e-03,8.511009566455864789e-03,3.467665204359532405e-02,-2.795315545147717892e-02,2.205185570108051177e-02,4.174693416806887769e-02,9.465831593442401715e-02,-1.566838015242049964e-01,6.431541030506579548e-02,-7.837121481620483443e-02,-8.985604340268973922e-04,2.971157373692201106e-02,1.368832416777899796e-01,-1.355714883228520407e-02,-1.138857194079807150e-01,1.573872404792148183e-02,4.588446984071310741e-02,1.699151050375358185e-02,-6.594882991525519156e-02,5.467831159507053479e-02,-8.249012466989666392e-02,1.379378386379567084e-02,1.262235630968448763e-02,-4.385077671934078242e-02,1.622518025914032602e-02,-1.841843063590478322e-02,2.098657697118724852e-02,8.117109969374081135e-02,3.875304416620489745e-02,-1.132600562047783588e-01,9.101008038962518643e-02,-1.147704679725706917e-01,7.597024054741498278e-02,1.214366402481631413e-01,-1.199281696528713692e-01,-6.488599431549946228e-03,-4.367394495519728859e-02,-3.190855830393292403e-02,-7.136346203029886315e-03,-3.633853845982026008e-04,1.432192481482689322e-03,3.245239266528012791e-03,-4.228626678401944082e-03,9.384302812954783968e-03,3.416781452993122858e-02,8.399252421623648601e-03,-3.160705265262591518e-02,2.400994267063931431e-02,-3.787748844779515595e-02,-4.671612395205013146e-04,4.556585409482409067e-03,-9.142188994497434801e-04,1.031860449089670728e-03,-5.395799613474298873e-03,2.626969054656503114e-03,-5.143045857246893865e-04,-1.247235338101536535e-03,-3.703289220892422642e-04,-2.791919045522532269e-03,-8.331528485729924535e-05,1.281897719455444163e-03,1.368487819081068424e-03,1.497766305673908262e-03,1.023302175314716109e-03,-3.360382428806740415e-03,-1.765093837597030493e-03,-7.770125652390145500e-04,2.235078745435942291e-03,4.967130738767998321e-04,5.127075822540995420e-03,1.209951666248054031e-03,3.266082890173483549e-03,-4.302335804127409638e-03,-6.542045480664943416e-03,5.736755814618056670e-03,-2.106634476688335963e-03,3.559269171263649417e-03,-7.827672400773703215e-03,4.852119685147624623e-03,-1.054416628970544778e-04,-4.509274130003436583e-03,1.080083367174376752e-03,-1.860962323109903276e-03,1.485966666130872707e-03,-9.305259546127566533e-04,-1.188309353002126902e-03,-9.629778504543721335e-04,-1.849264618949440948e-03,0.000000000000000000e+00,0.000000000000000000e+00,0.000000000000000000e+00,0.000000000000000000e+00,0.000000000000000000e+00,0.000000000000000000e+00,0.000000000000000000e+00,0.000000000000000000e+00,0.000000000000000000e+00,0.000000000000000000e+00,0.000000000000000000e+00,0.000000000000000000e+00,0.000000000000000000e+00,0.000000000000000000e+00,0.000000000000000000e+00,0.000000000000000000e+00,0.000000000000000000e+00,0.000000000000000000e+00,0.000000000000000000e+00,0.000000000000000000e+00,0.000000000000000000e+00,0.000000000000000000e+00,0.000000000000000000e+00,0.000000000000000000e+00,0.000000000000000000e+00,0.000000000000000000e+00,0.000000000000000000e+00,0.000000000000000000e+00,0.000000000000000000e+00,0.000000000000000000e+00,0.000000000000000000e+00,0.000000000000000000e+00,0.000000000000000000e+00,0.000000000000000000e+00,0.000000000000000000e+00,0.000000000000000000e+00,0.000000000000000000e+00,0.000000000000000000e+00,0.000000000000000000e+00,0.000000000000000000e+00,0.000000000000000000e+00,0.000000000000000000e+00,0.000000000000000000e+00,0.000000000000000000e+00,0.000000000000000000e+00,0.000000000000000000e+00,0.000000000000000000e+00,0.000000000000000000e+00,0.000000000000000000e+00,0.000000000000000000e+00,0.000000000000000000e+00
0.000000000000000000e+00,0.000000000000000000e+00,0.000000000000000000e+00,0.000000000000000000e+00,0.000000000000000000e+00,0.000000000000000000e+00,0.000000000000000000e+00,0.000000000000000000e+00,0.000000000000000000e+00,0.000000000000000000e+00,0.000000000000000000e+00,0.000000000000000000e+00,0.000000000000000000e+00,0.000000000000000000e+00,0.000000000000000000e+00,0.000000000000000000e+00,0.000000000000000000e+00,0.000000000000000000e+00,0.000000000000000000e+00,0.000000000000000000e+00,0.000000000000000000e+00,0.000000000000000000e+00,0.000000000000000000e+00,0.000000000000000000e+00,0.000000000000000000e+00,0.000000000000000000e+00,0.000000000000000000e+00,0.000000000000000000e+00,0.000000000000000000e+00,0.000000000000000000e+00,0.000000000000000000e+00,6.624826847332712133e-04,1.793297309490831520e-04,-1.671394928661622302e-04,-6.746729228161921351e-04,0.000000000000000000e+00,1.429920801171363949e-03,9.907280082456747239e-04,-1.222017706917468945e-03,5.624736661985617770e-04,-6.369918516604261560e-05,9.914083787276087821e-04,5.809951218020990849e-03,-6.856214921829448944e-03,-4.096874999970356868e-05,1.324452972725585461e-03,-2.544028332234963760e-03,4.161149327238770207e-03,-4.050662972217522646e-03,2.323302410608325732e-03,9.017822654958379189e-03,-1.162007678586674843e-02,1.206082244799076223e-03,2.123028039612792107e-03,5.108781564976605169e-05,-2.451967340313516725e-03,3.169327096759959415e-03,-1.392758098664225244e-04,-3.149970081303157983e-03,2.105275746294948784e-05,4.672374397906259129e-04,1.405949722399714571e-03,-4.568813062528348512e-05,9.063419490933454989e-03,-2.924139015178675235e-03,-5.250558792755629159e-03,-2.400588268944204521e-03,7.857803700416269264e-05,-1.986060295297198582e-04,2.272776508031210639e-03,1.509081289880878207e-03,5.584030840303411299e-03,8.601458361741232128e-02,5.034787099793681941e-02,2.320394046722609738e-02,-6.663421240482932106e-02,-6.840956106863368968e-02,7.401355735255585322e-02,5.883428761277265107e-02,-1.536479934413813864e-01,-9.225218216385593778e-03,2.800197703297399240e-02,-2.332844410462154433e-03,-1.793468213653474919e-02,-2.157446772553283862e-03,4.047215829591176844e-03,-4.667572148576305813e-03,1.264580408777919024e-03,-7.536839749716433071e-03,1.817257096601241836e-02,-1.908154291519648799e-02,9.496228206508326719e-03,1.799283566665839731e-03,-1.273496130546639994e-02,7.507735777384249611e-03,7.446217114480188984e-03,5.430952621000260938e-04,7.246244160350009955e-02,-3.472330131787713936e-02,5.399950704839538707e-02,8.551216500924385677e-04,-1.019041228870447569e-01,2.880186338184590605e-02,-3.420849221846305327e-02,2.372945426741546182e-02,-1.985300426097895421e-02,1.759163716191650476e-04,-2.670098989921919699e-03,-2.714080195092570362e-03,-7.472100916064029069e-04,2.281308644728352749e-04,3.980462225841791598e-04,-5.235547908626451974e-04,1.260407975675392322e-03,7.718039794678712047e-03,4.319508106116150270e-03,-2.427473630819838510e-03,1.577540704155524359e-03,-3.966871085858129919e-03,-5.322720124031459117e-03,1.053556555940731582e-03,3.890706997684813089e-03,-1.509548931792960812e-03,1.296524312377801864e-03,-5.207275177768479549e-03,-2.077198039190826517e-04,6.525131623471850523e-03,4.969166412000812494e-03,-1.140545848177875084e-02,3.584432401087531053e-03,4.590119479587427206e-03,5.126597595593741091e-04,4.897309033633613987e-03,6.231190392810316558e-04,-1.038062826227576299e-02,-4.070920915841666834e-03,6.121213096245515378e-03,4.820923567951333061e-03,1.755248534572467073e-03,-5.993108053943128205e-03,-7.182759922612677594e-03,1.065306360647784011e-03,1.719511900243458295e-03,2.319760637363466396e-03,-4.417589686586781764e-03,3.357744462367994766e-03,-3.254704480041805976e-03,2.077458345405982804e-03,-6.529499575510851889e-04,-7.351048068514978197e-04,-1.210234472797248103e-03,-7.372091165131040239e-04,2.846022113896524292e-04,4.263046520394980950e-03,1.610197663714347215e-03,-5.336164725721789098e-03,-1.214747461698653013e-03,-1.221331295658664414e-03,0.000000000000000000e+00,0.000000000000000000e+00,0.000000000000000000e+00,0.000000000000000000e+00,0.000000000000000000e+00,0.000000000000000000e+00,0.000000000000000000e+00,0.000000000000000000e+00,0.000000000000000000e+00,0.000000000000000000e+00,0.000000000000000000e+00,0.000000000000000000e+00,0.000000000000000000e+00,0.000000000000000000e+00,0.000000000000000000e+00,0.000000000000000000e+00,0.000000000000000000e+00,0.000000000000000000e+00,0.000000000000000000e+00,0.000000000000000000e+00,0.000000000000000000e+00,0.000000000000000000e+00,0.000000000000000000e+00,0.000000000000000000e+00,0.000000000000000000e+00,0.000000000000000000e+00,0.000000000000000000e+00,0.000000000000000000e+00,0.000000000000000000e+00,0.000000000000000000e+00,0.000000000000000000e+00,0.000000000000000000e+00,0.000000000000000000e+00,0.000000000000000000e+00,0.000000000000000000e+00,0.000000000000000000e+00,0.000000000000000000e+00,0.000000000000000000e+00,0.000000000000000000e+00,0.000000000000000000e+00,0.000000000000000000e+00,0.000000000000000000e+00,0.000000000000000000e+00,0.000000000000000000e+00,0.000000000000000000e+00,0.000000000000000000e+00,0.000000000000000000e+00,0.000000000000000000e+00,0.000000000000000000e+00,0.000000000000000000e+00,0.000000000000000000e+00
0.000000000000000000e+00,0.000000000000000000e+00,0.000000000000000000e+00,0.000000000000000000e+00,0.000000000000000000e+00,0.000000000000000000e+00,0.000000000000000000e+00,0.000000000000000000e+00,0.000000000000000000e+00,0.000000000000000000e+00,0.000000000000000000e+00,0.000000000000000000e+00,0.000000000000000000e+00,0.000000000000000000e+00,0.000000000000000000e+00,0.000000000000000000e+00,0.000000000000000000e+00,0.000000000000000000e+00,0.000000000000000000e+00,0.000000000000000000e+00,0.000000000000000000e+00,0.000000000000000000e+00,0.000000000000000000e+00,0.000000000000000000e+00,0.000000000000000000e+00,0.000000000000000000e+00,0.000000000000000000e+00,0.000000000000000000e+00,0.000000000000000000e+00,0.000000000000000000e+00,0.000000000000000000e+00,6.687138440483069747e-04,3.667095094068745405e-06,6.316016070075189826e-05,-7.355410998431276184e-04,0.000000000000000000e+00,1.569541120215819322e-03,1.765448056296305916e-03,3.910142727544352152e-04,-1.297052915494352563e-03,9.056613256345300705e-04,-8.155122851948503823e-04,1.272931473386081438e-02,-9.795454218415008615e-03,-1.377420681831625741e-03,1.057521892734115433e-03,-3.708073379662355472e-03,-4.146927844068514640e-06,1.664207144013919032e-02,-5.140793858049682793e-03,3.238962635819626207e-02,-4.233330632560097784e-02,-2.470329172744001670e-03,-3.725897954901561619e-04,4.133969520729612783e-04,-1.176944978627484793e-04,3.088866477230724672e-04,9.739437868948996185e-03,-8.375426347275618036e-03,-3.054788795798693123e-04,1.060811733200929486e-03,2.873381397253127034e-03,6.655035168858444705e-04,3.370743322170711986e-02,-2.217136639432619807e-02,-1.633654824608263972e-02,2.215443848469617581e-05,-3.377360904156605746e-04,6.465237619078054859e-04,2.891415615658374585e-03,-3.219195877846098112e-03,1.539761532538666761e-03,5.724890818755482697e-02,-3.304208189065502288e-03,-4.875644381594377436e-02,1.170781271446663316e-02,-1.521477315642169939e-02,7.597463084337228653e-03,-4.981903188192238034e-03,-1.601593985006279780e-03,-3.304890454109163465e-03,2.166044092694421191e-02,-1.714391518186249297e-02,-1.840666403047156764e-03,-5.882073720935073607e-04,3.137590440036074416e-04,-4.441886927947572006e-05,3.874684995593992431e-05,-4.071167123526983449e-03,7.914510635566147922e-03,-7.973167394035253833e-03,4.028086399046003005e-03,-1.241625924923983430e-03,-3.213510410637945673e-03,1.098757508132587775e-03,1.894718095942645938e-02,-7.594377243959211585e-03,-4.449279783191525950e-04,5.001695913508035288e-03,1.155258724394372938e-02,-2.503842110803488827e-02,-2.214363536435217435e-03,3.842918919197747286e-03,-4.656198764174107954e-03,7.234185782486716662e-03,-3.965840258811498265e-03,-2.843578229876704729e-04,-1.728128820540952675e-03,-1.207590832979340591e-03,-8.167803367867645156e-04,1.313674870404664874e-04,3.293770748836379741e-04,-1.046011265638875816e-04,4.934254014520316920e-04,2.697159890333338927e-03,1.199345238280359778e-02,-1.245424746137687583e-02,-1.632619178170875490e-03,3.920272268434669277e-03,-1.027909771400201122e-03,1.411594850519883731e-02,3.400240533671869403e-04,-9.312962821332922830e-03,-7.518391258089524715e-04,-2.201557111970110954e-03,-4.424416094120336984e-03,3.567644419412092319e-03,2.398915065792460617e-03,-3.026608613588726779e-03,1.130293343538086963e-03,-4.075607919031692949e-04,-2.384064059144797541e-03,1.173861002066764296e-02,9.236016787279480861e-03,-5.171331672076610875e-03,-2.030321360291152677e-03,-9.646080296856700265e-03,-5.683464261356595271e-03,-3.772944573527114986e-04,7.302187608845133078e-03,-5.540974135167375282e-03,-9.440425146048756107e-04,-8.045226094975524780e-05,2.617122524940057940e-03,4.862049692083319705e-03,-1.922903679514684216e-03,-1.261700188570626276e-03,-3.063216238231930393e-03,-1.723350461208766719e-04,-8.747561969528810585e-04,2.115394976344929425e-03,-7.128907726976175738e-04,-1.775988269301477431e-03,-1.218019356127777748e-03,1.584614242187618732e-03,-7.974152373976426626e-04,-4.981414803057089558e-05,-1.618845487514640252e-03,0.000000000000000000e+00,0.000000000000000000e+00,0.000000000000000000e+00,0.000000000000000000e+00,0.000000000000000000e+00,0.000000000000000000e+00,0.000000000000000000e+00,0.000000000000000000e+00,0.000000000000000000e+00,0.000000000000000000e+00,0.000000000000000000e+00,0.000000000000000000e+00,0.000000000000000000e+00,0.000000000000000000e+00,0.000000000000000000e+00,0.000000000000000000e+00,0.000000000000000000e+00,0.000000000000000000e+00,0.000000000000000000e+00,0.000000000000000000e+00,0.000000000000000000e+00,0.000000000000000000e+00,0.000000000000000000e+00,0.000000000000000000e+00,0.000000000000000000e+00,0.000000000000000000e+00,0.000000000000000000e+00,0.000000000000000000e+00,0.000000000000000000e+00,0.000000000000000000e+00,0.000000000000000000e+00,0.000000000000000000e+00,0.000000000000000000e+00,0.000000000000000000e+00,0.000000000000000000e+00,0.000000000000000000e+00,0.000000000000000000e+00,0.000000000000000000e+00,0.000000000000000000e+00,0.000000000000000000e+00,0.000000000000000000e+00,0.000000000000000000e+00,0.000000000000000000e+00,0.000000000000000000e+00,0.000000000000000000e+00,0.000000000000000000e+00,0.000000000000000000e+00,0.000000000000000000e+00,0.000000000000000000e+00,0.000000000000000000e+00,0.000000000000000000e+00
0.000000000000000000e+00,0.000000000000000000e+00,0.000000000000000000e+00,0.000000000000000000e+00,0.000000000000000000e+00,0.000000000000000000e+00,0.000000000000000000e+00,0.000000000000000000e+00,0.000000000000000000e+00,0.000000000000000000e+00,0.000000000000000000e+00,0.000000000000000000e+00,0.000000000000000000e+00,0.000000000000000000e+00,0.000000000000000000e+00,0.000000000000000000e+00,0.000000000000000000e+00,0.000000000000000000e+00,0.000000000000000000e+00,0.000000000000000000e+00,0.000000000000000000e+00,0.000000000000000000e+00,0.000000000000000000e+00,0.000000000000000000e+00,0.000000000000000000e+00,0.000000000000000000e+00,0.000000000000000000e+00,0.000000000000000000e+00,0.000000000000000000e+00,0.000000000000000000e+00,0.000000000000000000e+00,6.292717765609848277e-04,1.167520551451030255e-05,6.361198843815444367e-05,-7.045589705136495740e-04,0.000000000000000000e+00,1.679519834664125119e-03,1.220950305212626600e-03,-6.710021660610221081e-04,4.526990611493043534e-04,-1.385545244399770783e-03,2.636998834488605593e-04,1.393074177702217399e-02,-1.061248195828636345e-02,5.629581412869969805e-03,4.390254690634793830e-03,-3.966435318118469860e-03,5.151986292388041622e-02,1.762408337565021799e-02,-6.189249911078859023e-02,-9.957606584704223329e-03,-7.661942240257878407e-03,1.996861829046462072e-04,-3.184072933538535134e-04,6.928125196987818457e-04,-1.040020475312907313e-03,1.092767545800985484e-03,1.155754462851959867e-02,-1.152483887455776554e-02,3.642906422297527251e-03,4.134509455100549881e-03,3.595462005837758018e-03,-1.159109066891769041e-02,3.028578886298338713e-02,3.537831201662483549e-03,1.355039225344051301e-03,-3.191604187045357643e-02,-3.636906119563963844e-03,1.612621629803247811e-04,5.734267703788212094e-04,3.884350476070645968e-03,-4.185866885942366236e-03,1.273910688819597861e-02,-7.505118938740795893e-03,-4.301417346075198968e-03,3.681010456973908551e-03,-2.338742405176687331e-03,7.107149067906945797e-03,-5.416362869067307788e-03,-2.276678301428029967e-03,-8.285138198403309458e-04,1.787204091343546838e-02,-1.683887718262689487e-02,9.618563281876611575e-04,-2.365622358280240929e-03,1.122543243061862456e-03,-1.328195452093462823e-03,1.256152217402632318e-03,-2.047344626696350183e-03,5.012494152210513441e-03,-5.121064377392091360e-03,1.355689167511721057e-03,7.821269439453907776e-06,-1.511597466258451060e-03,7.254988368932689712e-04,5.354928955802072590e-04,1.558519285849420052e-03,-3.458444336695508901e-04,-1.600555360621980444e-03,2.109463845906349964e-03,1.142251681115576210e-03,-3.353759115937528668e-03,2.427074654674245789e-04,-2.639024550498110869e-04,2.889986982346483442e-03,-2.385863733111407738e-03,8.940291172145349140e-04,-6.822918176286297490e-04,1.375153610153428485e-03,-2.330937548071443204e-03,1.307358426911228158e-04,7.887464304478501069e-04,-1.377980115283297235e-03,-6.353878458537803083e-06,2.580098408594508341e-03,4.141147072757363906e-03,-2.547573700455018665e-03,-7.576826697818783707e-04,-8.735076463908201388e-04,-1.323862102263056399e-03,3.382710529166474672e-03,-1.944838695384313448e-03,4.229372978199782800e-04,3.585331484214362378e-03,-3.722616320103502505e-03,8.311155886062257178e-04,2.816476701804140892e-04,-1.642923839411733825e-03,-7.842168397432123725e-04,1.857881080796530519e-03,-1.595826071476337277e-03,1.933409184177235611e-04,1.688486119431484994e-03,4.892536845098761217e-05,4.010696057617231525e-03,-6.968687135722878567e-06,-6.549766452148803042e-03,1.129557038299990133e-03,-1.078887183164336074e-03,2.585806975163993347e-03,-4.181827486982119500e-04,-2.677631083204509883e-03,3.620692163326432247e-03,1.023734721291785950e-03,-3.459415611186488545e-03,-6.961832088259302474e-04,-6.477459253736573934e-04,-1.286737077726317824e-04,2.024898988197954691e-03,1.682205299053204494e-03,-3.582466890860641628e-03,3.457004245410238638e-04,2.085911361395433733e-04,-4.949504629458425457e-04,-3.694399322993395605e-04,6.327851657748862976e-06,8.234202038085130897e-04,-1.517414628784876079e-03,0.000000000000000000e+00,0.000000000000000000e+00,0.000000000000000000e+00,0.000000000000000000e+00,0.000000000000000000e+00,0.000000000000000000e+00,0.000000000000000000e+00,0.000000000000000000e+00,0.000000000000000000e+00,0.000000000000000000e+00,0.000000000000000000e+00,0.000000000000000000e+00,0.000000000000000000e+00,0.000000000000000000e+00,0.000000000000000000e+00,0.000000000000000000e+00,0.000000000000000000e+00,0.000000000000000000e+00,0.000000000000000000e+00,0.000000000000000000e+00,0.000000000000000000e+00,0.000000000000000000e+00,0.000000000000000000e+00,0.000000000000000000e+00,0.000000000000000000e+00,0.000000000000000000e+00,0.000000000000000000e+00,0.000000000000000000e+00,0.000000000000000000e+00,0.000000000000000000e+00,0.000000000000000000e+00,0.000000000000000000e+00,0.000000000000000000e+00,0.000000000000000000e+00,0.000000000000000000e+00,0.000000000000000000e+00,0.000000000000000000e+00,0.000000000000000000e+00,0.000000000000000000e+00,0.000000000000000000e+00,0.000000000000000000e+00,0.000000000000000000e+00,0.000000000000000000e+00,0.000000000000000000e+00,0.000000000000000000e+00,0.000000000000000000e+00,0.000000000000000000e+00,0.000000000000000000e+00,0.000000000000000000e+00,0.000000000000000000e+00,0.000000000000000000e+00
0.000000000000000000e+00,0.000000000000000000e+00,0.000000000000000000e+00,0.000000000000000000e+00,0.000000000000000000e+00,0.000000000000000000e+00,0.000000000000000000e+00,0.000000000000000000e+00,0.000000000000000000e+00,0.000000000000000000e+00,0.000000000000000000e+00,0.000000000000000000e+00,0.000000000000000000e+00,0.000000000000000000e+00,0.000000000000000000e+00,0.000000000000000000e+00,0.000000000000000000e+00,0.000000000000000000e+00,0.000000000000000000e+00,0.000000000000000000e+00,0.000000000000000000e+00,0.000000000000000000e+00,0.000000000000000000e+00,0.000000000000000000e+00,0.000000000000000000e+00,0.000000000000000000e+00,0.000000000000000000e+00,0.000000000000000000e+00,0.000000000000000000e+00,0.000000000000000000e+00,0.000000000000000000e+00,-1.320494458952515826e-01,-1.652652291504046536e-02,1.298726843164688116e-02,1.355887003786451772e-01,0.000000000000000000e+00,-1.483370657634741074e-01,-1.144757386223595186e-02,-8.610227478790897365e-04,-4.270073608086195210e-03,-1.897612761648582221e-04,7.356217864434508313e-05,1.334573076877703518e-02,8.717788268611917357e-02,-1.252451507759082261e-02,9.254973616473038955e-03,3.933731975371265732e-02,-5.441285536649020926e-02,7.648550384192182028e-03,5.768914866184773893e-02,-1.328622635367144034e-01,-1.066222645856019710e-02,-3.579542851254366269e-03,-1.615199380277190701e-03,6.889455928112359160e-05,1.657211573152802360e-04,2.417669317076571924e-03,1.437880755340338948e-02,2.691881417739439702e-02,-3.269524292586782621e-02,8.262289009439729992e-02,3.979866864971871865e-02,-3.467214102417716381e-02,-4.627537980516884669e-02,3.953585702350447678e-02,1.660480217599938357e-02,-1.062548762195813928e-01,-5.610924778484097271e-04,1.803299559872899305e-03,4.116278307497110364e-03,-1.647934681028254827e-04,-5.226665279929475563e-03,-6.472420336474508408e-04,-1.156494870510158196e-03,2.443549532998856577e-04,1.789974830164220735e-03,-1.316435781656976473e-03,1.166146057709355720e-02,-8.556961491454354723e-03,1.717769947384227558e-03,-3.146479123985151775e-03,1.240631258880827738e-02,-1.198778671865455801e-02,-9.349467742106060825e-04,5.398906593114765826e-03,-1.174644048901130403e-03,1.395749067188816958e-03,-5.162203766981241296e-03,-1.591825943524678797e-03,3.046826975624875467e-03,-7.445998269045859055e-04,2.629256515192428603e-03,-1.586182852799934186e-03,-4.326377609235653419e-03,7.473776790099370595e-04,4.702001335006436578e-03,2.240843655002149742e-02,-2.694166050399935883e-02,1.307686204888571999e-04,8.267153157537255118e-03,-4.067515801936774644e-03,-4.485723449352278097e-03,1.428769437338054966e-03,-7.739521032053844028e-04,8.445331911436848235e-03,1.543493409060214296e-02,3.109717022140473172e-02,1.657160916568312103e-04,-4.101145046098158414e-02,-1.459362013827178971e-02,-8.354587797053606834e-04,3.569499087503797026e-04,-9.128501427534305938e-04,1.524465690274312991e-03,3.459529419972067355e-03,6.127743966843892873e-03,-7.816230494029428877e-03,1.637297542175588858e-02,-3.876738305342467689e-03,-1.070869042041306535e-03,-3.443051679576892080e-03,4.207932382383488754e-03,4.237745579982632460e-03,4.720750596850748632e-03,-1.638979657656810043e-02,-5.755181713220109546e-04,5.752968035515450620e-03,1.123783701439106178e-03,-2.431918859303038374e-03,-3.802709538274778520e-03,1.128854649699716217e-03,3.988954736219262054e-04,-5.505568911819891040e-03,1.003815863282455853e-04,1.427283151073733061e-03,4.837682626902661126e-04,1.177381285650212599e-03,-4.041545854295716320e-03,4.894180939010615503e-03,-9.927246331342762936e-04,6.254826783772173687e-04,2.457855409400007060e-03,-3.848868182635322745e-03,8.811168277495758441e-04,-4.231669296909779283e-03,3.470088560734243405e-03,3.209775040597926711e-03,-1.322993852034284878e-03,4.162141683911619455e-03,-4.582389419954367368e-03,6.236843033595526262e-03,-2.732756102378964061e-03,-5.157328755956655866e-03,-1.017156774793838425e-04,5.452574031512018651e-03,2.522996926388158465e-03,1.836351490530049521e-02,1.335359757881224851e-01,0.000000000000000000e+00,0.000000000000000000e+00,0.000000000000000000e+00,0.000000000000000000e+00,0.000000000000000000e+00,0.000000000000000000e+00,0.000000000000000000e+00,0.000000000000000000e+00,0.000000000000000000e+00,0.000000000000000000e+00,0.000000000000000000e+00,0.000000000000000000e+00,0.000000000000000000e+00,0.000000000000000000e+00,0.000000000000000000e+00,0.000000000000000000e+00,0.000000000000000000e+00,0.000000000000000000e+00,0.000000000000000000e+00,0.000000000000000000e+00,0.000000000000000000e+00,0.000000000000000000e+00,0.000000000000000000e+00,0.000000000000000000e+00,0.000000000000000000e+00,0.000000000000000000e+00,0.000000000000000000e+00,0.000000000000000000e+00,0.000000000000000000e+00,0.000000000000000000e+00,0.000000000000000000e+00,0.000000000000000000e+00,0.000000000000000000e+00,0.000000000000000000e+00,0.000000000000000000e+00,0.000000000000000000e+00,0.000000000000000000e+00,0.000000000000000000e+00,0.000000000000000000e+00,0.000000000000000000e+00,0.000000000000000000e+00,0.000000000000000000e+00,0.000000000000000000e+00,0.000000000000000000e+00,0.000000000000000000e+00,0.000000000000000000e+00,0.000000000000000000e+00,0.000000000000000000e+00,0.000000000000000000e+00,0.000000000000000000e+00,0.000000000000000000e+00
0.000000000000000000e+00,0.000000000000000000e+00,0.000000000000000000e+00,0.000000000000000000e+00,0.000000000000000000e+00,0.000000000000000000e+00,0.000000000000000000e+00,0.000000000000000000e+00,0.000000000000000000e+00,0.000000000000000000e+00,0.000000000000000000e+00,0.000000000000000000e+00,0.000000000000000000e+00,0.000000000000000000e+00,0.000000000000000000e+00,0.000000000000000000e+00,0.000000000000000000e+00,0.000000000000000000e+00,0.000000000000000000e+00,0.000000000000000000e+00,0.000000000000000000e+00,0.000000000000000000e+00,0.000000000000000000e+00,0.000000000000000000e+00,0.000000000000000000e+00,0.000000000000000000e+00,0.000000000000000000e+00,0.000000000000000000e+00,0.000000000000000000e+00,0.000000000000000000e+00,0.000000000000000000e+00,5.596846701723574586e-04,3.347977224415932696e-04,-6.128736650148143734e-05,-8.331950261124692909e-04,0.000000000000000000e+00,1.628606921082491419e-03,-9.627071898424478975e-04,7.466595218190768754e-04,-1.521895066636334143e-04,-1.084692115131256039e-03,2.347407835017462758e-04,1.384614322169046372e-03,6.498667814195845799e-03,-3.151869334961523647e-03,-2.685522906822085821e-03,-3.674530129679854165e-04,-4.098683052188359637e-04,-1.424494179332725860e-03,9.608606082803635914e-04,-6.620909426910964604e-04,3.622428306609598407e-03,-1.187996032507004224e-04,-3.372702575396758010e-03,-1.438490364072831512e-05,4.878426093587312756e-05,-7.095390406957344590e-06,2.307032328396334091e-03,3.001304823719973952e-02,1.853034432030706974e-02,-5.036746054542864948e-02,4.604385237288516862e-03,-5.226071192789230428e-03,5.655581788437385495e-03,-5.530651960128364977e-03,1.350386968878488584e-03,-6.375107029929585369e-04,4.404646942807205912e-04,-1.277620267015217807e-03,5.350364561636443764e-03,-3.898997992420929256e-03,1.130202954755440796e-03,-2.685875724765581646e-03,-2.991474619206309642e-04,8.684074974411436915e-05,8.158591571169853795e-05,-1.821777863140802548e-04,4.978481554184263462e-04,2.900360421886283768e-04,2.193165597660578538e-03,-1.197103428768853464e-03,-9.968336154621290982e-04,-4.231050305174860081e-04,1.218029155458028642e-04,-4.834667221816827776e-04,-4.272795443867131169e-05,9.087921002687753338e-04,-6.397315903407178699e-04,-3.209527986106664745e-04,8.133086755508227468e-04,-8.068583326629548327e-04,1.833431833154266230e-04,8.830946514736920079e-05,-2.397982731646237302e-04,7.308355265316715803e-05,4.941233941111389727e-04,2.647620194165921023e-03,-3.173048709294998965e-03,-6.950866484326334127e-05,6.546878792031890276e-04,-6.332368174273756995e-04,3.545883732136854071e-04,-2.156185776551498368e-04,2.423236627128971636e-03,-3.228036770542347042e-04,1.204815041689413779e-04,-2.424370214975200746e-03,1.167204622722183959e-03,2.970662352423734075e-03,-3.813875725991133087e-03,-2.568301888421121331e-04,-3.942731929659073429e-05,3.714074283882995144e-05,-2.984990838812174045e-05,-2.656581393179775476e-05,2.166411280983218278e-04,4.805952444967938526e-04,2.788889605750455346e-04,6.978112254514665276e-05,8.079989432269499804e-05,-4.502499064863570112e-04,5.472489930103655205e-05,-3.168971797935025807e-04,7.846607824997293588e-04,-1.611050430596462722e-04,1.942253393665588097e-03,-1.264699362027031822e-04,-1.953525017959038563e-03,2.208334211537514450e-04,-5.505101940259948552e-04,3.088750696023870182e-04,7.243783327551255600e-04,-4.078008933301681318e-04,1.367532736312785345e-04,-4.071287383125326209e-04,-4.403279672473684771e-04,9.418382023956595487e-04,1.656425332601306304e-04,9.129721860305336015e-06,-3.855297903740963726e-04,2.769640741548784046e-04,2.113285002572475122e-04,8.104553875456028868e-04,-9.897919777323409014e-04,-3.223060282636284850e-04,1.425913075264218259e-03,-1.357297322320589854e-03,3.681369799975824607e-04,-1.187206527642456749e-03,1.484920184522211563e-04,1.071122105326172136e-03,-1.752532663535793806e-04,-6.855121486332024176e-04,4.403003516201264844e-04,7.762822875551035270e-06,-3.581961107801661520e-04,6.320131248203073645e-04,-1.573115080964975539e-03,0.000000000000000000e+00,0.000000000000000000e+00,0.000000000000000000e+00,0.000000000000000000e+00,0.000000000000000000e+00,0.000000000000000000e+00,0.000000000000000000e+00,0.000000000000000000e+00,0.000000000000000000e+00,0.000000000000000000e+00,0.000000000000000000e+00,0.000000000000000000e+00,0.000000000000000000e+00,0.000000000000000000e+00,0.000000000000000000e+00,0.000000000000000000e+00,0.000000000000000000e+00,0.000000000000000000e+00,0.000000000000000000e+00,0.000000000000000000e+00,0.000000000000000000e+00,0.000000000000000000e+00,0.000000000000000000e+00,0.000000000000000000e+00,0.000000000000000000e+00,0.000000000000000000e+00,0.000000000000000000e+00,0.000000000000000000e+00,0.000000000000000000e+00,0.000000000000000000e+00,0.000000000000000000e+00,0.000000000000000000e+00,0.000000000000000000e+00,0.000000000000000000e+00,0.000000000000000000e+00,0.000000000000000000e+00,0.000000000000000000e+00,0.000000000000000000e+00,0.000000000000000000e+00,0.000000000000000000e+00,0.000000000000000000e+00,0.000000000000000000e+00,0.000000000000000000e+00,0.000000000000000000e+00,0.000000000000000000e+00,0.000000000000000000e+00,0.000000000000000000e+00,0.000000000000000000e+00,0.000000000000000000e+00,0.000000000000000000e+00,0.000000000000000000e+00
0.000000000000000000e+00,0.000000000000000000e+00,0.000000000000000000e+00,0.000000000000000000e+00,0.000000000000000000e+00,0.000000000000000000e+00,0.000000000000000000e+00,0.000000000000000000e+00,0.000000000000000000e+00,0.000000000000000000e+00,0.000000000000000000e+00,0.000000000000000000e+00,0.000000000000000000e+00,0.000000000000000000e+00,0.000000000000000000e+00,0.000000000000000000e+00,0.000000000000000000e+00,0.000000000000000000e+00,0.000000000000000000e+00,0.000000000000000000e+00,0.000000000000000000e+00,0.000000000000000000e+00,0.000000000000000000e+00,0.000000000000000000e+00,0.000000000000000000e+00,0.000000000000000000e+00,0.000000000000000000e+00,0.000000000000000000e+00,0.000000000000000000e+00,0.000000000000000000e+00,0.000000000000000000e+00,5.785142657162010201e-04,-1.216387986815790738e-04,1.381710306502432779e-04,-5.950464976848652242e-04,0.000000000000000000e+00,1.686733168191652385e-03,-6.732054368482501359e-04,5.988587114223126260e-04,3.519379340112757399e-04,-3.295883052012186978e-04,1.163542736517048136e-03,2.817430080827031374e-03,8.869114164679085810e-02,2.999410214744609171e-02,-1.247005295402336955e-02,-1.854329687313326092e-02,-1.011074369427888975e-02,-1.884245235375055227e-02,-1.779340700311826673e-03,-1.749250009725152738e-02,-3.710000262550823547e-02,-5.933573601450302035e-03,-1.672048441413299990e-03,-2.216306312162544267e-04,6.737625153469306615e-04,-3.260309754426832718e-04,9.947183853216329252e-03,8.597153534723836477e-02,5.477622306687497666e-02,-5.766884569175988184e-02,-4.255362887892710777e-02,2.194576076003094955e-02,-1.992360410645904745e-02,1.356512455000895290e-03,1.044635205952710449e-02,-5.636475508545782387e-02,-6.434411337205136333e-03,2.213018987306174506e-03,4.908348394252158575e-03,-4.800387973500166473e-03,7.065759092717852942e-03,-8.590183043657859813e-03,-1.929056879901777048e-03,2.230154760787039303e-04,3.793482678306997306e-04,3.372664415166061296e-03,2.426261145572123669e-03,-5.770342503682236029e-03,1.952495600893018775e-03,5.848957340188120843e-05,5.645137367207340648e-03,-8.331945066887126369e-03,1.216897236820967555e-03,-1.809070654945640552e-03,3.806101186942299850e-04,-3.239222997905665371e-04,8.482821425145197240e-04,-8.814974877863267048e-04,2.377073384278454923e-03,-2.335300617884432644e-03,1.199553430032464403e-03,-7.059188100493424224e-04,-3.657479110675652284e-04,7.202415368235579821e-04,2.231839830451911449e-03,2.465884382681723334e-03,-4.776957980299324433e-03,-1.321272068622081396e-04,-7.755466955893269192e-04,1.662305132549254114e-03,-6.919577620511296531e-04,-7.724027131361037128e-04,5.501339662644082890e-04,1.758209906817715697e-04,8.706565933403148487e-05,-7.272961604389330779e-05,-1.350916350701473470e-04,-3.266403912879496359e-04,-2.422856888287813022e-04,6.906438064728761183e-04,-8.262024932032596474e-04,-1.395677259311222079e-04,9.391894676486951007e-05,8.182871744193998291e-04,1.782479833960108444e-03,-9.397460506335054021e-04,-5.423156372094471277e-04,6.483239537586667905e-04,-9.322034686209852705e-04,-1.830230728033050910e-05,1.283599099211312194e-03,-6.136938303539947719e-04,4.189486730357572242e-03,-4.158658400966490018e-03,1.185983945029748729e-03,-1.449020801920844264e-03,1.091221718162542530e-03,-5.655238260707006262e-04,-8.475221460092065371e-04,1.713722177315305005e-03,-4.975312891854983058e-04,-5.769299742293667807e-04,1.487403130769841125e-04,7.429047551376043168e-04,-9.640704429106394021e-04,-3.218350604591449851e-04,9.040122209064314299e-04,-3.016202696479045389e-04,4.700625861482361084e-05,-1.344542406436904751e-03,1.596545113982273702e-03,-5.815944281886448620e-04,-2.792450112457426324e-04,1.995559749597876874e-03,-5.056077447387011953e-04,-1.013196961993798918e-03,-5.007585228988882704e-04,1.066821519211608518e-04,1.445130487144253087e-03,-1.664675763931796086e-03,2.013846498644744978e-04,2.182871933694816198e-04,5.289250419884164011e-04,2.136896838616118496e-04,-8.220867174672031371e-04,-1.609634812591452437e-04,-1.451618128159082310e-03,0.000000000000000000e+00,0.000000000000000000e+00,0.000000000000000000e+00,0.000000000000000000e+00,0.000000000000000000e+00,0.000000000000000000e+00,0.000000000000000000e+00,0.000000000000000000e+00,0.000000000000000000e+00,0.000000000000000000e+00,0.000000000000000000e+00,0.000000000000000000e+00,0.000000000000000000e+00,0.000000000000000000e+00,0.000000000000000000e+00,0.000000000000000000e+00,0.000000000000000000e+00,0.000000000000000000e+00,0.000000000000000000e+00,0.000000000000000000e+00,0.000000000000000000e+00,0.000000000000000000e+00,0.000000000000000000e+00,0.000000000000000000e+00,0.000000000000000000e+00,0.000000000000000000e+00,0.000000000000000000e+00,0.000000000000000000e+00,0.000000000000000000e+00,0.000000000000000000e+00,0.000000000000000000e+00,0.000000000000000000e+00,0.000000000000000000e+00,0.000000000000000000e+00,0.000000000000000000e+00,0.000000000000000000e+00,0.000000000000000000e+00,0.000000000000000000e+00,0.000000000000000000e+00,0.000000000000000000e+00,0.000000000000000000e+00,0.000000000000000000e+00,0.000000000000000000e+00,0.000000000000000000e+00,0.000000000000000000e+00,0.000000000000000000e+00,0.000000000000000000e+00,0.000000000000000000e+00,0.000000000000000000e+00,0.000000000000000000e+00,0.000000000000000000e+00
0.000000000000000000e+00,0.000000000000000000e+00,0.000000000000000000e+00,0.000000000000000000e+00,0.000000000000000000e+00,0.000000000000000000e+00,0.000000000000000000e+00,0.000000000000000000e+00,0.000000000000000000e+00,0.000000000000000000e+00,0.000000000000000000e+00,0.000000000000000000e+00,0.000000000000000000e+00,0.000000000000000000e+00,0.000000000000000000e+00,0.000000000000000000e+00,0.000000000000000000e+00,0.000000000000000000e+00,0.000000000000000000e+00,0.000000000000000000e+00,0.000000000000000000e+00,0.000000000000000000e+00,0.000000000000000000e+00,0.000000000000000000e+00,0.000000000000000000e+00,0.000000000000000000e+00,0.000000000000000000e+00,0.000000000000000000e+00,0.000000000000000000e+00,0.000000000000000000e+00,0.000000000000000000e+00,6.228793700741783439e-04,-1.889952635470088850e-04,-7.536615439166183218e-05,-3.585179521355076268e-04,0.000000000000000000e+00,2.411163730178318438e-03,4.015751313849744500e-04,1.007276873817516266e-03,1.341666491179809972e-03,-3.822685430631793391e-04,1.182667445013274587e-04,5.215845510779048601e-03,-7.887692009494356657e-03,6.220523709840387362e-04,8.281949999716081007e-04,-2.452804118284910781e-03,3.612150948187524760e-04,-1.042794769498320414e-03,2.343671482913116041e-05,6.433880222030740476e-03,-6.680478627416418409e-03,1.736861754348625365e-04,-2.765529724035940655e-04,-1.003986188789554037e-04,7.836688138621114444e-04,9.972237576980499084e-04,1.871383344044808168e-03,-1.949880023378207329e-03,-1.170369759305269364e-03,3.033405033003216782e-03,-8.905424921412012987e-04,-4.715418001563897316e-04,5.024551059236149336e-03,5.853956927430398541e-04,-4.560686678143332715e-03,1.013873350419049017e-03,3.202082169484168211e-03,-2.117949212006514821e-03,-3.713035366855025905e-03,-6.277706156572829006e-04,3.116395550150496442e-03,6.566758205499752428e-03,2.609568106527726181e-02,-3.415736793909752989e-03,-2.838926954401681246e-02,-1.812974139614165030e-03,1.871104537247855748e-02,-2.113408655768580710e-02,4.857599041180227402e-03,-3.141271025324904233e-03,1.290472043731284539e-02,-1.288430618650606568e-02,1.574816621219467510e-03,9.813078322268992126e-05,-1.283575587728630427e-03,1.866309690378979268e-03,-1.169942176813764355e-03,-3.272630035643355785e-03,5.537363208144715880e-03,-5.663065763909744602e-03,2.168454500875108531e-03,5.944314892656456586e-04,-2.297739676560258803e-03,6.188533780818665335e-03,3.730009839934556731e-02,-2.544974564671463949e-02,-1.702324676478548030e-02,-3.836237538902397687e-04,1.302315589280960383e-02,-1.068174158237775000e-02,-5.243555253708399345e-04,-2.054940626251459436e-03,3.169002790656943319e-07,2.434143953307799178e-03,-8.296267935185190970e-05,-7.137820943415341957e-04,-7.989601948239733950e-04,-9.793275960505000780e-04,-8.162414017788880392e-04,5.989762759922047635e-04,-1.642097205301648426e-05,-1.460144160001202850e-05,1.014396787200348617e-03,5.621917154128845684e-03,8.090264529579378402e-03,-1.030777712068105603e-02,1.054863572831605742e-02,-1.046285239865239400e-02,2.813676277214550991e-03,-3.269287772490227229e-05,-3.467921377163697520e-03,4.699887932764151323e-03,-3.326166527879782613e-03,6.953553920555589560e-04,-3.974509185954160258e-03,1.551894755156171812e-03,-3.974500562125807442e-04,-1.827040211069296850e-04,-4.664145103909478861e-04,5.859535372286331020e-03,-3.991640570217526267e-03,2.790925743869166441e-03,5.884226574452353087e-04,-6.422596728589248863e-03,5.794226716925329410e-03,1.804469800360287979e-03,-5.864382693572471605e-03,1.612500273081450899e-03,1.048401238817595928e-03,2.706025530370598058e-03,-6.312257161945790916e-03,2.588031932628762598e-03,-1.945497775213952518e-03,1.626090193186083190e-03,-3.502727673655180000e-03,3.950816814771968867e-03,3.190467540797263524e-03,-4.216015833178378761e-03,-3.376728270473918717e-03,7.363212581918293122e-04,9.682253728835318526e-04,9.126064845834170637e-04,1.991050443841620426e-03,-4.749911841701578118e-03,3.174846475921816111e-03,-2.064260815190901380e-03,-2.071946041044920358e-03,0.000000000000000000e+00,0.000000000000000000e+00,0.000000000000000000e+00,0.000000000000000000e+00,0.000000000000000000e+00,0.000000000000000000e+00,0.000000000000000000e+00,0.000000000000000000e+00,0.000000000000000000e+00,0.000000000000000000e+00,0.000000000000000000e+00,0.000000000000000000e+00,0.000000000000000000e+00,0.000000000000000000e+00,0.000000000000000000e+00,0.000000000000000000e+00,0.000000000000000000e+00,0.000000000000000000e+00,0.000000000000000000e+00,0.000000000000000000e+00,0.000000000000000000e+00,0.000000000000000000e+00,0.000000000000000000e+00,0.000000000000000000e+00,0.000000000000000000e+00,0.000000000000000000e+00,0.000000000000000000e+00,0.000000000000000000e+00,0.000000000000000000e+00,0.000000000000000000e+00,0.000000000000000000e+00,0.000000000000000000e+00,0.000000000000000000e+00,0.000000000000000000e+00,0.000000000000000000e+00,0.000000000000000000e+00,0.000000000000000000e+00,0.000000000000000000e+00,0.000000000000000000e+00,0.000000000000000000e+00,0.000000000000000000e+00,0.000000000000000000e+00,0.000000000000000000e+00,0.000000000000000000e+00,0.000000000000000000e+00,0.000000000000000000e+00,0.000000000000000000e+00,0.000000000000000000e+00,0.000000000000000000e+00,0.000000000000000000e+00,0.000000000000000000e+00
0.000000000000000000e+00,0.000000000000000000e+00,0.000000000000000000e+00,0.000000000000000000e+00,0.000000000000000000e+00,0.000000000000000000e+00,0.000000000000000000e+00,0.000000000000000000e+00,0.000000000000000000e+00,0.000000000000000000e+00,0.000000000000000000e+00,0.000000000000000000e+00,0.000000000000000000e+00,0.000000000000000000e+00,0.000000000000000000e+00,0.000000000000000000e+00,0.000000000000000000e+00,0.000000000000000000e+00,0.000000000000000000e+00,0.000000000000000000e+00,0.000000000000000000e+00,0.000000000000000000e+00,0.000000000000000000e+00,0.000000000000000000e+00,0.000000000000000000e+00,0.000000000000000000e+00,0.000000000000000000e+00,0.000000000000000000e+00,0.000000000000000000e+00,0.000000000000000000e+00,0.000000000000000000e+00,6.464622598349172456e-04,1.146768475378256991e-04,-1.448708556001770389e-04,-6.162682517725659058e-04,0.000000000000000000e+00,2.641165691711984571e-03,6.097720140488820280e-04,-1.616670348210899090e-04,1.031279514520791821e-03,4.857845323400925355e-04,-1.330366257848159851e-03,2.870636510352519120e-04,-5.126082017191894297e-04,-1.282726167482933430e-03,6.929963904025874047e-04,-1.914876646943616118e-03,2.137238774798353586e-03,-1.548574415593247360e-03,-3.347884211715235810e-04,5.510004788924941638e-03,-6.044708447537210615e-03,8.291797703052527276e-04,-3.180212176912864753e-04,-5.577803142595807225e-04,1.817888400026078377e-04,8.931596448168802613e-04,2.544858039581559053e-03,-1.238181698306431433e-03,-5.810439936904869367e-04,7.154638879051699110e-04,-5.534677217962262821e-04,-7.856795869227582892e-04,3.702408145488893850e-03,-6.286725559164919180e-04,-2.280016933910565362e-03,1.697044286263758341e-03,5.375854528459648660e-04,-2.436289702280610737e-03,-1.227138212808756308e-03,1.560985719147002775e-03,7.197602730168935724e-03,3.968533010561962546e-03,-1.099655492655188076e-02,-6.343041355598292349e-04,3.542220037231317425e-03,-8.627460292115829779e-04,1.571416995910596484e-02,-1.269374083950349993e-02,3.357884280934269987e-03,6.065885847985844764e-04,1.691911430141236627e-02,-2.475997888832971380e-02,4.550811191366917197e-03,-2.713833482089790528e-05,1.108218534193921093e-03,3.053148597399942335e-03,-2.837112975061796202e-03,-4.806500229160530838e-03,6.322849812970689209e-02,-6.593204969507919511e-02,1.235351003469118900e-02,-5.392155240932625451e-03,-4.652772899802999802e-03,5.349009038681150352e-02,-1.917901358731619738e-02,-2.861720249889675161e-02,-7.608262448716304749e-03,1.263152309527017323e-03,1.728111194713229104e-02,-1.425952310905432424e-02,-1.741172337665023578e-04,1.858959245204906165e-03,-2.424833815844273585e-03,4.219896482319015346e-03,1.132631306243152627e-03,-3.515860455155986677e-03,-2.277420073982719742e-03,-2.593329645780564126e-03,-2.015571017787897747e-03,9.890573185063404431e-04,4.608556381383273684e-03,-3.891525623634523642e-03,4.894102106441948138e-03,1.990451532031185800e-02,-3.681380539181669520e-03,2.383197881676508978e-02,-5.043246460575655232e-03,-1.989565295132791206e-02,-1.800229186607858398e-02,9.508199623106512732e-03,3.597144885920592131e-03,1.859307427386845679e-03,-7.861501801834121575e-03,-7.067093817421848945e-03,1.255456358830851597e-03,-1.422500878920515514e-03,2.185429617968978090e-03,8.465282691313448515e-05,2.514815151053320999e-04,-2.696170472862540260e-03,4.888243001938066476e-03,-4.731381981758677607e-04,-1.605844141427319009e-03,-1.536501058234184848e-03,-2.725995104498365844e-03,2.707453303592627890e-03,2.236824077221600746e-03,6.048459447136174394e-03,-3.885415394412271642e-03,-6.520633724431696560e-04,-4.157284920135683598e-03,1.646636791504449589e-03,4.404278277996360492e-03,-3.651745172998962889e-03,-2.645512003561698716e-03,4.859682310925233194e-03,3.983927825454040145e-03,-8.146406841803659898e-03,3.090460197404739859e-03,-1.102484358386995357e-03,-3.855819802461180751e-03,-7.799141038950969940e-04,5.875003702972814677e-03,-4.861293232988218166e-03,-2.853533850744795902e-04,-1.064461911081438644e-03,-2.627378323304800992e-03,0.000000000000000000e+00,0.000000000000000000e+00,0.000000000000000000e+00,0.000000000000000000e+00,0.000000000000000000e+00,0.000000000000000000e+00,0.000000000000000000e+00,0.000000000000000000e+00,0.000000000000000000e+00,0.000000000000000000e+00,0.000000000000000000e+00,0.000000000000000000e+00,0.000000000000000000e+00,0.000000000000000000e+00,0.000000000000000000e+00,0.000000000000000000e+00,0.000000000000000000e+00,0.000000000000000000e+00,0.000000000000000000e+00,0.000000000000000000e+00,0.000000000000000000e+00,0.000000000000000000e+00,0.000000000000000000e+00,0.000000000000000000e+00,0.000000000000000000e+00,0.000000000000000000e+00,0.000000000000000000e+00,0.000000000000000000e+00,0.000000000000000000e+00,0.000000000000000000e+00,0.000000000000000000e+00,0.000000000000000000e+00,0.000000000000000000e+00,0.000000000000000000e+00,0.000000000000000000e+00,0.000000000000000000e+00,0.000000000000000000e+00,0.000000000000000000e+00,0.000000000000000000e+00,0.000000000000000000e+00,0.000000000000000000e+00,0.000000000000000000e+00,0.000000000000000000e+00,0.000000000000000000e+00,0.000000000000000000e+00,0.000000000000000000e+00,0.000000000000000000e+00,0.000000000000000000e+00,0.000000000000000000e+00,0.000000000000000000e+00,0.000000000000000000e+00
0.000000000000000000e+00,0.000000000000000000e+00,0.000000000000000000e+00,0.000000000000000000e+00,0.000000000000000000e+00,0.000000000000000000e+00,0.000000000000000000e+00,0.000000000000000000e+00,0.000000000000000000e+00,0.000000000000000000e+00,0.000000000000000000e+00,0.000000000000000000e+00,0.000000000000000000e+00,0.000000000000000000e+00,0.000000000000000000e+00,0.000000000000000000e+00,0.000000000000000000e+00,0.000000000000000000e+00,0.000000000000000000e+00,0.000000000000000000e+00,0.000000000000000000e+00,0.000000000000000000e+00,0.000000000000000000e+00,0.000000000000000000e+00,0.000000000000000000e+00,0.000000000000000000e+00,0.000000000000000000e+00,0.000000000000000000e+00,0.000000000000000000e+00,0.000000000000000000e+00,0.000000000000000000e+00,6.354431489616562366e-04,3.745464223701183877e-04,-4.359031799151004676e-04,-5.740863914166741567e-04,0.000000000000000000e+00,1.388909570667693242e-03,1.420779741169765371e-04,5.357262461879153635e-04,1.732461198542753229e-03,-2.937639602724749152e-03,4.825512902324849938e-03,9.619921544723108661e-04,-6.235985821879229916e-03,2.593130277215203940e-04,3.210815259826973632e-04,-6.621730096911344551e-04,6.827837923882218354e-04,-3.993526875719771718e-04,-7.620152611871979561e-05,5.874674599503378449e-04,-1.033360136129108514e-03,6.643113780166447636e-05,4.574793890501884430e-05,4.495285531757676535e-04,-2.698041108829540846e-04,1.062441625796960165e-03,1.004993520786124327e-03,-1.196823570166471833e-03,-1.090713556287960890e-03,1.170811654335389808e-03,-8.849247983039492445e-04,1.761414815063436332e-04,-5.056713659544790317e-05,1.355310131880659800e-03,-1.261800387314874605e-03,2.237312664002903857e-03,-8.895047181796387516e-04,8.481114849516195771e-04,-1.230825395350322636e-03,4.497838800012757092e-03,3.117447292100819847e-03,-7.175613525113212418e-03,-1.362567361774644822e-03,-2.105720132575684533e-04,8.659550171825780183e-04,1.824518456111891979e-03,-9.927138520972184077e-04,-1.064486142555215367e-03,4.012852459174984406e-03,-1.846161420910591780e-03,4.104326037854882578e-03,-5.449060828092293016e-03,2.731995713294041537e-03,1.879982831270436347e-02,-1.811020840514534352e-02,-4.447836136321758720e-03,1.151021554137424217e-03,2.887350523961539073e-02,-2.192030702792028413e-02,8.994508887937962757e-03,-1.958393529883948464e-03,-1.311293155734786012e-02,-5.227589817804424374e-04,-8.228687165267672098e-04,-3.810954639056765916e-04,1.734819684863202899e-03,-7.521046995722260702e-04,1.945626555477244276e-03,7.149766362377485765e-03,-3.793543688412220373e-03,-1.609011679232280265e-03,-4.046623778039083741e-03,-1.415192843121969388e-04,-4.115259390449392887e-04,3.455187483051427172e-03,1.077196641065772224e-02,1.119705761873524170e-02,1.486783301682698122e-02,3.077091468240575334e-03,-2.151323511510858100e-03,-7.867740992610020023e-03,-8.079004074575499295e-03,-6.730516506662998638e-03,-6.082592551553082233e-03,-2.981581157230402818e-04,1.110840078804615702e-03,-8.064483423365661000e-03,3.415143669484400901e-03,-7.868651725624568188e-03,1.167550550432321955e-04,1.988397330397015557e-04,5.352624618297240934e-04,-1.960377432604805403e-03,3.920994950309881696e-03,-2.410136110673473647e-03,5.339563255873534461e-05,-9.047443974226456517e-04,5.048483742448848805e-04,-2.067906264826167503e-04,1.355648511616926871e-04,3.296896034715988445e-04,1.832330100791901804e-03,-1.653851891773563867e-03,2.774359271780154051e-03,-2.984381332226386518e-03,-1.693258336422009611e-04,-8.239212838056571720e-04,6.629561783579281716e-04,2.429997474950726030e-04,5.499772062732767759e-04,3.124326330075737762e-03,-2.432035632247276161e-03,-2.464550690285679559e-03,2.443562357414669726e-05,3.538559834837971471e-05,2.294935685338943265e-04,8.541069946679303616e-04,-1.608068467298093274e-03,9.381615618432299995e-05,3.008013074325913833e-04,1.288333183183456047e-03,-3.613611951403493394e-05,-4.348388759325186835e-04,6.316854708142130223e-04,-8.333581994454371342e-04,2.525581027900802161e-05,-1.602331090172756439e-03,0.000000000000000000e+00,0.000000000000000000e+00,0.000000000000000000e+00,0.000000000000000000e+00,0.000000000000000000e+00,0.000000000000000000e+00,0.000000000000000000e+00,0.000000000000000000e+00,0.000000000000000000e+00,0.000000000000000000e+00,0.000000000000000000e+00,0.000000000000000000e+00,0.000000000000000000e+00,0.000000000000000000e+00,0.000000000000000000e+00,0.000000000000000000e+00,0.000000000000000000e+00,0.000000000000000000e+00,0.000000000000000000e+00,0.000000000000000000e+00,0.000000000000000000e+00,0.000000000000000000e+00,0.000000000000000000e+00,0.000000000000000000e+00,0.000000000000000000e+00,0.000000000000000000e+00,0.000000000000000000e+00,0.000000000000000000e+00,0.000000000000000000e+00,0.000000000000000000e+00,0.000000000000000000e+00,0.000000000000000000e+00,0.000000000000000000e+00,0.000000000000000000e+00,0.000000000000000000e+00,0.000000000000000000e+00,0.000000000000000000e+00,0.000000000000000000e+00,0.000000000000000000e+00,0.000000000000000000e+00,0.000000000000000000e+00,0.000000000000000000e+00,0.000000000000000000e+00,0.000000000000000000e+00,0.000000000000000000e+00,0.000000000000000000e+00,0.000000000000000000e+00,0.000000000000000000e+00,0.000000000000000000e+00,0.000000000000000000e+00,0.000000000000000000e+00
0.000000000000000000e+00,0.000000000000000000e+00,0.000000000000000000e+00,0.000000000000000000e+00,0.000000000000000000e+00,0.000000000000000000e+00,0.000000000000000000e+00,0.000000000000000000e+00,0.000000000000000000e+00,0.000000000000000000e+00,0.000000000000000000e+00,0.000000000000000000e+00,0.000000000000000000e+00,0.000000000000000000e+00,0.000000000000000000e+00,0.000000000000000000e+00,0.000000000000000000e+00,0.000000000000000000e+00,0.000000000000000000e+00,0.000000000000000000e+00,0.000000000000000000e+00,0.000000000000000000e+00,0.000000000000000000e+00,0.000000000000000000e+00,0.000000000000000000e+00,0.000000000000000000e+00,0.000000000000000000e+00,0.000000000000000000e+00,0.000000000000000000e+00,0.000000000000000000e+00,0.000000000000000000e+00,-3.667498972525318895e-02,-4.591643907914663876e-03,3.619905980301482869e-03,3.764672765286636996e-02,0.000000000000000000e+00,-4.148297610869217805e-02,-3.001007299864403687e-03,-2.420993764303180831e-04,-1.476320865688117694e-04,2.619136441817174199e-04,2.611449934767525165e-04,2.908652694302829057e-03,3.094967964941785013e-02,3.933255667407903333e-03,-1.387699288189304936e-03,5.424425245452613176e-03,-1.083809122619975446e-02,1.071220574241284196e-03,8.512390792652972660e-03,-2.709044409197099504e-02,-1.264232891653688066e-02,-1.450959583395848487e-03,-2.027046044614244386e-04,2.356062270162848603e-05,-5.036427883636197204e-04,1.216913358184048850e-03,3.241795397101189177e-03,2.302863358129528248e-02,1.413230163751690374e-02,-8.285475379742522628e-03,3.203870809270800701e-03,-5.326807680276594847e-03,-1.255241881469740944e-02,7.762902480311927728e-03,5.807350405044878899e-03,-3.079653262518084605e-02,-1.068601507809023750e-05,-2.690176894001310333e-04,1.261326813653697483e-03,-7.795467536720812260e-04,1.532517788481950471e-03,2.559674080971795565e-02,1.199716081839521942e-02,5.336501209856417405e-03,-1.350725317456982072e-02,1.516134174590791361e-02,-2.029635407643704328e-02,2.088913529130128829e-02,-4.545475959512523118e-02,-8.308233130619995660e-04,8.977519715396663560e-03,3.713485772840920823e-02,-4.283924022258217557e-04,4.865205680927138510e-03,-2.092852773518075193e-03,-2.469948535039394322e-03,4.105682889082862275e-05,1.099319788059314323e-02,-2.642807177343784591e-02,3.447801272741081446e-02,-1.554889697502309653e-02,3.392542549411299568e-03,2.171776504793985346e-02,-2.939952901432808796e-02,-1.891245834161476430e-02,-1.333441473795481114e-02,2.044969164245253462e-02,5.133785249785388638e-03,-1.248773322422155885e-02,1.384653751127806059e-02,-3.882309648594143431e-02,2.152291737266802049e-02,3.425922643146438878e-02,-1.455932255504137351e-02,3.328879124004577306e-03,3.740278538606686687e-04,4.801192730857953284e-03,3.393355837277317599e-03,5.705024816201650917e-03,2.897741017593838397e-03,4.376620206898274024e-03,7.339042385496652443e-03,-4.634154460794792652e-03,-2.586184865485226247e-02,-2.734103126438159129e-02,6.785289937208394129e-06,-2.330928027228243438e-03,-1.048885760770352713e-02,-2.159098039551102764e-03,1.577168107583628957e-03,6.381672813961037152e-04,8.767276514188952763e-06,-3.668358827237172895e-04,-3.457242900634791699e-03,-5.753868654064771618e-04,1.230823536018156323e-03,1.234242704446586545e-03,-1.455653000354954676e-03,-5.376399878148250752e-04,7.726800400726795311e-04,1.264903719160942117e-04,1.302765018482554896e-03,1.891043498794706297e-03,-1.949484633103609928e-03,-1.992717174219438975e-04,-1.345128216332429089e-03,2.591954838066369386e-04,1.191459611514111665e-03,-1.326384664164332802e-03,4.823762244508993449e-04,4.570140680775847467e-04,-1.459530137236003493e-03,2.460178942792759157e-04,1.532960215488957285e-04,-5.481576317500559854e-04,1.179861041544107494e-03,-6.808775203302232237e-06,-1.940924093583522130e-04,-5.106454429848806577e-04,8.214052593299436822e-04,-9.745645426610331091e-04,-1.393558631538882424e-03,1.123243751913791545e-03,5.855568563245894600e-04,4.260625171780066389e-04,5.066471889719783434e-03,3.737645068591984032e-02,0.000000000000000000e+00,0.000000000000000000e+00,0.000000000000000000e+00,0.000000000000000000e+00,0.000000000000000000e+00,0.000000000000000000e+00,0.000000000000000000e+00,0.000000000000000000e+00,0.000000000000000000e+00,0.000000000000000000e+00,0.000000000000000000e+00,0.000000000000000000e+00,0.000000000000000000e+00,0.000000000000000000e+00,0.000000000000000000e+00,0.000000000000000000e+00,0.000000000000000000e+00,0.000000000000000000e+00,0.000000000000000000e+00,0.000000000000000000e+00,0.000000000000000000e+00,0.000000000000000000e+00,0.000000000000000000e+00,0.000000000000000000e+00,0.000000000000000000e+00,0.000000000000000000e+00,0.000000000000000000e+00,0.000000000000000000e+00,0.000000000000000000e+00,0.000000000000000000e+00,0.000000000000000000e+00,0.000000000000000000e+00,0.000000000000000000e+00,0.000000000000000000e+00,0.000000000000000000e+00,0.000000000000000000e+00,0.000000000000000000e+00,0.000000000000000000e+00,0.000000000000000000e+00,0.000000000000000000e+00,0.000000000000000000e+00,0.000000000000000000e+00,0.000000000000000000e+00,0.000000000000000000e+00,0.000000000000000000e+00,0.000000000000000000e+00,0.000000000000000000e+00,0.000000000000000000e+00,0.000000000000000000e+00,0.000000000000000000e+00,0.000000000000000000e+00
