1.875781575656523467e-02,8.347387611013680486e-02,3.112739102850845541e+00,1.121028379518717588e-01,1.997060630556242167e-01,6.548456840707947424e-02,0.000000000000000000e+00,2.166666666666666741e-02,-2.189942164172023453e+01,2.915855849848726145e+00,-1.318657042401493729e-01,5.351448778505592252e-02,-6.685709151498576697e-01,-4.640483407958598261e-01,5.011226894457823100e-01,4.600129309656652010e-01,2.629803277939201656e-01,1.381123701943759441e-01,-1.772135483091389907e-01,-1.219499748090339675e-01,6.146199181106830334e-02,6.179098216828744078e-02,2.825594606149521917e-03,8.991672129222752496e-02,3.302038543141604804e-02,3.504820521884303205e-03,3.363586982260940994e-03,7.154316848152710365e-03,1.092838606143299265e-04,6.326010495101841435e-03,4.029100775403198983e-03,1.084212471288547100e-02,2.927864756303793017e-02,2.709323463813012589e-02,0.000000000000000000e+00,0.000000000000000000e+00,0.000000000000000000e+00,0.000000000000000000e+00,0.000000000000000000e+00,0.000000000000000000e+00,0.000000000000000000e+00,0.000000000000000000e+00,0.000000000000000000e+00,0.000000000000000000e+00,0.000000000000000000e+00,0.000000000000000000e+00,0.000000000000000000e+00,0.000000000000000000e+00,0.000000000000000000e+00,0.000000000000000000e+00,0.000000000000000000e+00,0.000000000000000000e+00,0.000000000000000000e+00,0.000000000000000000e+00,0.000000000000000000e+00,0.000000000000000000e+00,0.000000000000000000e+00,0.000000000000000000e+00,0.000000000000000000e+00,0.000000000000000000e+00,0.000000000000000000e+00,0.000000000000000000e+00,0.000000000000000000e+00,0.000000000000000000e+00,0.000000000000000000e+00,0.000000000000000000e+00,0.000000000000000000e+00,0.000000000000000000e+00
1.583993330554397602e-02,1.187167563761962197e-01,3.090602410132636368e+00,5.613439157616387232e-02,1.279597443294746006e-01,1.162037832707967129e-02,1.134706289683098251e-02,2.083333333333333218e-02,-2.298732316970766831e+01,4.017844319924341434e+00,-1.017490012509378872e+00,-5.184591357797634359e-01,3.388921104647073523e-01,-2.822931900474636713e-01,2.328852519909527241e-02,5.434474381823838351e-01,4.861229688011220462e-01,-4.423453820817872806e-02,-3.091802737204693008e-01,-2.050940960380363831e-01,2.828188629411185206e-02,4.080821322275741264e-02,1.204075090704599844e-03,3.332685219544135463e-02,7.769776943252855450e-02,2.288836869284361763e-03,9.033409743181711540e-04,7.247007431465412632e-03,1.213501390929980873e-04,1.054468514587936744e-03,1.670079098233121168e-03,5.017200333110529049e-03,8.026846154740262251e-02,2.896770631793742570e-02,-2.917882451021258650e-03,3.524288026605941482e-02,-2.213669271820917217e-02,-5.596844637570788650e-02,-7.174631872614961603e-02,-5.386419007999980468e-02,1.134706289683098251e-02,-8.333333333333352300e-04,-1.087901527987433781e+00,1.101988470075615290e+00,-8.856243082692294433e-01,-5.719736235648194000e-01,1.007463025614565133e+00,1.817551507483961548e-01,-4.778341642466870098e-01,8.343450721671863413e-02,2.231426410072018807e-01,-1.823469084025546860e-01,-1.319667254113303101e-01,-8.314412122900241564e-02,-3.318010551695645127e-02,-2.098276894553002814e-02,-1.621519515444922073e-03,-5.658986909678617033e-02,4.467738400111250646e-02,-1.215983652599941442e-03,-2.460246007942769840e-03,9.269058331270226686e-05,1.206627847866816082e-05,-5.271541980513904692e-03,-2.359021677170078032e-03,-5.824924379774941950e-03,5.098981398436469581e-02,1.874471679807299812e-03
1.750729470612755190e-02,1.056512138350167163e-01,3.235921625495073339e+00,4.662589644549217094e-02,1.112657424758459329e-01,6.147802014751094397e-03,2.082488658305784585e-02,2.416666666666666616e-02,-2.223174232527284033e+01,4.647547035661527381e+00,-1.235805425065370500e+00,-4.361020458058165739e-01,6.072933964896083670e-02,3.589392917851034343e-02,8.774849015391272822e-02,6.349891205486524193e-01,8.425192762922827094e-03,-2.059782269655471010e-01,-2.130537423140675402e-01,-2.558201243739167685e-01,3.723826647154088176e-02,8.847851594535246014e-03,1.218806566856120085e-02,4.953819788346144892e-02,2.566571918424654861e-02,5.532529379800728286e-02,9.428000317986681006e-03,1.240440107650352987e-02,2.380130825054768695e-03,3.595821960968630538e-03,1.125414681066684054e-02,1.664510643218491612e-02,2.057345993045370941e-02,1.623437788565071024e-02,1.667361400583575876e-03,-1.306554254117950342e-02,1.453192153624369709e-01,-9.508495130671701379e-03,-1.669400185362866773e-02,-5.472576312328576893e-03,9.477823686226863331e-03,3.333333333333333981e-03,7.555808444348279806e-01,6.297027157371859474e-01,-2.183154125559916281e-01,8.235708997394686204e-02,-2.781627708157465295e-01,3.181871192259740355e-01,6.445996495481745581e-02,9.154168236626858413e-02,-4.776977760381992399e-01,-1.617436887573683868e-01,9.612653140640176064e-02,-5.072602833588038540e-02,8.956380177429029699e-03,-3.196036162822216836e-02,1.098399057785660188e-02,1.621134568802009429e-02,-5.203205024828200242e-02,5.303645692872292067e-02,8.524659343668510719e-03,5.157393645038117237e-03,2.258780685961770621e-03,2.541353446380693794e-03,9.584067712433719591e-03,1.162790609907438794e-02,-5.969500161694891310e-02,-1.273332843228671546e-02
2.542726135889954164e-02,3.054634384280992959e-02,3.125633662040818717e+00,1.083997269239946326e-01,1.958552701920408812e-01,5.669585455033235993e-02,1.553693523304960217e-02,2.166666666666666741e-02,-2.358089718586743544e+01,3.475370711371101429e+00,-3.328187496555166103e-01,4.212849761147032801e-01,-7.697520832933797685e-02,8.300158770563559330e-02,4.185410476185129625e-01,1.219482981265366528e-01,-1.805650419124643358e-01,5.559597082554008918e-02,-5.014909336919498584e-02,-4.675050821964208403e-01,-1.640359684128989970e-01,1.438433916485521748e-02,2.605200412702215682e-02,9.621787358878952298e-03,3.689876652543451485e-03,1.153310314233652913e-02,8.924340802755162047e-03,5.028293187207277803e-02,1.094480427987932526e-03,3.007746142329537423e-03,7.053183352502909176e-02,1.447151149632936590e-02,5.282675549288507171e-04,2.062933492961091173e-02,7.919966652771989746e-03,-7.510486999220677973e-02,-1.102879634542546228e-01,6.177383047850246167e-02,8.458952771619494826e-02,5.054805253558126293e-02,-5.287951350008243678e-03,-2.499999999999998751e-03,-1.349154860594595107e+00,-1.172176324290425953e+00,9.029866754098538895e-01,8.573870219205198540e-01,-1.377045479782988135e-01,4.710765852712524987e-02,3.307925574646002342e-01,-5.130408224221157942e-01,-1.889902346753871698e-01,2.615741977910872040e-01,1.629046489448725543e-01,-2.116849578225040718e-01,-2.012742348844398788e-01,5.536487570319971463e-03,1.386393845846095596e-02,-3.991641052458249489e-02,-2.197584253170309712e-02,-4.379219065567075547e-02,-5.036595152315189589e-04,3.787853079556924990e-02,-1.285650397066836169e-03,-5.880758186390931154e-04,5.927768671436225295e-02,-2.173594935855550220e-03,-2.004519237552485761e-02,4.394957043960201482e-03
4.001667361400583489e-02,4.127214455124796934e-03,2.880979443909993609e+00,1.196588497193765976e-01,1.934349822620740345e-01,1.167122475107522928e-01,8.833822566672257584e-03,2.583333333333333315e-02,-2.638439971115146321e+01,3.396994956288999390e+00,-1.915920827883146882e-01,9.753526433627239811e-01,-7.237115439196896149e-01,4.779510112423880352e-01,6.566911951659688551e-01,-6.125533105628294672e-01,4.350431332742169532e-01,-1.934780080387652756e-01,-1.202905423933586515e-01,-3.817871855083360133e-01,6.240280676802926335e-02,1.903631450155555613e-02,5.219536383457985297e-03,2.205549615138773650e-02,3.494311189923555994e-03,1.516162834940350083e-02,5.634984913305958638e-03,3.889352295662393960e-02,2.536610112196085445e-04,3.761022649423525089e-03,1.739610880501686260e-02,1.086806701774645501e-01,2.181855273106608414e-03,2.875858074846826540e-02,1.458941225510629325e-02,-2.641912938768513353e-02,-2.446542181308251074e-01,1.125912279538196503e-02,-2.420287929966846718e-03,6.001639296041993282e-02,-6.703112666377344583e-03,4.166666666666665741e-03,-2.803502525284027769e+00,-7.837575508210203878e-02,1.412266668672019221e-01,5.540676672480207010e-01,-6.467363355903515965e-01,3.949494235367524420e-01,2.381501475474558926e-01,-7.345016086893660923e-01,6.156081751866813168e-01,-2.490739788643053787e-01,-7.014144902416366567e-02,8.571789668808482698e-02,2.264387751809282534e-01,4.651975336700338651e-03,-2.083246774356417239e-02,1.243370879250878420e-02,-1.955654626198954915e-04,3.628525207066971708e-03,-3.289355889449203409e-03,-1.138940891544883843e-02,-8.408194167683239817e-04,7.532765070939876663e-04,-5.313572472001222569e-02,9.420915868113519109e-02,1.653587718177757697e-03,8.129245818857353673e-03
5.502292621925802124e-02,8.445352233505979897e-04,2.900696903038463503e+00,1.580747602532223683e-01,2.025761402220822571e-01,3.469965561795281261e-01,8.364981338710412648e-03,8.000000000000000167e-02,-2.793628350673051486e+01,1.525143290805144769e+00,7.074987578949926137e-01,9.195754443948127577e-01,-9.302062690475325635e-01,6.858074536100179364e-01,3.545004518997147969e-01,1.438191116128915287e-02,5.990033298816479501e-01,2.523403848921474402e-01,-8.861028294853764975e-02,-1.549681853270246656e-01,9.988430891417110491e-02,5.707029393104307534e-03,3.029164409194061002e-03,1.372871367936242919e-02,2.253157710108498035e-03,7.588758355356886413e-03,7.783083728221024166e-04,4.015951586976231058e-02,6.051269218881385201e-04,2.904247921869084533e-03,8.151315847614362675e-02,1.992860587079878232e-02,3.188324412217185926e-03,2.277628453696357858e-02,1.500625260525218635e-02,-3.282679231774198944e-03,1.971745912846989413e-02,3.841591053384577070e-02,9.141157960008222672e-03,2.302843086687758334e-01,-4.688412279618449363e-04,5.416666666666666852e-02,-1.551883795579051650e+00,-1.871851665483854621e+00,8.990908406833073574e-01,-5.577719896791122345e-02,-2.064947251278429485e-01,2.078564423676299011e-01,-3.021907432662540582e-01,6.269352217241186409e-01,1.639601966074309969e-01,4.458183929309127436e-01,3.168025944482100176e-02,2.268190001813113477e-01,3.748150214614184156e-02,-1.332928510845124773e-02,-2.190371974263924295e-03,-8.326782472025307316e-03,-1.241153479815057959e-03,-7.572869994046614421e-03,-4.856676540483856330e-03,1.265992913138370979e-03,3.514659106685299756e-04,-8.567747275544405558e-04,6.411704967112676068e-02,-8.875206430666576773e-02,1.006469139110577511e-03,-5.982296211504686823e-03
5.835764902042517993e-02,2.077761426614037246e-04,3.013210784220110572e+00,1.651224218358683105e-01,2.195504662977527666e-01,3.842655594545343334e-01,2.262768417258784887e-03,8.583333333333333093e-02,-2.890119982287014011e+01,1.044084174491713757e+00,4.241329008770073905e-01,6.644117520932857346e-01,-2.583784278207577056e-01,3.176522334518996349e-01,-1.324107204945507710e-01,-3.174063122662439951e-01,3.729078729764829792e-01,3.384069102698861187e-01,-2.456446062696935051e-01,2.258376194970109635e-02,1.652900730169468840e-03,1.882148079763957963e-03,8.094634575990336013e-04,6.390935579712722636e-03,2.327697927821191504e-03,6.187404502436152226e-03,4.903442833999859668e-03,1.296993380234573966e-02,1.695207446960108688e-03,6.120249810668702654e-03,8.828352946598874706e-02,2.198304078047244245e-02,1.014749950181788318e-02,2.321707259672068160e-02,3.334722801167158690e-03,-6.367590806891942380e-04,1.125138811816470685e-01,7.047661582645942113e-03,1.697432607567050944e-02,3.726900327500620724e-02,-6.102212921451627761e-03,5.833333333333329263e-03,-9.649163161396252519e-01,-4.810591163134310122e-01,-2.833658570179852232e-01,-2.551636923015270231e-01,6.718278412267748578e-01,-3.681552201581183015e-01,-4.869111723942655678e-01,-3.317882234275331688e-01,-2.260954569051649710e-01,8.606652537773867850e-02,-1.570343233211558553e-01,1.775519472767257689e-01,-9.823140818400163954e-02,-3.824881313340349788e-03,-2.219700951595027401e-03,-7.337778099649706551e-03,7.454021771269346910e-05,-1.401353852920734187e-03,4.125134461177757360e-03,-2.718958206741656919e-02,1.090080525071970060e-03,3.216001888799618121e-03,6.770370989845120313e-03,2.054434909673660131e-03,6.959175089600697257e-03,4.407880597571030290e-04
7.461442267611505252e-02,1.519370196468184525e-05,2.630675025906972664e+00,2.587737957958074486e-01,2.860896833218476432e-01,6.451410297286928053e-01,1.912660171100932522e-03,8.749999999999999445e-02,-3.269730089131529382e+01,1.324188368383162784e+00,6.069634147999020124e-01,7.005603047806042705e-01,-1.689446617881789070e-01,5.240616795590460342e-01,3.218423734870313191e-01,-2.496005401407736246e-01,1.781425156455270220e-01,-1.916646374610783132e-01,-4.704365143171285180e-01,-2.837291344732154053e-02,3.331996523804531263e-03,1.631591834790872657e-03,1.827992405042952809e-03,3.020157822412484344e-02,1.202038843292181983e-02,7.522423386682801534e-03,6.992499226057280644e-03,2.122786334135369837e-02,1.681415974415735072e-03,3.555099301191646643e-03,8.199220516421187877e-02,2.469761580806324047e-02,1.681808486005820788e-03,2.198468284946046222e-02,1.625677365568987259e-02,-1.925824406967218793e-04,-3.825357583131379080e-01,9.365137395993913816e-02,6.653921702409487660e-02,2.608754702741584719e-01,-3.501082461578523645e-04,1.666666666666663521e-03,-3.796101068445153714e+00,2.801041938914490270e-01,1.828305139228946219e-01,3.614855268731853588e-02,8.943376603257879864e-02,2.064094461071463993e-01,4.542530939815820901e-01,6.780577212547037047e-02,-1.947653573309559571e-01,-5.300715477309644319e-01,-2.247919080474350129e-01,-5.095667539702263688e-02,1.679095793635062422e-03,-2.505562449730853059e-04,1.018528947443919207e-03,2.381064264441212081e-02,9.692690505100628323e-03,1.335018884246649308e-03,2.089056392057420976e-03,8.257929539007958716e-03,-1.379147254437361643e-05,-2.565150509477056012e-03,-6.291324301776868300e-03,2.714575027590798023e-03,-8.465691015812062611e-03,-1.232389747260219381e-03
5.794080867027927989e-02,3.097481124807336028e-06,2.354476675891450821e+00,3.166886242540535301e-01,3.129906290678254321e-01,9.277237930252211218e-01,1.728930683055391812e-03,1.591666666666666785e-01,-3.489640286154320847e+01,1.808783644857329787e+00,3.391564987134170206e-01,5.151697870533836765e-01,-2.247599750597087387e-03,1.749747094050385643e-01,2.861344076007719117e-01,1.505018594900212059e-01,2.754684771710831370e-01,1.836182349976218098e-01,-5.041705517626043909e-02,-2.698621360386838086e-02,-7.827521750388900801e-03,1.028767246560663082e-02,2.968466600815667950e-03,3.022135734099056989e-02,5.115105102847007819e-03,2.127896014793866780e-02,6.877262858184373696e-03,3.578189016419702079e-02,1.312919764226395990e-03,2.253374757248600025e-03,5.315018546861528109e-02,3.338109686056076053e-02,7.752680602192255120e-04,1.666700572991178242e-02,-1.667361400583577263e-02,-1.209622083987450838e-05,-2.761983500155218429e-01,5.791482845824608150e-02,2.690094574597778898e-02,2.825827632965283165e-01,-1.837294880455407099e-04,7.166666666666668406e-02,-2.199101970227914649e+00,4.845952764741670027e-01,-2.678069160864849918e-01,-1.853905177272205940e-01,1.666970620375818335e-01,-3.490869701540074699e-01,-3.570796588625940737e-02,4.001023996307948583e-01,9.732596152555611502e-02,3.752828724587001230e-01,4.200194591408680789e-01,1.386699843453159664e-03,-1.115951827419343206e-02,8.656080630815757293e-03,1.140474195772715141e-03,1.977911686572644823e-05,-6.905283330074812008e-03,1.375653676125586714e-02,-1.152363678729069474e-04,1.455402682284332241e-02,-3.684962101893390820e-04,-1.301724543943046618e-03,-2.884201969559659767e-02,8.683481052497520059e-03,-9.065404257865952763e-04,-5.317677119548679804e-03
6.377657357232180413e-02,5.800963456041845144e-07,2.594401209551085330e+00,3.938454774455861784e-01,3.189935558522463133e-01,1.904430366272121811e+00,1.438959231504536966e-03,6.391666666666666607e-01,-3.725491554656282034e+01,1.463764799007723383e+00,2.132354890213114251e-01,4.989998567833743293e-01,1.498253546702223160e-01,-3.238548887193121173e-02,2.970930984017262633e-01,-1.148292511705504698e-01,-5.970564370029674689e-03,-8.506725878217423487e-02,-1.206334395663423154e-01,-1.987652020044299722e-02,-2.250138073251024551e-01,8.881092508341834058e-03,1.764763174990190012e-03,4.279493412176182954e-02,2.154274745157838070e-03,9.496059557041571994e-03,7.434568793076213114e-03,6.819778318433913911e-02,4.609925018440370502e-04,3.665163696778919213e-03,1.335063661110617340e-02,1.313174174754509586e-02,8.158207789691714800e-04,1.959983359644371440e-02,5.835764902042524238e-03,-2.517384779203151302e-06,2.399245336596345091e-01,7.715685319153264832e-02,6.002926784420881123e-03,9.767065732469006889e-01,-2.899714515508548460e-04,4.799999999999999822e-01,-2.358512685019611865e+00,-3.450188458496064037e-01,-1.259210096921055955e-01,-1.616993027000934724e-02,1.520729544208194173e-01,-2.073601982769697760e-01,1.095869080095435155e-02,-2.653311106605716896e-01,-2.814390415411128221e-01,-2.686854937797960585e-01,-7.021638439008187627e-02,7.109693403425383640e-03,-2.171862855747135612e-01,-1.406579957264796760e-03,-1.203703425825477938e-03,1.257357678077125965e-02,-2.960830357689169749e-03,-1.178290059089709581e-02,5.573059348918394176e-04,3.241589302014211832e-02,-8.519272623823589399e-04,1.411788939530319188e-03,-3.979954885750910942e-02,-2.024935511301566293e-02,4.055271874994596792e-05,2.932827866531931976e-03
5.919132972071696613e-02,5.645097800602477196e-07,2.822532163936917193e+00,4.016457713955509101e-01,3.139134400949171733e-01,2.106120591222581773e+00,5.494141474840200275e-04,6.866666666666666474e-01,-3.743118815943185496e+01,1.459454532722917586e+00,4.372216532432154357e-01,4.214822100779458403e-01,-1.953043156818302095e-01,-4.597089460160723451e-02,1.494598626826166843e-01,-2.390061964202166989e-01,-3.583668925895476531e-02,-5.732288017550814935e-02,4.633343996844284385e-02,-1.587728694330899915e-01,-1.430694333857711054e-01,4.907661636645647453e-03,3.000452109715885055e-03,4.075844901124726916e-02,1.356875169576011661e-02,9.150805527363237851e-03,3.093023588372532419e-03,5.037695807493568212e-02,1.262201727784363712e-03,7.384162301428319475e-03,1.208607200823382834e-02,1.048093260890182142e-02,1.085270330384237921e-03,1.517859653522199773e-02,-4.585243851604837995e-03,-1.558656554393679475e-08,2.281309543858318634e-01,7.800293949964731688e-03,-5.080115757329140003e-03,2.016902249504599620e-01,-8.895450840205169386e-04,4.749999999999998668e-02,-1.762726128690346172e-01,-4.310266284805797099e-03,2.239861642219040105e-01,-7.751764670542848901e-02,-3.451296703520525533e-01,-1.358540572967602278e-02,-1.476332357191095790e-01,-1.241769452496662290e-01,-2.986612488892509062e-02,2.774437860666608552e-02,1.669668795347851731e-01,-1.388963492326469873e-01,8.194437393933134972e-02,-3.973430871696186605e-03,1.235688934725695043e-03,-2.036485110514560382e-03,1.141447695060227897e-02,-3.452540296783341428e-04,-4.341545204703680695e-03,-1.782082510940345699e-02,8.012092259403266617e-04,3.718998604649400262e-03,-1.264564602872345067e-03,-2.650809138643274443e-03,2.694495514150664411e-04,-4.421237061221716669e-03
3.418090871196331759e-02,4.390338117002294734e-07,1.710861957129017119e+00,4.043852712495945023e-01,3.241700491300774090e-01,1.453754891935270521e+00,9.661841537972524173e-04,5.608333333333332948e-01,-3.838788791273120182e+01,1.473753147448030987e+00,2.384793150339640233e-01,8.116244304173442226e-01,-5.968983358886464918e-02,3.420503608218786740e-01,2.352704491571039891e-01,5.291877547771355328e-01,2.325234967884028392e-01,-8.103200910006919111e-02,-2.358278166592651659e-01,-1.354084458394984036e-01,6.552873918031004719e-02,6.280823529886914343e-03,9.960189498565178660e-04,5.026518745160465235e-02,2.976030289751358925e-03,1.381217632115433643e-02,1.165600950162119266e-03,8.856243307012584554e-02,3.572748905187845083e-04,8.664688670333773983e-04,6.620547498755054681e-03,2.091443423662949982e-02,8.610119794178835604e-04,2.576861799358671698e-02,-2.501042100875364854e-02,-1.254759683600182462e-07,-1.111670206807900074e+00,2.739499854043592197e-03,1.025660903516023570e-02,-6.523656992873112515e-01,4.167700063132323898e-04,-1.258333333333333526e-01,-9.566997532993468667e-01,1.429861472511340104e-02,-1.987423382092514124e-01,3.901422203393983823e-01,1.356144820929655603e-01,3.880212554234859224e-01,8.581058647448730481e-02,7.681939511973522317e-01,2.683601860473576184e-01,-2.370912892456104176e-02,-2.821612566277080236e-01,2.336442359359158782e-02,2.085981725660811525e-01,1.373161893241266890e-03,-2.004433159859366972e-03,9.506738440357383191e-03,-1.059272140600875725e-02,4.661370793791098574e-03,-1.927422638210413153e-03,3.818547499519016342e-02,-9.049268372655792578e-04,-6.517693434394941643e-03,-5.465524509478773656e-03,1.043350162772767840e-02,-2.242583509663543606e-04,1.059002145836471925e-02
4.085035431429762109e-02,2.158316737846050325e-07,2.957197994359350268e+00,4.264541710799935603e-01,3.162701269271961380e-01,2.243620282202457794e+00,8.436619277107986967e-04,7.449999999999999956e-01,-3.886280402015928814e+01,1.297665392817517471e+00,3.087383458051914387e-01,4.664886337066141420e-01,-2.829926633113232226e-01,3.723539862856268395e-02,-1.840395429570720193e-02,1.314357825053968920e-01,-1.336036184780932945e-01,-8.729666187087829765e-02,-1.021726538305631204e-01,2.283829709373000338e-02,1.041038670295256624e-01,5.574825261942981461e-03,2.883669902795262321e-03,1.955294593815523618e-02,1.005629203897053826e-02,7.547622639037646942e-03,2.230674982410434451e-03,6.385382823242176376e-02,1.867436518718954387e-03,1.507503420384631284e-03,4.102405923446262107e-03,3.064497006896249424e-03,4.475974180702665256e-03,1.677298378311629923e-02,6.669445602334303502e-03,-2.232021379156244410e-07,1.246336037230333149e+00,2.206889983039905800e-02,-7.899922202881271005e-03,7.898653902671872729e-01,-1.225222260864537206e-04,1.841666666666667007e-01,-4.749161074280863204e-01,-1.760877546305135155e-01,7.025903077122741536e-02,-3.451357967107300806e-01,-2.233028297224585734e-01,-3.048149621933159970e-01,-2.536744034528111702e-01,-3.977519722717386408e-01,-3.661271152664961059e-01,-6.264652770809106541e-03,1.336551628287020455e-01,1.582467429332284070e-01,3.857512784921561522e-02,-7.059982679439328820e-04,1.887650952938744455e-03,-3.071224151344941616e-02,7.080261749219178904e-03,-6.264553682116689483e-03,1.065074032248315185e-03,-2.470860483770408178e-02,1.510161628200169933e-03,6.410345533512538854e-04,-2.518141575308792575e-03,-1.784993722973324953e-02,3.614962201284781587e-03,-8.995634210470417752e-03
3.918299291371404869e-02,2.462188664813336783e-07,3.128702688489261252e+00,4.446159496911848419e-01,3.169791027554505480e-01,2.323530315845580674e+00,5.886290629699936043e-04,7.558333333333333570e-01,-3.906559041234496732e+01,1.523474250157439425e+00,3.749730901834338326e-01,2.207388331889468258e-01,1.266059302657409624e-01,8.803257559962164580e-02,9.089399374784105923e-02,-4.523325680369813528e-02,-1.747842548934747109e-02,1.200326027394034434e-01,1.079865764552056726e-02,-1.559183323133608023e-01,-1.599457457586745401e-01,3.707128749304304440e-03,2.504873754140645673e-03,3.750271522802686025e-02,2.076858583356401382e-03,1.525263773617087371e-02,5.981871374151234884e-03,5.730682972557630400e-02,5.894542517721140058e-04,3.797719336981079073e-03,3.357161613574803811e-03,7.903780715200601006e-03,1.078276265948356410e-03,1.686913290547619945e-02,-1.667361400583572406e-03,3.038719269672864587e-08,1.715046941299109839e-01,1.816177861119128156e-02,7.089758282544100787e-04,7.991003364312287971e-02,-2.550328647408050924e-04,1.083333333333336146e-02,-2.027863921856791762e-01,2.258088573399219534e-01,6.623474437824239391e-02,-2.457498005176673161e-01,4.095985935770641850e-01,5.079717697105896185e-02,1.092979480435482542e-01,-1.766690393090950273e-01,1.161251929887458234e-01,2.073292646102817272e-01,1.129713114760836912e-01,-1.787566294070908057e-01,-2.640496127882002164e-01,-1.867696512638677021e-03,-3.787961486546166483e-04,1.794976928987162407e-02,-7.979433455614137749e-03,7.705015097133226763e-03,3.751196391740800433e-03,-6.546998506845459753e-03,-1.277982266946840490e-03,2.290215916596448006e-03,-7.452443098714582950e-04,4.839283708304351582e-03,-3.397697914754308629e-03,9.614912235990022427e-05
1.834097540641934157e-02,1.095844853270650002e-07,2.844965066952136024e+00,4.397280787547559466e-01,3.181816986636314959e-01,1.887763142629145907e+00,6.474223784749819684e-04,6.491666666666666696e-01,-3.993189265746071470e+01,1.314506720315487875e+00,-4.291024949701164326e-01,1.335836877579777704e-01,-4.515339394329948713e-02,-8.802059059357192350e-02,3.049489130487026411e-01,-2.568472664098580757e-02,8.821701419083581575e-02,-1.125533385041740941e-01,6.377382896785972755e-03,8.373513206830740518e-02,-6.558241192483953153e-02,3.296923158761870185e-03,1.451447549848749888e-03,1.216058304347302811e-02,2.590511354671804715e-03,2.974624929901315169e-03,3.683723326577792011e-03,8.393333369439011371e-02,1.328106615209619481e-03,1.739645253583586588e-03,3.644738254953917584e-03,5.459898046642877416e-03,1.159423978233028356e-03,2.238783742755282025e-02,-2.084201750729470712e-02,-1.366343811542686649e-07,-2.837376215371252286e-01,-4.887870936428895252e-03,1.202595908180947859e-03,-4.357671732164347667e-01,5.879331550498836413e-05,-1.066666666666666874e-01,-8.663022451157473824e-01,-2.089675298419515492e-01,-8.040755851535502652e-01,-8.715514543096905542e-02,-1.717593242090404426e-01,-1.760531661931935554e-01,2.140549193008615680e-01,1.954853016271232771e-02,1.056954396801832868e-01,-2.325859412435775375e-01,-4.421274748734594501e-03,2.396534643816682075e-01,9.436333383383500861e-02,-4.102055905424342556e-04,-1.053426204291895785e-03,-2.534213218455383387e-02,5.136527713154033330e-04,-1.227801280626955940e-02,-2.298148047573442872e-03,2.662650396881380971e-02,7.386523634375054747e-04,-2.058074083397492485e-03,2.875766413791137725e-04,-2.443882668557723591e-03,8.114771228467194605e-05,5.518704522076620794e-03
2.501042100875364854e-02,1.205096733461594594e-07,2.519245924410788984e+00,4.328457297872471132e-01,3.106498682865121985e-01,2.007324437055962640e+00,4.693002702259210898e-04,6.025000000000000355e-01,-4.051525361732822006e+01,1.741030998302265154e+00,3.788520830479223389e-01,-5.909118136333280091e-01,-3.159442595421663169e-01,6.058406791839148209e-01,2.125931577021306085e-01,2.924124212622947194e-01,1.395303251637029229e-01,5.556440171479791468e-02,2.235802585272587684e-01,1.811211597163769893e-02,-2.973271789344920230e-02,3.740277702361276095e-03,3.246477319245291877e-03,1.752889329626264661e-02,6.319026435711070462e-04,4.108009731193549424e-03,3.809035984359537136e-03,8.698218650989118783e-02,1.194672008015502463e-03,2.584092885680292200e-03,4.954118617049811830e-03,9.564518798929335167e-03,1.554511747006830698e-03,2.313916251032516538e-02,6.669445602334306972e-03,1.092518801909445918e-08,-3.257191425413470398e-01,-6.882348967508833404e-03,-7.531830377119297371e-03,1.195612944268167332e-01,-1.781221082490608786e-04,-4.666666666666663410e-02,-5.833609598675053576e-01,4.265242779867772782e-01,8.079545780180388270e-01,-7.244955013913058073e-01,-2.707908655988668367e-01,6.938612697774867444e-01,-9.235575534657203267e-02,3.180971479032805305e-01,5.131331097286710718e-02,1.681177402189720227e-01,2.172028756304728025e-01,-6.562301609666970625e-02,3.584969403139032923e-02,4.433545435994059106e-04,1.795029769396541989e-03,5.368310252789618500e-03,-1.958608711100697560e-03,1.133384801292234255e-03,1.253126577817451244e-04,3.048852815501074121e-03,-1.334346071941170178e-04,8.444476320967056124e-04,1.309380362095894246e-03,4.104620752286457751e-03,3.950877687738023423e-04,7.513250827723451375e-04
3.334722801167153052e-03,6.555239609239959238e-08,3.162238616423288295e+00,4.626249655856173870e-01,3.001679597477088790e-01,1.386037905835358686e+00,1.393114132916939592e-03,3.533333333333333326e-01,-4.293953663056338144e+01,2.197601259918188776e-01,1.549664055734765178e-01,-9.602217418478756206e-02,9.536843937880543076e-02,2.098120119554659491e-01,3.791149098926852035e-01,1.841480522561992905e-01,-4.806738233404617144e-02,-1.901628758526729968e-01,-6.759506498689431264e-02,1.971214541425603262e-02,-2.213196864372931616e-01,3.863134532459141612e-04,3.208356847525565777e-04,1.731509387844159783e-03,4.985701983363486928e-04,2.752612923089382910e-04,4.885637520813143446e-04,1.286705608855040761e-01,5.348209423114068340e-04,6.195466270175053070e-04,3.020294962797372400e-04,5.608230893728450694e-04,5.317489277499600452e-04,3.540753366824613002e-02,-2.167569820758649679e-02,-5.495727725375986700e-08,6.429926920124993117e-01,2.977923579837027379e-02,-1.048190853880331952e-02,-6.212865312206039548e-01,9.238138626910185561e-04,-2.491666666666667029e-01,-2.424283013235161377e+00,-1.521270872310446221e+00,-2.238856774744458211e-01,4.948896394485404748e-01,4.113126989209717754e-01,-3.960286672284488718e-01,1.665217521905545950e-01,-1.082643690060954289e-01,-1.875977074977490944e-01,-2.457272775674709253e-01,-2.911753235141530949e-01,1.600029442618333686e-03,-1.915869685438439662e-01,-3.353964249115362097e-03,-2.925641634492735354e-03,-1.579738390841848791e-02,-1.333324452347583533e-04,-3.832748438884611350e-03,-3.320472232278222791e-03,4.168837437561288828e-02,-6.598510657040956287e-04,-1.964546258662786676e-03,-4.652089120770074374e-03,-9.003695709556490748e-03,-1.022762819256870653e-03,1.226837115792096464e-02
2.501042100875364681e-03,6.763458198610512817e-08,3.031154753765362919e+00,4.560629447540138770e-01,3.040933030796773018e-01,1.338608861654826621e+00,3.724503779613043712e-04,3.400000000000000244e-01,-4.253255178851140528e+01,7.016860776924926935e-01,5.660097753023071165e-01,4.383515957274128905e-01,-2.958785152699415777e-01,-1.212747377946883504e-01,7.426865009417743524e-02,2.362151458652924085e-01,-3.452732655749950197e-02,-1.097809965471810423e-02,-1.212550815220993228e-01,7.274664991886888726e-03,4.254722133461018990e-02,3.747275161896582835e-04,3.062619896404920601e-04,3.494003694708665893e-03,4.884772253897497977e-04,7.723466019154091519e-04,5.616203571519516559e-04,1.279269269797480291e-01,3.659987927953991822e-04,3.384199112963073093e-04,6.536219185898112672e-04,1.324164293439188600e-03,5.984162639707509088e-04,3.513416114432707515e-02,-8.336807002917883715e-04,2.082185893705535792e-09,-1.310838626579253763e-01,-6.562020831603510018e-03,3.925343331968422778e-03,-4.742904418053206506e-02,-1.020663754955635112e-03,-1.333333333333330817e-02,4.069848420519761589e-01,4.819259517006738158e-01,4.110433697288305988e-01,5.343737699122004248e-01,-3.912469546487470362e-01,-3.310867497501542855e-01,-3.048462597985077682e-01,5.206709360909311801e-02,1.354005577654666947e-02,1.791847761979548925e-01,-5.366001653520501014e-02,-1.243748042236914389e-02,2.638669077719033584e-01,-1.158593705625587771e-05,-1.457369511206451761e-05,1.762494306864506111e-03,-1.009297294659889516e-05,4.970853096064708609e-04,7.305660507063731126e-05,-7.436339057560470422e-04,-1.688221495160076519e-04,-2.811267157211979977e-04,3.515924223100740272e-04,7.633412040663435302e-04,6.666733622079086367e-05,-2.733725239190548661e-04
5.835764902042517299e-03,8.107535487947574188e-08,2.903789231846205965e+00,4.599799686286943912e-01,3.031320292171481579e-01,1.664757442950675737e+00,4.932937950879655266e-04,4.841666666666666896e-01,-4.210439293478447098e+01,3.605210901873732166e-01,4.054251704539030277e-01,4.734995351661275276e-01,5.247802101821097409e-01,1.584509581758952179e-01,1.632091289047080673e-01,-4.575988403545648564e-02,1.514683125864997038e-01,-2.853548667836992153e-02,-9.336325643194640089e-02,1.013979812166046213e-01,-7.553407447697280119e-02,4.567534414076903563e-04,2.310320795049279434e-04,5.412185098949782308e-03,6.937423625144838310e-04,7.080494821562248681e-04,5.531352736522338574e-04,1.160398569792241569e-01,3.034890480345928988e-04,6.322094780937754024e-04,1.130027768625822956e-03,1.824646141215261787e-03,3.637484978958574109e-04,3.179168519826495315e-02,3.334722801167152618e-03,1.344077289337061371e-08,-1.273655219191569543e-01,3.917023874680514162e-03,-9.612738625291439298e-04,3.261485812958491159e-01,1.208434171266611554e-04,1.441666666666666652e-01,4.281588537269342964e-01,-3.411649875051194769e-01,-1.605846048484040889e-01,3.514793943871463711e-02,8.206587254520513186e-01,2.797256959705835544e-01,8.894047881053063209e-02,-2.819750299007489081e-01,1.859956391439991918e-01,-1.755738702365181730e-02,2.789182509015292188e-02,9.412331622471772907e-02,-1.180812958115829980e-01,8.202592521803207283e-05,-7.522991013556411667e-05,1.918181404241116415e-03,2.052651371247340333e-04,-6.429711975918428381e-05,-8.485083499717798426e-06,-1.188707000052387219e-02,-6.250974476080628332e-05,2.937895667974680931e-04,4.764058500360116889e-04,5.004818477760731871e-04,-2.346677660748934979e-04,-3.342475946062122005e-03
7.503126302626094042e-03,4.792604915933098122e-08,3.134711960110225348e+00,4.403396259493110310e-01,3.050948432965278068e-01,9.613749139242113717e-01,1.007188385945239099e-03,4.166666666666666609e-03,-4.309661369824673471e+01,1.783086955584676669e+00,-1.023879652871615142e-01,-3.113525809432988317e-02,9.708745923048617277e-02,-1.661490712639118184e-01,2.372634998430314390e-01,-1.597661776802691280e-01,6.918183227899804555e-02,1.351637973698278233e-02,-3.025540968935529554e-02,5.055950681046303408e-02,-4.004322937182928921e-02,7.333642236433169943e-04,2.814132776122928517e-04,1.761956400677536141e-03,6.877633684428056515e-04,8.856588503003274323e-04,5.259997839903188211e-04,1.410818373052884767e-01,2.066785813968865691e-04,4.052576244329961002e-04,7.528541401541360848e-04,9.077167319205770241e-04,3.735880545136394267e-04,3.880594142399391988e-02,1.667361400583576743e-03,-3.314930572014476066e-08,2.309227282640193835e-01,-1.964034267938336020e-02,1.962814079379648913e-03,-7.033825290264643648e-01,5.138945908572735725e-04,-4.800000000000000377e-01,-9.922207634622637329e-01,1.422565865397303453e+00,-5.078131357410645697e-01,-5.046347932604574593e-01,-4.276927509516235681e-01,-3.246000294398070363e-01,7.405437093832337170e-02,-1.140062936448126424e-01,-8.228648030750165820e-02,4.205186641535270387e-02,6.310784674259110882e-02,-5.083847440614158719e-02,3.549084510514351198e-02,2.766107822356266379e-04,5.038119810736490828e-05,-3.650228698272246167e-03,-5.978994071678179513e-06,1.776093681441025642e-04,-2.713548966191503629e-05,2.504198032606431978e-02,-9.681046663770632977e-05,-2.269518536607793022e-04,-3.771736284716868714e-04,-9.169294092946847627e-04,9.839556617782015818e-06,7.014256225728966732e-03
