6.533575317604355115e-02,8.143575465117966830e-03,3.211335943462628961e+00,9.615185191730320213e-02,1.071928133909624964e-01,5.144803702739416673e-01,0.000000000000000000e+00,9.800362976406533366e-02,-2.319984768291958588e+01,9.775913748388602720e-01,-7.441177153510667441e-01,-1.081300655290834412e-01,-1.054635714690475984e-01,6.093962927864308987e-02,-1.424480618023675205e-01,-2.392844526075484923e-01,-5.817700208525534988e-02,-3.952851188343184385e-01,-5.014721269434838646e-01,1.808501458360026737e-01,-1.100559039224582869e-03,1.592634416449104431e-02,1.949614729889594632e-03,1.357509470090401127e-02,1.948290853273304882e-02,1.639989779974479825e-02,9.174092406240326111e-03,1.185174965801652838e-02,2.756562067348478518e-03,1.176446502268910059e-02,7.796299893319518642e-03,8.623954077679530858e-03,5.344103148095497892e-03,5.243382652042981665e-03,0.000000000000000000e+00,0.000000000000000000e+00,0.000000000000000000e+00,0.000000000000000000e+00,0.000000000000000000e+00,0.000000000000000000e+00,0.000000000000000000e+00,0.000000000000000000e+00,0.000000000000000000e+00,0.000000000000000000e+00,0.000000000000000000e+00,0.000000000000000000e+00,0.000000000000000000e+00,0.000000000000000000e+00,0.000000000000000000e+00,0.000000000000000000e+00,0.000000000000000000e+00,0.000000000000000000e+00,0.000000000000000000e+00,0.000000000000000000e+00,0.000000000000000000e+00,0.000000000000000000e+00,0.000000000000000000e+00,0.000000000000000000e+00,0.000000000000000000e+00,0.000000000000000000e+00,0.000000000000000000e+00,0.000000000000000000e+00,0.000000000000000000e+00,0.000000000000000000e+00,0.000000000000000000e+00,0.000000000000000000e+00,0.000000000000000000e+00,0.000000000000000000e+00
7.531760435571688284e-02,5.755573182240019021e-03,3.148260859836942149e+00,1.001639688918075088e-01,1.106061114294523556e-01,5.435344732779286980e-01,2.954137065413062896e-03,1.070780399274047223e-01,-2.380015186702869556e+01,9.709908076301250190e-01,-6.285186320316790143e-01,4.248302893232759891e-01,-9.388827987752013104e-02,1.163080526848801893e-01,-1.108371969238701599e-01,-2.878455825055704631e-01,1.698028908924742453e-01,-4.199736537553265536e-02,-4.660176565875889104e-02,1.617077272905786400e-01,-2.860244041766638601e-01,8.770907473419440464e-03,3.359028515801196907e-03,7.254914252731140163e-03,6.856250002148985348e-03,1.846760313446680485e-02,6.629949033560840303e-03,6.063325882173615025e-03,6.221513785663447191e-03,9.820849962978351125e-03,7.629872612059454551e-03,1.374936480354905892e-02,8.590324115484760520e-03,3.814810788836772021e-03,9.981851179673331687e-03,-2.388002282877947809e-03,-6.307508362568681193e-02,4.012116974504306710e-03,3.413298038489859243e-03,2.905410300398703072e-02,2.954137065413062896e-03,9.074410163339388657e-03,-6.003041841091096842e-01,-6.600567208735252933e-03,1.155990833193877299e-01,5.329603548523593748e-01,1.157529159152746734e-02,5.536842340623709946e-02,3.161086487849736060e-02,-4.856112989802197077e-02,2.279798929777295813e-01,3.532877534587857693e-01,4.548703612847249667e-01,-1.914241854542403365e-02,-2.849238451374392911e-01,-7.155436691071603850e-03,1.409413785911602275e-03,-6.320180448172871106e-03,-1.262665853058406347e-02,2.067705334722006599e-03,-2.544143372679485808e-03,-5.788423775842913357e-03,3.464951718314968673e-03,-1.943615059710749465e-03,-1.664272812600640916e-04,5.125410725869528061e-03,3.246220967389262628e-03,-1.428571863206209644e-03
9.482758620689654694e-02,6.178058733865838918e-03,3.194160451167021630e+00,1.185177790125954145e-01,1.281130691557271772e-01,9.116600322675250112e-01,3.457188456600136101e-03,1.733212341197822026e-01,-2.351329895826917493e+01,1.102282321231380591e+00,-4.577544867677492135e-01,-2.675747006345776877e-02,-9.487876236317951961e-02,5.784940781572692203e-02,3.026916577306589251e-01,-1.453439768999711112e-01,7.784731236899909701e-02,-1.945974034352368487e-01,-1.521663629886422786e-01,-2.546275382774411747e-02,9.779087653709472860e-02,6.002504547435848041e-03,5.933035596572122997e-03,2.869487570617559880e-02,1.206152373529574898e-02,7.114326426401783483e-03,1.223636314201296052e-02,1.469919200947928870e-02,2.660276040709850468e-03,5.317258845770989756e-03,7.075732368759430485e-03,9.700459071641362799e-03,4.572337405248742652e-03,6.672649421893929629e-03,1.950998185117966410e-02,4.224855516258198967e-04,4.589959133007948111e-02,1.835381012078790564e-02,1.750695772627482161e-02,3.681255589895963132e-01,5.030513911870732047e-04,6.624319419237748030e-02,2.868529087595206306e-01,1.312915136012555717e-01,1.707641452639298008e-01,-4.515877593867337336e-01,-9.904824856593885674e-04,-5.845864486915326730e-02,4.135288546545290989e-01,1.425016056055993519e-01,-9.195557852347514827e-02,-1.526000380597041794e-01,-1.055645973298833806e-01,-1.871704811183227679e-01,3.838152807137585887e-01,-2.768402925983592423e-03,2.574007080770926090e-03,2.143996145344445950e-02,5.205273733146763629e-03,-1.135327670806502223e-02,5.606414108452120217e-03,8.635866127305673670e-03,-3.561237744953596723e-03,-4.503591117207361369e-03,-5.541402433000240657e-04,-4.048905731907696121e-03,-4.017986710236017868e-03,2.857838633057157608e-03
9.210526315789473173e-02,1.063331222897861278e-02,3.142609460612600714e+00,1.191366083036832918e-01,1.246586690294461813e-01,9.481215498667830976e-01,3.014563218417348062e-03,1.497277676950998226e-01,-2.322278115800935794e+01,6.759753405951914873e-01,-1.317288425001535979e-01,-3.141739482322855048e-01,-2.120648868093536199e-01,1.574498785538394618e-01,3.981641360335119173e-01,1.327827972146774227e-01,5.930170552186479760e-02,-5.388882092042912575e-01,-3.090506544634777364e-01,1.069082150945617482e-02,7.906925571110686932e-03,6.051208089797645642e-03,2.157532105682000677e-03,1.401337072413566531e-02,3.809822937873511006e-02,1.739275763849726028e-02,1.009593532563038062e-02,3.248637108724705420e-03,2.326646049314138741e-04,2.243443792632394962e-03,5.538136282586636309e-03,7.794724519694714616e-03,1.340708284334066842e-03,1.011059175506924881e-02,-2.722323049001815209e-03,4.455253495112773861e-03,-5.155099055442091682e-02,6.188292910878773201e-04,-3.454400126280995909e-03,3.646151759925808644e-02,-4.426252381827880389e-04,-2.359346642468237998e-02,2.905178002598169940e-01,-4.263069806361891034e-01,3.260256442675956157e-01,-2.874164781688277603e-01,-1.171861244461741003e-01,9.960047073811253981e-02,9.547247830285299219e-02,2.781267741146485339e-01,-1.854560684713429941e-02,-3.442908057690544088e-01,-1.568842914748354578e-01,3.615357533720028882e-02,-8.988395096598404688e-02,4.870354236179760127e-05,-3.775503490890122320e-03,-1.468150498203993348e-02,2.603670564343936109e-02,1.027843121209547766e-02,-2.140427816382579895e-03,-1.145055490075458371e-02,-2.427611435778436431e-03,-3.073815053138594794e-03,-1.537596086172794176e-03,-1.905734551946648182e-03,-3.231629120914675593e-03,3.437942333175319186e-03
8.393829401088928610e-02,6.266901160482071277e-03,3.247673782506755646e+00,1.359375135255739830e-01,1.469193580814016908e-01,9.439454862492804299e-01,3.317864734768855364e-03,1.533575317604355670e-01,-2.366389214253798912e+01,7.168546311256600578e-01,-3.360599992091393706e-01,-9.206425647719379546e-02,-2.422266844560159310e-02,8.461974724179988083e-02,1.882756073392086726e-01,-1.193074265177201387e-01,2.320049027660689989e-01,-1.265952997458695273e-01,-1.916132353356310436e-01,7.603080320143712489e-02,7.202582199257176465e-02,1.008561825220924066e-02,5.339678693650256637e-03,5.702822079196287301e-03,2.035423904596403433e-02,1.539419507837332633e-02,3.022351475957826047e-03,1.782876217146072556e-02,6.147992000510245402e-04,3.959760930371673468e-03,2.008102914101600814e-02,4.681730018813403359e-03,7.368960970608237800e-03,6.741010144442138342e-03,-8.166969147005445628e-03,-4.366411068496541502e-03,1.050643218941549328e-01,1.680090522189069124e-02,2.226068905195550951e-02,-4.176063617502667746e-03,3.033015163515073026e-04,3.629764065335744361e-03,-4.411109845286311781e-01,4.087929053046857053e-02,-2.043311567089857728e-01,2.221096917550917094e-01,1.878422183637520337e-01,-7.283013131203958102e-02,-2.098885286943032447e-01,-2.520902237323975337e-01,1.727031972442041874e-01,4.122929094584217302e-01,1.174374191278466928e-01,6.533998169198095007e-02,6.411889642146108292e-02,4.034410162411595016e-03,3.182146587968255960e-03,-8.310548644939377144e-03,-1.774399033277107574e-02,-1.998562560123933948e-03,-7.073583849672554144e-03,1.458012506273602057e-02,3.821345951196106661e-04,1.716317137739278506e-03,1.454289285842937096e-02,-3.112994500881311258e-03,6.028252686274170741e-03,-3.369581610627110473e-03
8.030852994555354174e-02,1.635479551936254439e-02,3.221239837654400695e+00,1.309376117857745381e-01,1.402061776152837003e-01,9.901779302796276383e-01,4.486397512849726703e-03,1.379310344827586188e-01,-2.310090062361200225e+01,5.846008713502844900e-01,2.943710381945866539e-01,-2.880752565605174120e-01,-3.098970107776078953e-01,-1.369253712207806617e-01,-4.931025372067707191e-02,-3.049618131808065069e-01,-2.237795780483657071e-01,-3.864113361369934663e-01,-9.557615841546049928e-01,-3.471190354544815282e-01,-1.923223619951189844e-01,5.094512882614158668e-03,2.457948880213646492e-03,4.281715130612842590e-02,8.368003481321618919e-02,1.606872550228306482e-02,3.326726063441737009e-03,6.167310389184593039e-03,1.341602134843127665e-03,1.644490185623532575e-03,5.012687679485343904e-03,4.529801150912927954e-03,1.029405212796449635e-02,2.337650438328254740e-02,-3.629764065335744361e-03,1.008789435888047398e-02,-2.643394485235495139e-02,-4.999901739799444966e-03,-6.713180466117990575e-03,4.623244403034720840e-02,1.168532778080871339e-03,-1.542649727767694823e-02,5.629915189259868669e-01,-1.322537597753755678e-01,6.304310374037260800e-01,-1.960110000833236166e-01,-2.856743423320062814e-01,-2.215451184625805425e-01,-2.375858610598857446e-01,-1.856543866630863682e-01,-4.557844808144346782e-01,-2.598160363911239390e-01,-7.641483488189739770e-01,-4.231498386559186531e-01,-2.643481839876907769e-01,-4.991105369595081991e-03,-2.881729813436610145e-03,3.711432922693214120e-02,6.332579576725215487e-02,6.745304239097384830e-04,3.043745874839109619e-04,-1.166145178227613252e-02,7.268029347921031247e-04,-2.315270744748141110e-03,-1.506834146153066337e-02,-1.519288679004754047e-04,2.925091157356258555e-03,1.663549423884040993e-02
5.036297640653357444e-02,3.482736454597161468e-02,3.111390936817403308e+00,1.094874503152895306e-01,1.123886959421575987e-01,6.430100458131658980e-01,5.190840445759464447e-03,1.107078039927404667e-01,-2.198521583678917324e+01,7.549691041368384870e-01,5.540392491172451139e-01,-2.788589660136222420e-02,-5.309675583765932627e-01,-3.342818402997328464e-01,-7.145732088708292018e-01,-1.181263428307491870e-01,-1.535941908323314731e-01,-3.069056450520193380e-01,-4.942661668514358037e-02,2.096747727585323018e-01,2.301738964380388719e-01,4.207409038478528152e-03,4.402134160485867906e-03,4.147654857721159473e-03,2.729637403792962644e-02,8.757647712769481285e-02,6.814720200014791340e-02,1.020219497231931484e-02,2.828153422242578492e-03,4.292595432553509248e-03,1.902305913090464101e-03,1.037557460629143398e-02,4.217474971415497223e-03,2.735534924971414275e-02,-2.994555353901996730e-02,1.847256902660907030e-02,-1.098489008369973874e-01,-2.145016147048500743e-02,-2.781748167312610154e-02,-3.471678844664617403e-01,7.044429329097377443e-04,-2.722323049001815209e-02,1.115684786822829011e+00,1.703682327865539969e-01,2.596682109226584600e-01,2.601893599591552086e-01,-2.210705475989853674e-01,-1.973564690789521847e-01,-6.652629551501521021e-01,1.868354703500573200e-01,7.018538721603423403e-02,7.950569108497412829e-02,9.063349674694614055e-01,5.567938082130138300e-01,4.224962584331578563e-01,-8.871038441356305163e-04,1.944185280272221414e-03,-3.866949644840726730e-02,-5.638366077528655929e-02,7.150775162541174457e-02,6.482047593670617336e-02,4.034884583134721800e-03,1.486551287399450827e-03,2.648105246929976890e-03,-3.110381766394879587e-03,5.845773455378506026e-03,-6.076577156548999131e-03,3.978844866431595351e-03
2.087114337568058212e-02,3.133056816726280391e-02,3.194277857209661065e+00,8.067765543812707718e-02,1.227920876835092434e-01,1.343863156783807467e-01,1.531284593025809479e-02,1.905626134301270300e-02,-2.367024621486191549e+01,2.588632407837990979e+00,7.754583964346012381e-01,5.188963626146611552e-02,-5.072300548892680894e-01,-3.115808652334224327e-01,-2.651942990616470985e-01,-4.172825526230106163e-01,-2.175115432016465622e-01,-3.571414943148468746e-01,-3.268689177948070901e-01,1.130887642883885991e-01,8.971895799017501338e-02,1.398302596791883845e-02,4.225387795192483845e-04,1.439258961731863240e-01,1.624780392741443161e-02,1.071091106341489838e-02,7.145855311054317982e-02,1.734884984948162692e-02,2.485977174830761305e-04,4.764280775660646033e-03,2.388873288492007318e-03,9.055086987032829118e-03,1.307501648945493021e-03,4.052771207240694201e-02,-2.949183303085299232e-02,-3.496796378708810771e-03,8.288692039225775687e-02,-2.880979487716245346e-02,1.040339174135164468e-02,-5.086237301347851236e-01,1.012200548449863034e-02,-9.165154264972776021e-02,-1.685030378072742252e+00,1.833663303701152492e+00,2.214191473173561242e-01,7.977553286282834666e-02,2.373750348732517335e-02,2.270097506631041373e-02,4.493789098091821033e-01,-2.991562097922614294e-01,-6.391735236931508912e-02,-5.023584926282753660e-02,-2.774423011096635028e-01,-9.658600847014370272e-02,-1.404549384478638585e-01,9.775616929440310299e-03,-3.979595380966619196e-03,1.397782413154651515e-01,-1.104857011051519483e-02,-7.686556606427991101e-02,3.311351110395266417e-03,7.146654877162312083e-03,-2.579555704759502362e-03,4.716853431071367855e-04,4.865673754015432170e-04,-1.320487619258604861e-03,-2.909973322470004418e-03,1.317236282269279926e-02
1.660617059891107139e-01,2.007849544792265906e-02,2.888156431452253425e+00,2.022030856424008316e-01,1.349908073714539969e-01,1.732103615353314474e+00,2.009502212435386806e-02,3.611615245009074382e-01,-2.377904021810038060e+01,9.510378520198201624e-01,6.529351053484011569e-01,4.182957207180627857e-03,2.669212411210542535e-01,-9.591115969941717279e-02,4.239977257653059217e-01,-8.290986640663280394e-01,3.645922888353739788e-01,-3.574081364367531211e-01,-1.235189564585827959e-01,-1.157723837813538215e-01,-1.923408837512257524e-02,2.580578496542146414e-03,1.089374083031548158e-03,1.338162613053605655e-02,1.575188329218894919e-03,2.084781380694217257e-02,4.633947209242297340e-03,2.012923944971383924e-03,7.367976233199097658e-04,6.681944543945354462e-04,4.831827115960558340e-03,9.597479482778649429e-03,1.218903260230012886e-02,6.167463166591122606e-03,1.451905626134301353e-01,-1.125207271934014486e-02,-3.061214257574076392e-01,1.215254302042737544e-01,1.219871968794475348e-02,1.597717299674933811e+00,4.782176194095773269e-03,3.421052631578947456e-01,-1.087940032384651090e-01,-1.637594555818170816e+00,-1.225232910862000812e-01,-4.770667905428548766e-02,7.741512960103222873e-01,2.156697055340052738e-01,6.891920248269529647e-01,-4.118161114433174230e-01,5.821038320370205410e-01,-2.666421219062464765e-04,2.033499613362242942e-01,-2.288611480697424205e-01,-1.089530463652975956e-01,-1.140244747137669247e-02,6.668353035122997737e-04,-1.305442700426502622e-01,-1.467261559819553647e-02,1.013690274352727419e-02,-6.682460590130087641e-02,-1.533592590451024300e-02,4.881999058368336353e-04,-4.096086321266110587e-03,2.442953827468551022e-03,5.423924957458203105e-04,1.088153095335463519e-02,-3.436024890581582114e-02
1.052631578947368363e-01,4.025783889481629636e-03,2.982564775270723167e+00,1.864872369560437171e-01,1.513329737947362308e-01,1.637845485632712039e+00,2.162187647506774203e-03,3.593466424682395521e-01,-2.471644325899328720e+01,9.984881464239059312e-01,5.852469378527478394e-01,3.058651376339693861e-01,-1.939796357912790259e-01,-3.171658759001032279e-02,3.108979646203244296e-01,-4.233327650654353791e-01,1.927199061073820718e-01,-7.754048582525069344e-03,1.232550175479725368e-01,2.215975891388639596e-01,-7.377841673034707393e-02,6.457235097403654991e-03,1.343802803085571845e-03,7.985744773426093485e-03,4.561128493984124670e-03,1.430825224292766804e-02,6.102571149318528239e-03,2.173007351300003040e-02,1.165897009676465732e-03,6.095448330124372989e-03,1.768051626809447052e-02,1.803330375097220856e-02,3.031553941027596757e-03,6.750346446211276212e-03,-6.079854809437387764e-02,-1.605271155844103029e-02,9.440834381846974210e-02,-1.571584868635711452e-02,1.634216642328223390e-02,-9.425812972060243489e-02,-1.793283447684709472e-02,-1.814882032667886058e-03,-9.374030408929066027e-01,4.745029440408576882e-02,-6.768816749565331747e-02,3.016821804267887375e-01,-4.609008769123332794e-01,6.419457210940684999e-02,-1.130997611449814921e-01,4.057658990008926603e-01,-1.718723827279919070e-01,3.496540878542280240e-01,2.467739740065553189e-01,3.373699729202177533e-01,-5.454432835522449868e-02,3.876656600861508577e-03,2.544287200540236871e-04,-5.395881357109963070e-03,2.985940164765229533e-03,-6.539561564014504530e-03,1.468623940076230899e-03,1.971714956802864821e-02,4.290993863565559664e-04,5.427253875729837543e-03,1.284868915213391305e-02,8.435824268193559128e-03,-9.157478661272531670e-03,5.828832796201536062e-04
3.312159709618874709e-02,1.066047038946798739e-02,3.012870778495743362e+00,1.015705164697236623e-01,1.678437415658249054e-01,1.473288917429286526e-01,1.263062382173817805e-02,2.177858439201451821e-02,-2.464466974526078502e+01,2.658367623526346257e+00,4.205003529425821451e-01,3.380611640141846785e-01,-2.020555839207008042e-01,-1.205666538484915506e-01,4.700084152543146931e-01,-8.973398811840786748e-02,3.520811107379699934e-01,2.266797683500881289e-01,-2.660885116437973208e-01,8.988727942098474755e-02,-9.371813169660833664e-03,6.030456659328706920e-02,8.535573842261738944e-04,1.950586231124594103e-02,6.972170059395496090e-03,8.154761236317729228e-03,1.184149422765221494e-03,2.115445578680465177e-02,5.950540253812401040e-04,2.972762544817884271e-03,4.909626575847782920e-02,8.408272925518202323e-02,3.183122599570656179e-03,2.666456430373154510e-02,-7.214156079854808223e-02,6.634686499986357754e-03,3.030600322502019495e-02,-8.491672048632005476e-02,1.651076777108867466e-02,-1.490516593889783303e+00,1.046843617423140471e-02,-3.375680580762250305e-01,7.177351373250218103e-02,1.659879477102440326e+00,-1.647465849101656943e-01,3.219602638021529240e-02,-8.075948129421778310e-03,-8.885006625848122785e-02,1.591104506339902636e-01,3.335987769470274977e-01,1.593612046305879215e-01,2.344338169326131982e-01,-3.893435291917698438e-01,-1.317103097178792259e-01,6.440660356068624026e-02,5.384733149588341594e-02,-4.902454188593979509e-04,1.152011753781984754e-02,2.411041565411371421e-03,-6.153491006609938807e-03,-4.918421726553306311e-03,-5.756177261953786262e-04,-5.708429842952256281e-04,-3.122685785306488718e-03,3.141574949038335868e-02,6.604942550420980774e-02,1.515686585430594223e-04,1.991421785752026802e-02
2.087114337568058212e-02,6.982983725912803030e-02,3.167568071504415883e+00,8.649056332764949728e-02,1.648933700181233752e-01,4.812773739960917591e-02,1.785004347544523820e-02,2.177858439201451821e-02,-2.291934028302542714e+01,2.902903788207482627e+00,-4.774643145768220354e-01,-1.071590655506989398e+00,-6.486131379582528167e-01,-1.856909295310948116e-01,3.093602201639545912e-01,4.186752727416190867e-01,4.001139644118328897e-01,2.792858004895094615e-01,-2.625908805533224699e-01,-3.854548530179965349e-01,-6.296761991041996964e-01,8.938607826661959521e-02,3.634915366136703269e-02,1.256932149864771649e-02,7.871881469998868661e-03,1.610871071450165493e-03,6.325111044737136319e-04,1.617420023738481072e-03,4.777259223624703670e-03,1.337357265421140968e-03,1.273765302585423871e-02,4.556437689009078945e-02,2.641768727906701128e-02,2.526960688779334580e-02,-1.225045372050816497e-02,5.916936686966003944e-02,1.546972930086725206e-01,-1.507995314207416504e-02,-2.950371547701530206e-03,-9.920115434331946980e-02,5.219419653707060153e-03,0.000000000000000000e+00,1.725329462235357880e+00,2.445361646811363698e-01,-8.979646675194041805e-01,-1.409651819521174021e+00,-4.465575540375520402e-01,-6.512427568260326094e-02,-1.606481950903601019e-01,5.084092608600269125e-01,4.803285367386289639e-02,5.260603213942133261e-02,3.497631090474850879e-03,-4.753421324389812685e-01,-6.203043859345388489e-01,2.908151167333252601e-02,3.549559627714085619e-02,-6.936540812598224540e-03,8.997114106033725703e-04,-6.543890164867564169e-03,-5.516383182915078620e-04,-1.953703576306617049e-02,4.182205198243463783e-03,-1.635405279396743303e-03,-3.635861273262359222e-02,-3.851835236509123378e-02,2.323456467949635423e-02,-1.394957415938199302e-03
2.631578947368420907e-02,8.475000687983644254e-02,3.180356408242706934e+00,9.280679592692063495e-02,1.571706604011984254e-01,7.944351910300817554e-02,2.890631593848698791e-02,3.901996370235934902e-02,-2.238840116502690947e+01,1.909128503159112089e+00,-1.455566942032128885e+00,-8.641015016939289639e-01,-3.525941174379348952e-01,-1.653706595051203654e-01,1.064283656238981024e+00,-9.955245819376104532e-02,-2.712775654423775218e-01,-4.179409980757644028e-01,-3.570682696821949609e-01,-3.046327815626554969e-01,1.831386699726958445e-01,1.458490336618777127e-03,1.192590590409209903e-03,1.978193396869278378e-02,2.711284462811355128e-02,5.802183707916617333e-02,8.169844376522157961e-03,6.421613674191847376e-04,6.314897551381384866e-04,1.220674699621032049e-03,2.233339973223948029e-03,2.851178782872662316e-03,2.107380258004529910e-03,1.651310888608088084e-02,5.444646098003626949e-03,1.492016962070841224e-02,1.278833673829105066e-02,6.316232599271137671e-03,-7.722709616924949838e-03,3.131578170339899964e-02,1.105627246304174971e-02,1.724137931034483082e-02,5.309391179985176734e-01,-9.937752850483705380e-01,-9.781026274553068500e-01,2.074891538130604340e-01,2.960190205203179215e-01,2.032027002597444620e-02,7.549234360750264328e-01,-5.182277309353801042e-01,-6.713915298542103560e-01,-6.972267985652738087e-01,-9.447738912887249096e-02,8.082207145534103798e-02,8.128148690768954854e-01,-8.792758793000081396e-02,-3.515656307095782473e-02,7.212612470045067295e-03,1.924096315811468089e-02,5.641096600771600827e-02,7.537333272048444763e-03,-9.752586563192963340e-04,-4.145769468486565183e-03,-1.166825658001089186e-04,-1.050431305263029025e-02,-4.271319810721812410e-02,-2.431030702106248137e-02,-8.756498001712464951e-03
6.533575317604355115e-02,6.244379377091735864e-03,2.813739405185466502e+00,8.901061846841096248e-02,9.151872895972394673e-02,4.083166896442472216e-01,1.100224314255457761e-02,7.168784029038112460e-02,-2.429589445428116434e+01,1.237094884265546701e+00,-8.496909405775845414e-01,-3.882065174069613822e-01,-3.841244916602813975e-01,1.366500190208340404e-01,3.735415302162304330e-01,-2.501713467799843715e-01,-1.836524901378583652e-01,-2.012413719398082890e-01,4.456291998372739760e-02,5.841957774761141753e-01,1.483590120112651400e-01,5.385851051235917078e-03,2.439941656509471510e-03,6.050795748477616996e-03,5.246670763582527222e-03,6.816112283813441364e-02,1.762543950046757679e-02,1.759895117565754216e-02,3.276370138987299337e-03,2.255909650754331884e-03,1.164671091313039877e-02,4.968595278607645764e-03,2.971652473832825814e-03,1.764047518800915607e-02,3.901996370235934208e-02,-7.850562750274470147e-02,-3.666170030572404315e-01,-3.796177458509672475e-03,-6.565193144147447868e-02,3.288731705412390460e-01,-1.790407279593241030e-02,3.266787658802177557e-02,-1.907493289254254876e+00,-6.720336188935653876e-01,6.058760014545443440e-01,4.758949842869675817e-01,-3.153037422234650222e-02,3.020206785259543780e-01,-6.907421260227506465e-01,-1.506188885862233262e-01,8.762507530451915660e-02,2.166996261359561138e-01,4.016311896659223724e-01,8.888285590387696722e-01,-3.477965796143070443e-02,3.927360714617140168e-03,1.247351066100261608e-03,-1.373113822021516592e-02,-2.186617386453102579e-02,1.013928575896824030e-02,9.455595123945418831e-03,1.695678980823835807e-02,2.644880383849160851e-03,1.035234951133299835e-03,9.413370939906450310e-03,2.117416495734983448e-03,8.642722158282959040e-04,1.127366301928275222e-03
6.034482758620689918e-02,2.150380963646824142e-03,3.115556473985220620e+00,1.284348331853094050e-01,1.687113714439571199e-01,5.677421175545387388e-01,4.449747491800880826e-03,1.243194192377495427e-01,-2.535567482516478677e+01,1.496011342151289281e+00,-5.405153418178171298e-01,-4.314543523064531261e-01,-6.116371335088461869e-01,1.149926184238443533e-01,4.863093762232620909e-01,-1.573246375493082133e-02,2.219144323703775568e-01,-2.035607950067078176e-02,9.574883161261572850e-02,-4.065710183807792755e-02,1.099279623625468716e-01,2.752579310654316297e-02,8.280885935812137832e-03,6.223788320381560754e-03,8.938442275697615347e-03,1.497973802920594434e-02,3.679900585570367727e-02,4.795514393083630603e-03,4.919836892194535613e-03,6.727115804817046865e-03,9.271594478986665624e-03,1.650759918627633591e-02,1.750859612936678635e-03,9.931082905361512253e-03,-4.990925589836651965e-03,-4.093998413444911721e-03,3.018170687997541179e-01,3.942421471689844248e-02,7.719264248423317321e-02,1.594254279102915173e-01,-6.552495650753696783e-03,5.263157894736841813e-02,-1.059780370883622425e+00,2.589164578857425791e-01,3.091755987597674116e-01,-4.324783489949174387e-02,-2.275126418485647894e-01,-2.165740059698968711e-02,1.127678460070316580e-01,2.344388830250535571e-01,4.055669225082358942e-01,1.808852924391375072e-01,5.118591162888833090e-02,-6.248528793141920890e-01,-3.843104964871826845e-02,2.213994205530724763e-02,5.840944279302666756e-03,1.729925719039437579e-04,3.691771512115088125e-03,-5.318138480892847103e-02,1.917356635523610048e-02,-1.280343678257391156e-02,1.643466753207236276e-03,4.471206154062714981e-03,-2.375116434143733149e-03,1.153900390766868927e-02,-1.220792860896147180e-03,-7.709392282647643813e-03
4.401088929219600793e-02,1.795226082326196321e-02,2.698304453183505647e+00,1.014694152521197767e-01,1.489354069842294959e-01,3.679776300496654939e-01,8.483611624238111132e-03,9.255898366606170324e-02,-2.397489877533419289e+01,1.618514400097849970e+00,2.312048172877441965e-01,-9.294019428171595987e-01,-1.881467382334594651e+00,1.525839759864599243e-01,-5.104407021971776315e-01,7.999308859650891002e-01,6.299747655551636571e-02,-3.270268177097083173e-01,1.176707145023274809e-01,-4.974291847451302040e-01,7.158662868492038367e-02,1.244718618590429614e-02,2.449241956851870919e-02,2.984624845052448808e-02,4.715179024363435473e-02,4.975318404553431828e-03,2.048579219925953775e-03,4.439290618682536008e-03,4.700543501266405533e-05,1.322321816158408868e-03,1.317113131260550657e-02,1.024813553548310600e-02,1.449830202380717262e-02,1.337859771184183276e-02,-1.633393829401089126e-02,1.580187985961514080e-02,-4.172520208017149734e-01,-2.696541793318962821e-02,-1.977596445972762407e-02,-1.997644875048732449e-01,4.033864132437230306e-03,-3.176043557168783948e-02,1.380776049830593877e+00,1.225030579465606895e-01,7.717201591055613541e-01,-4.979475905107064726e-01,-1.269830248825748464e+00,3.759135756261557104e-02,-9.967500784204397224e-01,8.156633497200199701e-01,-1.589169558148612049e-01,-3.066707382090375633e-01,2.192188288971175236e-02,-4.567720829070522903e-01,-3.834133367762648792e-02,-1.507860692063886683e-02,1.621153363270657136e-02,2.362246013014292906e-02,3.821334796793673938e-02,-1.000441962465251251e-02,-3.475042663577772306e-02,-3.562237744010945950e-04,-4.872831457181871564e-03,-5.404793988658638214e-03,3.899536833618840945e-03,-6.259463650793229902e-03,1.274744241087049333e-02,3.447514806480320507e-03
4.854809437386569532e-02,4.392575193532709081e-03,2.928415453480710973e+00,1.331962825084888891e-01,1.784197208007815560e-01,6.077695693260777299e-01,6.097874363036962994e-03,1.043557168784029071e-01,-2.511217710569110650e+01,1.454557464955291257e+00,4.164913304793488869e-01,-8.296882198439020639e-01,-9.954788665877771781e-01,3.065651457186723272e-01,-2.527247763693985516e-01,3.121537085665927469e-01,-7.552003557981239457e-01,-3.888706955520567221e-01,-2.352995770281298415e-01,-3.673763178583153710e-01,2.514591342755956305e-01,2.796425448623669416e-03,3.883983552373094020e-03,2.081686428994734134e-02,7.922574405810448028e-02,2.528974177255946879e-02,4.017959763265964088e-03,6.295214526956831834e-03,9.301314163575048451e-04,4.250224692197017949e-03,4.105154033013654058e-03,2.118261965149687790e-03,3.887498720243960475e-03,2.123955962652127397e-02,4.537205081669687390e-03,-1.355968562972925326e-02,2.301110002972053259e-01,3.172686725636911231e-02,2.948431381655206018e-02,2.397919392764122359e-01,-2.385737261201148138e-03,1.179673321234120387e-02,-1.137278330356913614e+00,-1.639569351425587129e-01,1.852865131916046904e-01,9.971372297325753475e-02,8.859885157468174732e-01,1.539811697322124029e-01,2.577159258277790799e-01,-4.877771773984963533e-01,-8.181978323536402975e-01,-6.184387784234840479e-02,-3.529702915304573363e-01,1.300528668868148330e-01,1.798725055906752468e-01,-9.650760737280626722e-03,-2.060843601614561343e-02,-9.029384160577146740e-03,3.207395381447012556e-02,2.031442336800603696e-02,1.969380543340010312e-03,1.855923908274295826e-03,8.831259813448407965e-04,2.927902876038609298e-03,-9.065977279591852511e-03,-8.129873570333418648e-03,-1.061080330356321128e-02,7.860961914679441206e-03
5.353901996370236116e-02,9.319673919689420646e-03,3.102825273804241668e+00,1.121704462302254290e-01,1.198125229656759189e-01,8.209161037820352780e-01,6.931437384472508879e-03,1.424682395644283062e-01,-2.448398987726121590e+01,9.100140733766307610e-01,2.319557083457394198e-01,-1.162714732471220813e+00,-3.130643735665153971e-01,3.281564924477945455e-01,-1.334591987957549353e-02,4.078885956832434267e-01,-1.962482309734609465e-01,-4.602683057923895316e-01,-4.426280194315119765e-01,-1.886954509881310638e-01,-1.988914991969579771e-01,2.601904869683106282e-03,3.964643639816152650e-03,9.189943338546822937e-02,4.324030323007466842e-02,2.811431446900501067e-03,1.202716809358442404e-03,3.465146004542284629e-03,6.012920091968038160e-04,5.672891764953031692e-03,1.370026264119595435e-03,1.944602558176480650e-03,1.987821070729501542e-03,2.621628248406076764e-02,4.990925589836665843e-03,4.927098726156711565e-03,1.744098203235306954e-01,-2.102583627826346002e-02,-5.860719783510563718e-02,2.131465344559575481e-01,8.335630214355458853e-04,3.811252268602539905e-02,6.281872284298906095e-01,-5.445433915786604961e-01,-1.845356221336094671e-01,-3.330265126273187493e-01,6.824144930212617810e-01,2.159134672912221831e-02,2.393788564898230442e-01,9.573488711665067985e-02,5.589521248246629437e-01,-7.139761024033280945e-02,-2.073284424033821349e-01,1.786808668701843072e-01,-4.503506334725536076e-01,-1.945205789405631339e-04,8.066008744305862982e-05,7.108256909552088110e-02,-3.598544082802981187e-02,-2.247831032565896642e-02,-2.815242953907521467e-03,-2.830068522414547205e-03,-3.288394071607010291e-04,1.422667072756013742e-03,-2.735127768894058623e-03,-1.736594069732071404e-04,-1.899677649514458933e-03,4.976722857539493672e-03
3.085299455535390339e-02,1.602565340628223783e-02,3.213428159418320273e+00,8.135829644417109929e-02,8.991279919261675746e-02,3.406354245417082538e-01,1.316028975145104411e-02,8.529945553539020064e-02,-2.426372115287142250e+01,1.599937811629603246e+00,9.608797276411455979e-01,-5.522002958128784389e-01,-6.588867950246402039e-01,-3.843635966445380081e-02,-8.018898725523719573e-02,2.740847021025761832e-01,-3.080166011751868105e-01,-6.004947007161988148e-01,-4.776583459166885426e-01,-6.508460133339306619e-01,-4.559890103123126481e-01,4.553884844445101748e-02,7.636849398744869830e-03,1.638007638923467679e-01,2.809242367489954428e-02,9.658519659728919890e-03,8.291792670481121230e-04,2.348980197247825356e-03,3.888766948061003173e-04,1.385659157478482100e-03,1.342385065868149886e-03,4.890670505755652375e-03,9.289313317830494125e-04,4.467139729671427972e-02,-2.268602540834845777e-02,6.705979486592817188e-03,1.106028856140786054e-01,-3.081214978605432975e-02,-2.989972377305916140e-02,-4.802806792403270242e-01,6.228852366978535234e-03,-5.716878402903810552e-02,2.202687243897933911e-01,6.899237382529724849e-01,7.289240192954061781e-01,6.105144366583423743e-01,-3.458224214581248068e-01,-3.665928521122483463e-01,-6.684306737566170220e-02,-1.338038935806672436e-01,-1.117683702017258640e-01,-1.402263949238092833e-01,-3.503032648517656611e-02,-4.621505623457995982e-01,-2.570975111153546711e-01,4.293694357476791207e-02,3.672205758928717180e-03,7.190133050687853855e-02,-1.514787955517512413e-02,6.847088212828419257e-03,-3.735375423103302808e-04,-1.116165807294459272e-03,-2.124153143907034987e-04,-4.287232607474550025e-03,-2.764119825144554891e-05,2.946067947579171509e-03,-1.058889738946452129e-03,1.845511481265351209e-02
5.671506352087114095e-02,3.259013068263189213e-03,2.829466929305592515e+00,1.596517033963781307e-01,2.015735842533523947e-01,5.038701145607665799e-01,5.169428560300588262e-03,7.803992740471869805e-02,-2.552596792715000973e+01,1.811749748559553286e+00,5.619692163029063048e-01,2.331528815821183320e-01,-1.966475979110713923e-01,-9.098905254068920256e-02,9.690861521208887774e-02,1.356469884341130611e-02,-7.226210703063629115e-02,-5.316200101033623504e-01,-4.059615101237201706e-01,-2.777570986668082553e-01,-7.427246854237891382e-02,6.262652970563306609e-02,7.895326899899716413e-04,1.136272087432362299e-01,1.126095989931798214e-02,2.306135106816093600e-02,1.670202366263699679e-03,7.195947579178031336e-03,7.859606346824545313e-04,1.067107764739909934e-03,8.281343835011709120e-03,2.387548230304118585e-02,4.446057275900454180e-03,3.244301143812584193e-02,2.586206896551723755e-02,-1.276664033801904949e-02,-3.839612301127277583e-01,7.829340695220703139e-02,1.116607850607356373e-01,1.632346900190583261e-01,-7.990861191150454984e-03,-7.259528130671502599e-03,-1.262246774278587225e+00,2.118119369299500399e-01,-3.989105113382392931e-01,7.853531773949967709e-01,4.622391971135688116e-01,-5.255269287623540175e-02,1.770976024673260873e-01,-2.605200032591648562e-01,2.357544941445505193e-01,6.887469061283646443e-02,7.169683579296837195e-02,3.730889146671224066e-01,3.817165417699337482e-01,1.708768126118204861e-02,-6.847316708754898514e-03,-5.017355514911053804e-02,-1.683146377558156215e-02,1.340283140843201611e-02,8.410230992155875562e-04,4.846967381930205980e-03,3.970839398763542139e-04,-3.185513927385721662e-04,6.938958769143559017e-03,1.898481179728553347e-02,3.517125944117404767e-03,-1.222838585858843780e-02
7.667876588021778350e-02,2.247836305362530679e-02,2.900496776503428631e+00,1.211683696671821964e-01,1.487631955768831116e-01,4.522450767421447582e-01,7.707533324538076887e-03,7.441016333938293981e-02,-2.323738633444504131e+01,1.844666036357744066e+00,-8.301629616647988874e-02,-7.703175440210209279e-01,-9.876944204398565574e-01,-3.052664991677416784e-01,8.759456248991576155e-02,-2.977357652252090037e-01,-1.676195830002288611e-01,-3.714465880775774664e-01,-4.535984494578704229e-01,-2.752177593281905921e-01,2.155566213796791808e-02,4.087458953607987257e-03,4.721295661066976035e-04,8.009056038386377918e-02,7.872504846265564182e-02,1.285269216009648184e-02,2.736230112423412245e-03,6.066964216814716565e-03,1.334009360604317823e-03,5.849818346767150269e-03,8.982051983325972308e-03,5.044849980189866460e-03,3.696846005805550645e-03,2.787096614892920973e-02,1.996370235934664256e-02,1.921934998536211844e-02,7.102984719783611567e-02,-3.848333372919593431e-02,-5.281038867646928314e-02,-5.162503781862182173e-02,2.538104764237488625e-03,-3.629764065335758239e-03,2.288581592704968415e+00,3.291628779819077977e-02,-6.449855124693861796e-01,-1.003470425603139260e+00,-7.910468225287852206e-01,-2.142774466270524758e-01,-9.314052722173116194e-03,-3.113004640686203306e-01,-9.535747596959257000e-02,1.601734220257848840e-01,-4.763693933415025228e-02,2.539339338617663255e-03,9.582813068034683190e-02,-5.853907075202507970e-02,-3.174031238832740378e-04,-3.353664835937245070e-02,6.746408856333765969e-02,-1.020865890806445415e-02,1.066027746159712566e-03,-1.128983362363314771e-03,5.480487259218632919e-04,4.782710582027240552e-03,7.007081483142631878e-04,-1.883063232285131852e-02,-7.492112700949035350e-04,-4.572045289196632195e-03
2.450090744101633342e-02,4.599899946799160255e-02,3.305195247309590467e+00,9.008483530024079255e-02,1.312653849503322423e-01,6.773270725871374798e-02,2.151980870010423985e-02,4.355716878402903641e-02,-2.442503863295981859e+01,1.982986743105316085e+00,-1.242720844492321230e+00,-4.239777965506129620e-01,6.319003451346256739e-01,-5.166321854279515291e-01,1.384889007093206004e-01,6.168865461168824282e-01,-2.916479420319395555e-01,-1.017658179130702889e+00,-5.660609130988771831e-01,-4.158168872777712188e-01,1.241113285663509591e-01,2.704663161660642717e-04,8.285978603672611948e-04,2.332245401925990211e-02,1.902872922688858270e-01,5.430071921305234216e-03,8.112646259461445434e-04,7.119329142339792926e-04,1.120207686688821274e-04,1.059636375816989592e-04,3.422020117173916846e-03,1.284168332473445071e-03,2.555113598947908763e-04,5.204961608076028728e-02,-5.217785843920144662e-02,2.352063641436629576e-02,4.046984708061618363e-01,-3.108353436694140381e-02,-1.749781062655086927e-02,-3.845123694834310379e-01,1.381227537556616383e-02,-3.085299455535390339e-02,-1.187652298514777272e+00,1.383207067475720198e-01,-1.159704548325841245e+00,3.463397474704079659e-01,1.619594765574482231e+00,-2.113656862602098507e-01,5.089433821940483882e-02,9.146223113420914874e-01,-1.240283590317106943e-01,-6.462115910531254226e-01,-1.124624636410067602e-01,-1.405991279495806268e-01,1.025556664283830410e-01,-3.816992637441922985e-03,3.564682942605635913e-04,-5.676810636460387360e-02,1.115622438062301852e-01,-7.422620238791247625e-03,-1.924965486477267593e-03,-5.355031302580737056e-03,-1.221988591935435804e-03,-5.743854709185451310e-03,-5.560031866152055462e-03,-3.760681647716421390e-03,-3.441334645910759660e-03,2.417864993183107755e-02
2.313974591651542581e-02,4.903214601008264173e-02,3.295263939980618950e+00,1.279759397628965900e-01,2.033594583423673496e-01,8.122997736162974880e-02,5.456743379411699117e-03,4.446460980036297944e-02,-2.341056567183397163e+01,1.906696869412248585e+00,-1.240399175759933748e+00,-7.123940689313916774e-01,-2.625638111624876703e-01,-3.329851337017138979e-01,1.639322521497241225e-02,4.267268033029235630e-01,-1.820376020000427086e-01,-8.639004489979320578e-01,-5.493700483875567642e-01,-1.125585974545994794e-01,2.559256886041301193e-01,1.008983261040381774e-03,1.568581036533904689e-03,1.684980649626875021e-02,1.544988552312394903e-01,1.273357120524871641e-02,1.927138777247199225e-03,7.585047726541659227e-04,4.501623697836386502e-04,2.275332421824011729e-04,1.299673882100891567e-03,3.670509937947773020e-03,6.957749746147875525e-04,4.198058968199659680e-02,-1.361161524500907605e-03,3.033146542091039177e-03,-9.931307328971517023e-03,3.789110446265579746e-02,7.209407339203510734e-02,1.349727010291600082e-02,-1.606306532069253987e-02,9.074410163339430291e-04,1.014472961125846950e+00,-7.628987369306750033e-02,2.321668732387482947e-03,-2.884162723807787154e-01,-8.944641562971133997e-01,1.836470517262376312e-01,-1.220956754943481881e-01,-1.901597428139588652e-01,1.096103400318968468e-01,1.537577301327708312e-01,1.669086471132041893e-02,3.032582898231717117e-01,1.318143600377791602e-01,7.385169448743175019e-04,7.399831761666434944e-04,-6.472647522991151897e-03,-3.578843703764633677e-02,7.303499283943482197e-03,1.115874151301054790e-03,4.657185842018663011e-05,3.381416011147565228e-04,1.215696046007022136e-04,-2.122346235073025063e-03,2.386341605474327950e-03,4.402636147199966762e-04,-1.006902639876369049e-02
3.811252268602540599e-02,1.889851390142212317e-02,3.255054725233199608e+00,1.061106049907948878e-01,1.602385439822389679e-01,1.928962057885240666e-01,1.758080047491783829e-02,4.446460980036297944e-02,-2.423395637636134481e+01,1.686739294710125847e+00,-1.343928318291190971e+00,-1.164691652010590328e+00,1.340001019554470929e-01,-2.868541655178122873e-01,9.521877676492074283e-02,5.522058089067947151e-01,-3.662682046933646990e-02,-8.788332457903089701e-01,-4.479838861046407938e-01,-1.969899428485444859e-01,-1.554958614801449646e-01,1.140015273113587167e-03,6.074259818918997973e-03,1.316083595647946913e-01,1.921170650701157362e-02,5.162925198033315941e-03,2.198760543352577465e-03,2.362789377836673529e-03,8.048060550670881833e-04,1.608707188802667096e-03,1.299590016720509732e-03,1.271096022822479354e-03,9.252221919230300528e-04,3.565941624058926313e-02,1.497277676950998018e-02,-3.013363210866051856e-02,-4.020921474741934176e-02,-2.186533477210170218e-02,-4.312091436012838175e-02,1.116662284268943178e-01,1.212405709550613830e-02,0.000000000000000000e+00,-8.233907045273731740e-01,-2.199575747021227379e-01,-1.035291425312572233e-01,-4.522975830791986507e-01,3.965639131179347632e-01,4.613096818390161058e-02,7.882555154994833058e-02,1.254790056038711521e-01,1.454107815307062457e-01,-1.493279679237691226e-02,1.013861622829159703e-01,-8.443134539394500648e-02,-4.114215500842750561e-01,1.310320120732053929e-04,4.505678782385093284e-03,1.147585530685259481e-01,-1.352871487242279236e-01,-7.570646007215400472e-03,2.716217661053782397e-04,1.604284605182507498e-03,3.546436852834495331e-04,1.381173946620265977e-03,-8.386538038183434518e-08,-2.399413915125293666e-03,2.294472173082425003e-04,-6.321173441407333671e-03
3.266787658802177557e-02,4.169780373058522283e-02,2.885678208581468951e+00,7.648435155723928847e-02,1.264684185171281450e-01,1.012397570070235203e-01,4.908243079240979731e-03,4.537205081669691553e-02,-2.313349623039366421e+01,2.150983374704833029e+00,-1.587780301401132910e+00,-5.221032265949642204e-01,1.799131505946656162e-01,-9.110025249768776145e-01,2.225521394130320352e-01,8.168266815887061938e-01,-1.972314049525461521e-01,-6.781905265916323700e-01,-1.806338704098035541e-01,-4.644159295144486554e-01,-9.862402448461857207e-03,3.056784853874476224e-03,1.055904110791210798e-02,8.299033737929306653e-02,6.437350015566256634e-02,3.508448293792824652e-03,2.606643092207509924e-03,7.991256543962637704e-04,5.530624524547181125e-04,5.901745601429458660e-04,1.433554220188263317e-03,1.142267647343598409e-03,1.251119080874410440e-03,2.690622203792875436e-02,-5.444646098003630419e-03,2.279928982916309965e-02,-3.693765166517306575e-01,-2.962625343355559937e-02,-3.377012546511082292e-02,-9.165644878150054631e-02,-1.267255739567685856e-02,9.074410163339360902e-04,1.100460145967680603e+00,4.642440799947071817e-01,-2.438519831099419388e-01,6.425884254156261077e-01,4.591304863921852331e-02,-6.241483594590653272e-01,1.273333626481112923e-01,2.646208726819114787e-01,-1.606045844832096892e-01,2.006427191986766001e-01,2.673500156948372397e-01,-2.674259866659041696e-01,1.456334590316831212e-01,1.916769580760889057e-03,4.484781288993110009e-03,-4.861802218550162480e-02,4.516179364865099272e-02,-1.654476904240491288e-03,4.078825488549324592e-04,-1.563663723440409867e-03,-2.517436026123700708e-04,-1.018532628659721230e-03,1.339642034677535846e-04,-1.288283754788809455e-04,3.258968889513803868e-04,-8.753194202660508766e-03
1.633393829401088779e-02,2.776539590101594762e-02,2.535636087973381692e+00,8.766254207673142285e-02,1.541611065753774046e-01,6.439579251567073559e-02,9.457582440047618971e-03,2.540834845735027298e-02,-2.365623480283982616e+01,2.219984661017567529e+00,-1.165213398863966132e+00,-3.141567251612255030e-01,-8.993320461813441025e-01,-7.002446539040563245e-01,6.967202861762383792e-01,-4.445562220505441114e-02,-4.732926957111355248e-02,-2.355855552166741529e-01,-7.873406906456389409e-01,-6.221656157100893259e-01,7.849818892534449200e-02,7.243643176518260209e-03,2.390796578070996520e-02,9.326552164507961873e-02,2.630236926931663055e-02,3.701766685697850060e-03,2.841294296191480481e-03,2.589220268121424084e-03,6.578258834727053776e-04,2.089720522473132239e-03,2.717662636533941471e-03,1.506519893079060358e-03,3.816868714231835304e-03,2.524104678937006893e-02,-1.633393829401088779e-02,-1.393240782956927520e-02,-3.500421206080872594e-01,1.117819051949213438e-02,2.769268805824925961e-02,-3.684396449135278473e-02,4.549339360806639240e-03,-1.996370235934664256e-02,-5.227385724461619532e-01,6.900128631273449997e-02,4.225669025371667775e-01,2.079465014337387174e-01,-1.079245196776009719e+00,2.107578710728212901e-01,4.741681467632063440e-01,-8.612823037937605841e-01,1.499021353814325996e-01,4.426049713749582448e-01,-6.067068202358354423e-01,-1.577496861956406704e-01,8.836059137380634920e-02,4.186858322643783985e-03,1.334892467279785722e-02,1.027518426578655220e-02,-3.807113088634593578e-02,1.933183919050254079e-04,2.346512039839705570e-04,1.790094613725160422e-03,1.047634310179872651e-04,1.499545962330186373e-03,1.284108416345678154e-03,3.642522457354619488e-04,2.565749633357424647e-03,-1.665175248558685428e-03
3.901996370235934902e-02,1.154417687089792210e-03,3.158731939495830865e+00,1.031826367188268812e-01,1.117116262183749931e-01,5.951532640880924374e-01,1.152668954355616331e-02,1.152450090744101679e-01,-2.669924864197991354e+01,1.704665778842775703e+00,2.339254117053106707e-01,-3.019819467628107601e-01,-1.034368673843692049e-01,-3.901321136632859288e-01,1.772839022093954664e-01,4.573821001020635935e-01,1.118606045758043788e-01,-3.296476112375259504e-01,-2.789973039408243927e-01,-9.343121481900995562e-02,-1.241608040835231325e-01,3.917925948099658731e-03,6.152002884776389471e-03,1.305088742457337081e-01,2.974073751103510979e-02,3.678439757865251819e-03,3.368969026545934591e-03,3.284896269171679040e-02,6.089582473537078757e-04,2.311953424400646842e-03,8.043780123619340833e-03,1.621439696528366101e-02,1.864598975045214787e-03,3.492919303161369504e-02,2.268602540834846124e-02,-2.661097821392615498e-02,6.230958515224491734e-01,1.552009464209545830e-02,-4.244948035700241151e-02,5.307574715724217018e-01,2.069107103508544335e-03,8.983666061705988803e-02,-3.043013839140087384e+00,-5.153188821747918258e-01,1.399138810569276803e+00,1.217477839841474285e-02,7.958951787969749114e-01,3.101125402407703957e-01,-5.194363839668428851e-01,5.018377223071179838e-01,1.591898741469179313e-01,-9.406205602085179751e-02,5.083433867048146038e-01,5.287344008910793702e-01,-2.026589930088676383e-01,-3.325717228418601477e-03,-1.775596289593357746e-02,3.724335260065408937e-02,3.438368241718479240e-03,-2.332692783259824112e-05,5.276747303544541100e-04,3.025974242359536631e-02,-4.886763611899750184e-05,2.222329019275146034e-04,5.326117487085399796e-03,1.470787707220460108e-02,-1.952269739186620516e-03,9.688146242243626111e-03
3.992740471869328511e-02,2.072685728084215639e-02,2.681720575228907499e+00,8.157336901966194542e-02,1.034800828774996156e-01,1.770230634761313926e-01,1.441311092712989524e-02,2.087114337568058212e-02,-2.419611133209185994e+01,2.078498968337824770e+00,5.522224566277598168e-01,-5.171792359127780347e-01,-1.102528867506960886e+00,-3.581079320896344287e-01,-1.253771680526113153e-01,3.398367613855539648e-01,5.988046992758124798e-01,-2.826227402010985101e-01,-2.933073458048848225e-01,-2.856714645580072931e-01,-8.530193852861240877e-01,8.593347081821710309e-02,6.522473973715434137e-02,4.652229263107900137e-02,1.590467441230054152e-03,1.255693041707035612e-03,9.135379604837510917e-04,3.771937381563407118e-03,6.950018201462051766e-04,1.726050247980055350e-03,4.386211082484524522e-03,9.080320210533442474e-03,1.399299331722388476e-02,2.816256675500114146e-02,9.074410163339360902e-04,1.957243959375236375e-02,-4.770113642669233656e-01,-2.160926769916493573e-02,-8.231543340875377424e-03,-4.181302006119610448e-01,2.886421383573731930e-03,-9.437386569872958930e-02,2.503137309888053608e+00,3.738331894950490675e-01,3.182970449224491460e-01,-2.151972891499672746e-01,-9.990920001225916947e-01,3.202418157365150009e-02,-3.026610702620067817e-01,-1.175453387165096286e-01,4.869440947000081010e-01,4.702487103642744026e-02,-1.431004186406042988e-02,-1.922402497389973375e-01,-7.288585812026009414e-01,8.201554487011744610e-02,5.907273685237795363e-02,-8.398658161465470673e-02,-2.815027006980505564e-02,-2.422746716158215990e-03,-2.455431066062183608e-03,-2.907702531015338154e-02,8.604357279249730088e-05,-5.859031764205914917e-04,-3.657569041134816311e-03,-7.134076754750218533e-03,1.212839434217866975e-02,-6.766626276612553587e-03
1.769509981851179539e-02,9.133785369112592221e-04,3.178651345216297663e+00,1.217722696188252574e-01,2.018052210989533246e-01,1.556751231436726002e-01,1.039226547929679619e-02,2.903811252268602427e-02,-2.737012439742158421e+01,2.601720675532876559e+00,-6.232957613142375147e-02,1.896626824702273700e-02,-3.089881207918581674e-01,-1.055012465347397455e-01,5.441032748763603710e-02,7.965441741735675152e-02,1.449573586639572864e-01,-2.299022789010520817e-01,-2.476602064625414990e-01,-2.372192648697394046e-01,-4.184717156995082510e-01,3.190812159838356948e-02,2.497178036951123656e-02,4.866663233699170671e-02,3.682345106667479079e-02,5.256062885427939882e-03,2.901539832084795451e-03,6.109475016405897796e-02,2.744115147675177738e-03,3.571308513616645777e-03,9.084691411916997680e-03,3.653553769045850275e-02,1.209180338808702425e-02,1.911960557767607150e-02,-2.223230490018148972e-02,-1.981347874393089847e-02,4.969307699873901640e-01,4.019890059916331193e-02,9.832513822145370896e-02,-2.134794033245879241e-02,-4.020845447833099051e-03,8.166969147005442159e-03,-3.174013065329724270e+00,5.232217071950517884e-01,-6.145520327591835752e-01,5.361455041598007787e-01,7.935407467151027738e-01,2.526066855548946832e-01,1.797874955402473662e-01,-2.601823439681972272e-01,-4.538473406118551656e-01,5.272046130004642839e-02,4.564713934234332360e-02,4.845219968826788848e-02,4.345476695866158368e-01,-5.402534921983353361e-02,-4.025295936764310134e-02,2.144339705912705341e-03,3.523298362544473317e-02,4.000369843720904053e-03,1.988001871601044468e-03,5.732281278249556911e-02,2.049113327528972670e-03,1.845258265636590426e-03,4.698480329432473158e-03,2.745521747992506201e-02,-1.901189929136860510e-03,-9.042961177325069960e-03
6.760435571687840872e-02,5.026605813477993262e-03,2.214397448737714491e+00,1.315416801073197028e-01,1.505543218839532627e-01,5.694488457456131636e-01,1.015370481861366074e-02,8.348457350272232846e-02,-2.490895488931841939e+01,8.110635940911572472e-01,-6.270434390176050643e-01,6.032369582241741135e-01,-9.557589830776740403e-01,1.743354001298667022e-01,6.656724705626841931e-01,-2.301690396568971120e-01,6.902967604883148978e-01,7.197252029237100057e-02,-1.265989825207413932e-01,1.037812495603904067e-01,-3.458457606833160725e-01,6.114619898071258809e-03,9.194967527980754674e-03,4.301993325658236972e-03,3.263918530812519574e-03,3.031071989137157797e-03,3.797005128491207689e-03,7.136004762199613799e-03,1.460813181897834510e-03,3.225822702777584542e-03,9.501092987337931076e-03,6.847626824683272946e-03,1.888394621385468264e-02,4.480827426761493926e-03,4.990925589836661680e-02,4.113227276566733606e-03,-9.642538964785831723e-01,9.769410488494445488e-03,-5.125089921500006196e-02,4.137737226019405634e-01,-2.385606606831354448e-04,5.444646098003630419e-02,2.461169508103164816e+00,-1.790657081441719312e+00,-5.647138628861813059e-01,5.842706899771513696e-01,-6.467708622858159284e-01,2.798366466646064477e-01,6.112621430750481144e-01,-3.098234570742538496e-01,5.453394018243575836e-01,3.018747991934230823e-01,1.210612239418001057e-01,3.410005144301297975e-01,7.262595501619217853e-02,-2.579350170031231154e-02,-1.577681284153048188e-02,-4.436463901133347321e-02,-3.355953253586227425e-02,-2.224990896290782085e-03,8.954652964064122381e-04,-5.395874540185936763e-02,-1.283301965777343227e-03,-3.454858108390612345e-04,4.164015754209333953e-04,-2.968791086577523067e-02,6.792142825767658390e-03,-1.463877815091457757e-02
7.350272232304899678e-02,4.308047047689649717e-03,3.205386522682143191e+00,1.107066397503776028e-01,1.010589353971547283e-01,5.468066397583565275e-01,3.905811419924764150e-03,9.346642468239564627e-02,-2.490129875201255771e+01,1.641853379239076594e-01,-3.487971950544194732e-01,1.021299958609002800e+00,-4.077896139288962885e-01,4.432829535142772392e-02,6.064113956181838017e-01,-2.036270366908239371e-01,-1.680844656569816659e-02,-1.828821669283110518e-01,-3.930881497942017577e-01,2.087687079909744947e-01,2.928231176891362142e-01,5.380195872257594221e-03,1.919879446899254785e-03,9.975704281616037949e-03,1.784435181568288196e-03,8.986325003692712671e-03,7.369511876193238220e-03,1.389086279066974183e-02,5.052662742760612863e-03,4.728218528921421596e-03,7.139709425634976209e-03,9.614294856209125960e-04,4.446053344130979079e-03,3.597137998150502173e-03,5.898366606170588056e-03,-7.185587657883435453e-04,9.909890739444287000e-01,-2.083504035694209999e-02,-4.949538648679853436e-02,-2.264220598725663613e-02,-6.247893398688897024e-03,9.981851179673317809e-03,7.656137305861676623e-03,-6.468782561672495879e-01,2.782462439631855911e-01,4.180630003848286869e-01,5.479693691487776963e-01,-1.300071047784389644e-01,-5.926107494450039148e-02,2.654200296607317489e-02,-7.071052070540130297e-01,-2.548546872206820524e-01,-2.664891672734603922e-01,1.049874584305840880e-01,6.386688783724523422e-01,-7.344240258136645882e-04,-7.275088081081499888e-03,5.673710955957800978e-03,-1.479483349244231378e-03,5.955253014555555308e-03,3.572506747702030531e-03,6.754858028470128034e-03,3.591849560862778352e-03,1.502395826143837054e-03,-2.361383561702954867e-03,-5.886197339062360784e-03,-1.443789286972370356e-02,-8.836894286109917528e-04
3.312159709618874709e-02,5.042210110436189802e-02,3.054223100297501325e+00,8.201300927865254331e-02,1.270221355559651988e-01,7.483181219700513198e-02,2.429681077913295809e-02,4.990925589836660292e-02,-2.360441093290450354e+01,1.993365974186708911e+00,-1.907985630482162076e+00,-3.687356362309917590e-01,5.617326143144740769e-01,-3.490633126435420674e-01,5.544613494380290497e-01,-1.152247716557452811e-01,-8.181773938494987242e-01,-8.538782125398451939e-01,-2.411398537606007086e-01,5.287376737256754833e-01,3.943372251428891584e-01,9.332694338116484132e-04,3.617410687495316258e-04,2.719775049452113208e-03,4.095633467304429093e-03,8.477882626344766803e-02,3.519524949498232386e-02,1.582894554345459131e-03,1.124298943863540848e-03,4.993668320789361372e-04,5.126381133219463839e-04,5.069262217630035681e-04,7.993509102747341222e-03,2.394320669884354019e-02,-4.038112522686024969e-02,4.611405405667225177e-02,-1.511634223846418656e-01,-2.869363047172505954e-02,2.596320015881047050e-02,-4.719748275613513955e-01,2.039099935920819437e-02,-4.355716878402904335e-02,1.296887819108054174e+00,1.829180636262801141e+00,-1.559188435427742547e+00,-1.390035594839994504e+00,9.695222282433704208e-01,-3.933916079949698053e-01,-5.195004618015475195e-02,8.840226503507865596e-02,-8.013689472838005923e-01,-6.709960456115341421e-01,1.519482960336010491e-01,3.199689657347010163e-01,1.015141074537529442e-01,-4.446926438445945699e-03,-1.558138378149723051e-03,-7.255929232163924741e-03,2.311198285736140896e-03,7.579250125975495189e-02,2.782573761878908564e-02,-1.230796823632428205e-02,-3.928363798897072448e-03,-4.228851696842485242e-03,-6.627071312313029608e-03,-4.545032638579090279e-04,3.547455758616362143e-03,2.034606870069303672e-02
2.903811252268602427e-02,2.239567918253256018e-02,3.254701844042536152e+00,7.064106560604510587e-02,1.098785202792886967e-01,6.287694346669639445e-02,2.744211964819865540e-02,4.174228675136116423e-02,-2.444384467648128734e+01,2.271721270918182878e+00,-1.853896763409203841e+00,-7.567751175006002251e-01,1.423374059886185483e-01,-6.489927701787036041e-01,3.332026781283292660e-02,-4.480641857968298281e-01,-7.262653553183202604e-01,-3.907840012932656260e-02,2.362565096472366566e-01,8.214084828117607096e-01,4.466576746888825111e-01,4.636543864902358848e-03,2.979279533066659172e-02,2.498309359211579091e-03,1.310556837056860288e-03,5.446650275108553055e-03,3.553026140350740159e-02,1.483772930705026527e-01,4.650188286232067973e-03,1.679169431650968936e-02,9.435330081245719589e-04,1.084243527266917553e-03,2.564039670924084680e-03,3.997568253924482784e-02,-4.083484573502722814e-03,-2.802642192182933784e-02,2.004787437450348264e-01,-1.137194367260743744e-02,-1.714361527667650209e-02,-1.195486873030873753e-02,3.145308869065697316e-03,-8.166969147005438689e-03,-8.394337435767837974e-01,2.783552967314739668e-01,5.408886707295823548e-02,-3.880394812696084661e-01,-4.193952083258555286e-01,-2.999294575351615366e-01,-5.211410816251961231e-01,-3.328394141410845330e-01,9.191203853117846378e-02,8.147998124105186868e-01,4.773963634078373652e-01,2.926708090860852263e-01,5.232044954599335274e-02,3.703274431090710327e-03,2.943105426191705912e-02,-2.214656902405341167e-04,-2.785076630247568588e-03,-7.933217598833910977e-02,3.350119085250777284e-04,1.467943985161571929e-01,3.525889342368527125e-03,1.629232748443075474e-02,4.308948948026255750e-04,5.773173055039139846e-04,-5.429469431823256975e-03,1.603247584040128765e-02
2.404718693284936537e-02,2.235610980809649151e-02,3.213928790127508428e+00,1.133041728185351232e-01,1.889335096332447061e-01,9.353586903253005569e-02,1.959189867612912833e-02,3.539019963702359078e-02,-2.385371245346740920e+01,2.435580332102957435e+00,-1.562671380272720345e+00,-1.333858416785383749e+00,-1.583550836633556280e-01,-1.782866551650806874e-01,-1.655741492572684881e-01,-1.276492869193983359e-01,-1.402034823023649013e-01,-7.936505867825630611e-01,-5.931454369134716575e-01,5.288302060076166544e-02,3.522036735387005235e-01,6.863156930895344780e-03,7.800394509707147574e-03,2.746247779117045110e-02,2.597600857162911045e-02,6.491668440218055502e-02,1.743862179866690135e-02,1.236660808289970909e-02,8.081626787553507175e-04,2.658390547083911652e-03,3.821260579862505169e-03,5.403256175376388269e-03,6.672323907109019812e-03,1.717100856560206321e-02,-4.990925589836658904e-03,-3.956937443606867166e-05,-4.077305391502772380e-02,4.266310721249001736e-02,7.905498935395600946e-02,3.065892556583366124e-02,-7.850220972069527070e-03,-6.352087114337573448e-03,5.901322230138781322e-01,1.638590611847745571e-01,2.912253831364834955e-01,-5.770832992847835241e-01,-3.006924896519741486e-01,4.707061150136229166e-01,-1.988944170701014147e-01,3.204148988774314644e-01,5.860618730159553591e-01,-7.545721866532364430e-01,-8.294019465607083141e-01,-7.685254622109990441e-01,-9.445400115018198761e-02,2.226613065992985932e-03,-2.199240082095944501e-02,2.496416843195887331e-02,2.466545173457225168e-02,5.947003412707200370e-02,-1.809163960484050024e-02,-1.360106849876029367e-01,-3.842025607476717147e-03,-1.413330376942577814e-02,2.877727571737933102e-03,4.319012648109471150e-03,4.108284236184934698e-03,-2.280467397364276463e-02
1.860254083484573495e-02,2.892629310558518518e-02,3.105370831876976823e+00,9.954695490505606481e-02,1.909033478268900019e-01,3.523244571721756424e-02,1.916678715385389253e-02,2.268602540834845777e-02,-2.371187265156939361e+01,3.638806383970766056e+00,-4.645978365240719388e-01,-4.125825748406581339e-01,-2.380851559611720791e-01,-4.905295388696472303e-01,-7.897563731140937460e-01,-1.152042189960068158e-02,1.019062268052826070e-01,-3.815238486954267150e-02,1.175740293538811432e-01,1.224469738795838508e-01,-1.253146576136890747e-02,1.016048155608739560e-02,1.184258055257983444e-02,1.169644116497063277e-02,6.239253106754895015e-03,5.551401181714337232e-03,1.077425309016515412e-02,2.250597670865064556e-02,4.751682502163098992e-04,4.903521515601451386e-02,4.153466142023922586e-02,3.545692811360663665e-02,1.353634066499053747e-02,1.486915300135746229e-02,-5.444646098003630419e-03,6.570183297488693674e-03,-1.085579582505316054e-01,-1.375721791347905842e-02,1.969838193645295776e-03,-5.830342331531249145e-02,-4.251115222752357981e-04,-1.270417422867513302e-02,1.418398018980155939e-01,1.203226051867808621e+00,1.098073543748648406e+00,9.212758419447255598e-01,-7.973007229781645111e-02,-3.122428837045665428e-01,-6.241822238568253134e-01,1.161288650197976613e-01,2.421097091076475083e-01,7.554982019130204174e-01,7.107194662673528285e-01,6.956395327882218538e-02,-3.647351393000694553e-01,3.297324625192050822e-03,4.042186042872686867e-03,-1.576603662619981833e-02,-1.973675546487421717e-02,-5.936528322046621953e-02,-6.664368708501747229e-03,1.013936862575093648e-02,-3.329944285390408184e-04,4.637682460893060438e-02,3.771340084037672069e-02,3.005367193823024752e-02,6.864016757881517654e-03,-2.301855564244600916e-03
1.406533575317604409e-02,1.281167391149953295e-02,3.218804259041149862e+00,8.717092502676145049e-02,1.633763726420869866e-01,4.727373418161241736e-02,1.753831884162491278e-02,1.905626134301270300e-02,-2.481085356443092138e+01,3.091839438018598507e+00,2.130774886635045107e-01,7.580632494908065011e-01,-4.035411757381361930e-01,-3.841808950179709942e-02,1.985641699672490712e-01,-1.726028822148350517e-01,4.069283795383570324e-01,2.222073436545890235e-01,3.629177114024948470e-01,2.039928688337062090e-01,-4.109353652342120217e-02,1.212097253870699984e-02,3.642055087442424774e-03,8.951402840821078358e-03,1.067024635318658760e-03,6.382348955702668580e-02,8.628024128099846465e-03,1.189030302053412369e-01,8.090087791932951220e-04,3.404520662774772419e-03,1.003543578760674598e-02,8.664998217905029235e-03,2.601994523631551582e-03,3.393057047390792696e-02,-4.537205081669690859e-03,-1.611461919408565396e-02,1.134334271641730396e-01,-1.237602987829461432e-02,-2.752697518480301531e-02,1.204128846439485312e-02,-1.628468312228979753e-03,-3.629764065335754769e-03,-1.098980912861527770e+00,-5.469669459521675492e-01,6.776753251875764494e-01,1.170645824331464580e+00,-1.654560197769641139e-01,4.521114493678501378e-01,9.883205430813428727e-01,-1.610824603152343770e-01,3.050221527330744253e-01,2.603597285241316950e-01,2.453436820486137038e-01,8.154589495412235822e-02,-2.856207076205229470e-02,1.960490982619604236e-03,-8.200525465137409667e-03,-2.745038324149554412e-03,-5.172228471436236472e-03,5.827208837531235031e-02,-2.146228962065307652e-03,9.639705349669058787e-02,3.338405289769852229e-04,-4.563069449323974014e-02,-3.149922563263247988e-02,-2.679192989570160915e-02,-1.093434614135898632e-02,1.906141747255046467e-02
2.903811252268602427e-02,2.824935609335518794e-02,2.917322199916627223e+00,6.895136571544081827e-02,1.112435797938700899e-01,5.818125406181749726e-02,1.764753484628391739e-02,3.992740471869328511e-02,-2.285137170656107131e+01,2.540181516617153967e+00,-1.457866091827234145e+00,2.234936615776625390e-01,-1.155774093067795383e-01,2.461249899737876778e-01,2.241719328066976158e-01,-3.100404134021930158e-01,2.581764213860322510e-01,2.220302661199473893e-01,-1.837524907291915310e-01,4.165624162323334767e-01,-9.254037460131465942e-02,6.662642685538593644e-03,1.030266302870961118e-03,7.464360223556835115e-03,1.325127526678547898e-02,8.270823504799958842e-03,1.632393532039496655e-03,1.850530893434823923e-02,7.272874706468782265e-03,3.503408473102529591e-02,7.526339376493965116e-02,6.292816868275761741e-03,4.201271438643204570e-03,2.009137928536790241e-02,1.497277676950998018e-02,1.543768218185565498e-02,-3.014820591245226389e-01,-1.821955931132063222e-02,-5.213279284821689674e-02,1.090751988020507990e-02,1.092160046590046063e-04,2.087114337568058212e-02,1.959481857869850074e+00,-5.516579214014445398e-01,-1.670943580490738656e+00,-5.345695879131440176e-01,2.879637664313566825e-01,2.845430794755847703e-01,2.560776283944854459e-02,-1.374375311873579641e-01,-1.487519581523247814e-01,-1.770775346416342266e-04,-5.466702021316863780e-01,2.125695473986272677e-01,-5.144683807789345725e-02,-5.458329853168406194e-03,-2.611788784571463656e-03,-1.487042617264243242e-03,1.218425063146682044e-02,-5.555266605222672349e-02,-6.995630596060349593e-03,-1.003977212709930011e-01,6.463865927275487359e-03,3.162956406825052219e-02,6.522795797733291212e-02,-2.372181349629267494e-03,1.599276915011652988e-03,-1.383919118854002456e-02
3.675136116152449839e-02,4.825753201645066603e-02,3.087176496956959060e+00,8.001037788336694268e-02,1.171781348318323285e-01,1.466673605945121028e-01,1.801872124206590001e-02,5.898366606170599158e-02,-2.257605428012810478e+01,1.064059607782396721e+00,-1.990649174685001466e+00,1.249429247456746439e-01,-1.893229657976736591e-01,1.987979813753364133e-02,3.007825964836738364e-01,-4.176765626141273197e-02,-1.753730866362004925e-01,4.867785443577243298e-01,-3.491422097134387337e-01,5.773937201499614869e-01,1.576131313575609705e-01,3.323618852473305893e-03,5.110480482223225471e-03,9.470567309023906338e-04,1.539894672289435044e-03,1.881407097454413507e-02,2.092623643355359924e-03,2.832324836123000910e-03,7.641560529214869559e-04,8.570523795039731345e-04,6.777682519268522776e-02,1.106400432010326215e-02,9.923716415362459232e-04,1.826122451112732054e-02,7.713248638838474114e-03,2.000817592309547810e-02,1.698542970403318364e-01,1.105901216792612440e-02,5.934555037962238599e-03,8.848610653269460558e-02,3.711863957819826199e-04,1.905626134301270647e-02,2.753174264329665277e-01,-1.476121908834757246e+00,-5.327830828577673206e-01,-9.855073683198789514e-02,-7.374555649089412079e-02,-2.262451918362540226e-01,7.661066367697622059e-02,2.682727571407803047e-01,-4.335495080222327435e-01,2.647482782377769128e-01,-1.653897189842472026e-01,1.608313039176280101e-01,2.501535059588756438e-01,-3.339023833065287751e-03,4.080214179352264353e-03,-6.517303492654444481e-03,-1.171138059449604307e-02,1.054324746974417623e-02,4.602301113158632686e-04,-1.567298409822523789e-02,-6.508718653547295417e-03,-3.417703235152132202e-02,-7.486568572254423404e-03,4.771187451827500411e-03,-3.208899797106958864e-03,-1.830154774240581872e-03
2.676950998185118058e-02,1.943208862087177774e-02,2.496576436442855318e+00,8.953800211978829582e-02,1.503979085426548901e-01,1.063216731399725112e-01,2.301565344622768378e-02,4.718693284936479465e-02,-2.363333029496778437e+01,2.141726478185292937e+00,-1.328885434599611948e+00,6.248486314813403442e-02,-2.158116515000896019e-01,-5.628147022241262176e-01,3.986226762773169979e-02,-1.950380298060246376e-01,-3.792962346421670516e-01,3.186296852032118321e-01,-1.197551718852961633e-01,-1.229554758280873988e-01,-8.857916058925799918e-01,5.311670247421447499e-02,4.333938450088625077e-03,9.567930680129959828e-03,1.059977297877427727e-02,2.126776476023645342e-03,1.795089826023774267e-03,4.925151887090892244e-02,1.176068911230358262e-02,1.845497253999552924e-03,2.306696249804189927e-03,8.873091752894716674e-03,4.634741391573606040e-02,1.926475084417452605e-02,-9.981851179673317809e-03,-2.882544339557888829e-02,-5.906000605141037418e-01,9.527624236421353143e-03,3.321977371082256159e-02,-4.034568745453959160e-02,4.996932204161783769e-03,-1.179673321234119693e-02,-1.057276014839679590e+00,1.077666870402896215e+00,6.617637400853895180e-01,-6.245806159754060949e-02,-2.648868570241594278e-02,-5.826945003616598173e-01,-2.609203288559421297e-01,-1.532703735446118987e-01,-2.039231480059665591e-01,-1.681488591545124978e-01,2.293870378281425704e-01,-7.003491959780488996e-01,-1.043404737250140935e+00,4.979308362174116737e-02,-7.765420321346003935e-04,8.620873949227569194e-03,9.059878306484841354e-03,-1.668729449852049060e-02,-2.975338173315856573e-04,4.641919403478592110e-02,1.099653305938209577e-02,9.884448744955798977e-04,-6.547012894288103957e-02,-2.190912567208545478e-03,4.535504227419981382e-02,1.003526333047205510e-03
3.266787658802177557e-02,1.012888164516683766e-02,2.149925244777104894e+00,8.188271734096197463e-02,1.325815227043213584e-01,1.725025331600985035e-01,5.485539262413713368e-03,5.535390199637023334e-02,-2.410569513220001525e+01,2.448012763323389684e+00,-8.640907674610129874e-01,-2.274241890480004080e-01,-6.424354006253778504e-01,-7.582986609443957970e-01,-7.294339275287815491e-03,-6.516914206942817644e-01,-6.177735337717162045e-02,1.207100159678417828e-01,-1.062087996638579751e-01,2.348338278061956608e-02,-5.163236916438439517e-01,4.660922876300471751e-02,1.041295332715726565e-02,1.783409809774124180e-02,7.597659542388541729e-03,6.107049685212873232e-03,7.998503968005834033e-03,2.152787345846268741e-02,9.177642646987825906e-03,1.055072546394045241e-02,1.875712561933301492e-02,3.138576663177134601e-02,3.705234663500313330e-02,1.260789649611794919e-02,5.898366606170594995e-03,-9.303206975704940082e-03,-3.466511916657504244e-01,-7.655284778826321190e-03,-1.781638583833353162e-02,6.618086002012599223e-02,-1.753011418381397041e-02,8.166969147005438689e-03,-4.723648372322308830e-01,3.062862851380967477e-01,4.647946671385989603e-01,-2.899090521961344424e-01,-4.266237491252882208e-01,-1.954839587202695794e-01,-4.715660690301951702e-02,-4.566533908882571269e-01,3.175188812649954451e-01,-1.979196692353700493e-01,1.354637222143818820e-02,1.464388586087069788e-01,3.694679142487360402e-01,-6.507473711209757483e-03,6.079014877068640577e-03,8.266167417611281973e-03,-3.002113436385735537e-03,3.980273209189227890e-03,6.203414141982059767e-03,-2.772364541244623504e-02,-2.583046465315756712e-03,8.705228209940900352e-03,1.645042936952882673e-02,2.251267487887662760e-02,-9.295067280732927095e-03,-6.656854348056576859e-03
7.078039927404718157e-02,5.934847092467109746e-04,3.239258114285116452e+00,1.198038521721531968e-01,1.174675319479658447e-01,8.603522291184707571e-01,7.664875454373294011e-03,1.742286751361161456e-01,-2.695008349944771098e+01,1.546617131805567258e+00,-3.786900788632190373e-01,1.440742447454599617e-01,-1.172845640260861549e-01,-2.171552444987506682e-03,3.006721076633434575e-01,-5.224491669192493637e-02,-2.451999634691794383e-01,1.986568571654863391e-02,-1.367353788205165066e-01,6.368749022720424091e-02,-9.251693721005224691e-02,3.150172559412139917e-02,4.921767336532266099e-03,2.071177041563189089e-02,4.836494943713808697e-03,1.928061070555099968e-02,1.560517299273204116e-02,1.306736421071946763e-02,4.466821466199828901e-03,2.771626537436062358e-03,3.353984094748748562e-02,3.568977330214296098e-03,3.001786969666875218e-03,1.067714254911081642e-02,3.811252268602540599e-02,-9.535396935920125924e-03,1.089332869508011559e+00,3.792113483119122219e-02,-1.511399075635551370e-02,6.878496959583721981e-01,2.179336191959580643e-03,1.188747731397459123e-01,-2.844388367247695726e+00,-9.013956315178224266e-01,4.854006885977939501e-01,3.714984337934603698e-01,5.251508365992917371e-01,7.561271084994083402e-01,3.079664469386312886e-01,5.994465040023568836e-01,-1.834226100920078317e-01,-1.008443302512931489e-01,-3.052657915665853150e-02,4.020410744658467483e-02,4.238067544337916770e-01,-1.510750316888331835e-02,-5.491185990624999555e-03,2.877672317890649090e-03,-2.761164598674733031e-03,1.317356102033812731e-02,7.606669024726207123e-03,-8.460509247743219774e-03,-4.710821180787997005e-03,-7.779098926504390485e-03,1.478271532815447070e-02,-2.781678930155705165e-02,-3.405055966533625939e-02,-1.930753947007132765e-03
3.584392014519056230e-02,1.680818970360594550e-02,2.767666518830605327e+00,6.784266842123092001e-02,9.194835808663419374e-02,1.559793442605097724e-01,1.113644482570764691e-02,4.537205081669691553e-02,-2.417507978174504757e+01,2.611532227263420491e+00,-1.439573151493177772e+00,-8.522570119408814371e-01,4.562361906107855747e-01,-8.673270261499805844e-01,4.640451789675561489e-01,4.518681974131876222e-01,1.880852981574101523e-01,5.027192331513809231e-02,1.390587697584860782e-02,-3.080033765094079001e-01,-6.905104794307808103e-01,5.918022973001304393e-02,1.634065296617914428e-02,2.336121448456864383e-02,3.010425320009639180e-03,2.090920398622388154e-03,9.766068515505979195e-03,1.535939821417564924e-02,6.445164770897641483e-03,1.111464867325511483e-03,2.949565026105759394e-03,2.312213936481458815e-02,5.154171961675775571e-02,1.843039339240244365e-02,-3.493647912885661927e-02,1.621470499435923376e-02,-4.715915954545111255e-01,-5.196118375092227681e-02,-2.551917386133165100e-02,-7.043728848579610125e-01,3.471569371334352894e-03,-1.288566243194192440e-01,2.775003717702663408e+00,1.064915095457853234e+00,-1.060883072629958734e+00,-9.963312566863413711e-01,5.735207546368716880e-01,-8.651554737049931276e-01,1.633730713042126914e-01,5.041131141051125031e-01,4.332852616265895906e-01,3.040623759858945840e-02,1.506412557963651144e-01,-3.716908667366121133e-01,-5.979935422207285356e-01,2.767850413589164477e-02,1.141888562964687819e-02,2.649444068936752938e-03,-1.826069623704169517e-03,-1.718969030692861152e-02,-5.839104477226061962e-03,2.292034003456181607e-03,1.978343304697812582e-03,-1.660161670110550875e-03,-3.059027592138172796e-02,1.955316203460029378e-02,4.853993264709088179e-02,7.753250843291627226e-03
4.446460980036297944e-02,1.504020641176224103e-03,3.187035762581936549e+00,9.260562894822002566e-02,1.131914869928915407e-01,3.084682767671819148e-01,7.309803571352943390e-03,3.448275862068965469e-02,-2.705887338863944791e+01,3.008350101403549637e+00,-3.293419537289948851e-01,-6.929920441301400391e-01,9.471150893519163227e-02,-1.086012578702513220e-01,2.238656912303759738e-01,-2.428292840691501364e-01,3.103102094916080356e-01,-5.144754914776302618e-02,5.198236453373457355e-02,-2.545960166368875233e-01,-1.788788640538475638e-01,4.217663353034545315e-02,3.617780317102463773e-03,5.700873368851972628e-02,1.010291629154114364e-02,1.441496241657755535e-02,2.624506775534634750e-03,5.632951837308305780e-03,9.313384355365684868e-04,4.490469413184068961e-03,3.636491170046240312e-02,3.303768008307020332e-02,2.775674710690841443e-02,1.795625940840521809e-02,8.620689655172417143e-03,-1.530416906242972053e-02,4.193692437513312221e-01,2.476296052698910566e-02,2.124312890625734696e-02,1.524889325066721424e-01,-3.826641254354703515e-03,-1.088929219600726084e-02,-2.883793606894400341e+00,3.968178741401291454e-01,1.110231197764182998e+00,1.592649678107413980e-01,-3.615246816755939285e-01,7.587257682797292624e-01,-2.401794877371801751e-01,-6.946974814823377864e-01,1.222249113341978832e-01,-1.017194724629011116e-01,3.807648755788596573e-02,5.340735987252037686e-02,5.116316153769332464e-01,-1.700359619966759078e-02,-1.272287264907668095e-02,3.364751920395107898e-02,7.092490971531504457e-03,1.232404201795516720e-02,-7.141561739971344011e-03,-9.726446376867342591e-03,-5.513826335361073430e-03,3.379004545858557695e-03,3.341534667435664546e-02,9.915540718255615171e-03,-2.378497250984934128e-02,-4.741339839972255610e-04
2.087114337568058212e-02,5.479344497538331943e-02,3.010940716489645119e+00,8.433688023247876142e-02,1.646547666997666970e-01,3.269297425299554777e-02,2.820350831433344682e-02,2.903811252268602427e-02,-2.468074483996871038e+01,3.770661269648896585e+00,-8.989903001348111822e-01,-1.503315922180341602e+00,-7.434752797845109451e-02,-2.400278131461155984e-01,-2.024150066214374100e-01,-5.555019095142739172e-01,3.227674747861144500e-01,1.421861737729514241e-02,-4.678912824494143030e-01,-8.756469525819745581e-01,-5.742988854968545942e-01,5.593542903857736531e-02,9.013449970414094681e-02,3.032332045713312732e-02,1.198809220652415509e-03,8.461095873208399109e-04,5.367670494878065994e-04,1.380830817056429016e-03,5.679969287442834108e-02,8.427962038261211687e-04,1.421746617197915379e-03,3.797167848482007474e-03,6.565640023809844045e-03,2.924612098802803484e-02,-2.359346642468239733e-02,5.328942433420709446e-02,-1.760950460922914296e-01,-8.268748715741264244e-03,5.146327970687515629e-02,-2.757753025141863601e-01,2.089370474298050256e-02,-5.444646098003630419e-03,2.378128548670737530e+00,7.623111682453469484e-01,-5.696483464058162971e-01,-8.103238780502015626e-01,-1.690590369136427129e-01,-1.314265552758642763e-01,-4.262806978518133838e-01,-3.126726254451237530e-01,1.245726529450641440e-02,6.566616652505816165e-02,-5.198736469831488627e-01,-6.210509359450870903e-01,-3.954200214430070304e-01,1.375879550823191216e-02,8.651671938703847653e-02,-2.668541323138659896e-02,-8.904107070888728562e-03,-1.356885282925671468e-02,-2.087739726046828042e-03,-4.252121020251876764e-03,5.586835443889177216e-02,-3.647673209357947793e-03,-3.494316508326449078e-02,-2.924051223458819584e-02,-2.119110708309857039e-02,1.128986157962281675e-02
2.087114337568058212e-02,4.006669814941748314e-02,3.280559105612026904e+00,9.470572688314587984e-02,1.705887117432423328e-01,5.678800234345687120e-02,2.346085713340632581e-02,3.811252268602540599e-02,-2.470119586197850836e+01,3.148845572802111192e+00,-9.307616974084746975e-01,-1.012158353217531781e+00,2.018161422874982236e-01,-5.425527803924819203e-02,-3.844327529307060010e-01,-6.995838420241669020e-01,5.003648442623487291e-01,2.645124762516530836e-01,8.557806415140903344e-02,-7.567603540372132009e-01,-5.971329703477006312e-01,1.527675499831400441e-01,6.652440205501095223e-03,5.842086568901365060e-03,1.916259772754259688e-03,8.970315684861608803e-04,1.281656219415141162e-03,3.852753261470720503e-02,1.441598005541563920e-02,2.168091201878027344e-03,1.694001346016608912e-03,1.880953156848878382e-03,3.633535959262067586e-03,4.149906969534350454e-02,0.000000000000000000e+00,-1.472674682596583629e-02,2.696183891223817852e-01,1.036884665066711841e-02,5.933945043475635783e-03,2.409502809046132343e-02,-4.742651180927121013e-03,9.074410163339381719e-03,-2.045102200979798113e-02,-6.218156968467853929e-01,-3.177139727366351529e-02,4.911575689628098207e-01,2.761636702659493459e-01,1.857725351068674202e-01,-1.820177463092685910e-01,-1.440819325098929848e-01,1.775973694762342792e-01,2.502938588743579551e-01,5.534693466008233642e-01,1.188865985447613571e-01,-2.283408485084603701e-02,9.683212094456267183e-02,-8.348205949863984898e-02,-2.448123388823176400e-02,7.174505521018441790e-04,5.092198116532096943e-05,7.448891699273345627e-04,3.714670179765077601e-02,-4.238371281901270188e-02,1.325294998051906176e-03,2.722547288186935328e-04,-1.916214691633129092e-03,-2.932104064547776459e-03,1.225294870731546970e-02
2.903811252268602427e-02,2.827483919121877992e-02,3.313359629957755015e+00,5.606486414034581034e-02,8.053301655011112226e-02,5.292849594132127689e-02,3.314479911553384808e-03,3.811252268602540599e-02,-2.510621516611838899e+01,2.959577858588949617e+00,-9.801991008214526735e-01,-1.308165745440530658e+00,6.690674691626568027e-01,-1.435158111983041163e-02,3.107803505156425117e-01,3.662665403841813272e-01,2.880319830777621770e-01,-2.855802136182026274e-01,-1.944553595590647055e-01,-5.133244198362526545e-01,-6.997789630475026446e-01,1.383211831835514105e-01,1.719599496222360985e-03,5.856329672591133358e-03,1.604829672377300212e-03,1.163118114167292902e-03,2.553486889098991255e-03,5.203449875783732609e-02,1.293945385847748361e-02,3.007697494153497024e-04,9.731946766707405246e-04,1.674802021277203281e-03,3.757208906984380557e-03,3.865781377022350918e-02,8.166969147005442159e-03,-1.179185895819870322e-02,3.280052434572811038e-02,-3.864086274280006950e-02,-9.005569519313121052e-02,-3.859506402135594316e-03,-2.014637722185294230e-02,0.000000000000000000e+00,-4.050193041398806315e-01,-1.892677142131615753e-01,-4.943740341297797602e-02,-2.960073922229988774e-01,4.672513268751585791e-01,3.990369691941778041e-02,6.952131034463484571e-01,1.065850382408348285e+00,-2.123328611845865521e-01,-5.500926898698557110e-01,-2.800334237104737389e-01,2.434359342009605465e-01,-1.026459926998020133e-01,-1.444636679958863357e-02,-4.932840709278733804e-03,1.424310368976829805e-05,-3.114301003769594754e-04,2.660865456811320213e-04,1.271830669683850093e-03,1.350696614313012106e-02,-1.476526196938155594e-03,-1.867321452462677696e-03,-7.208066693458683874e-04,-2.061511355716751006e-04,1.236729477223129717e-04,-2.841255925119995362e-03
4.174228675136116423e-02,3.520874521690735282e-02,3.301696112798879756e+00,6.015380165622807168e-02,7.494119140290710079e-02,9.163113237794359711e-02,1.332368234952784232e-02,5.716878402903811246e-02,-2.291326918456865869e+01,1.706440044985476412e+00,-1.336559256095295245e+00,4.098153220988668965e-01,1.475422378003537482e-01,-2.816962078537099678e-01,1.655733301899324772e-01,-5.431126304076869804e-01,-3.802653198127403655e-02,1.818639439225476218e-01,-2.268841166261626185e-01,-3.339882822019640818e-01,-8.679092885997066187e-01,8.109329209347744538e-02,1.239888620249511878e-03,1.754477717414381494e-02,1.303985755017654340e-02,2.365762697560545337e-03,1.243767015395503888e-03,9.128130204584106178e-02,1.180889865762705694e-02,1.586098947354143895e-03,3.353647042581702018e-03,2.504892580289239286e-03,1.191803554426819345e-02,3.018990956242692883e-02,1.270417422867513996e-02,6.933906025688572894e-03,-1.166351715887525842e-02,4.088937515882261342e-03,-5.591825147204021462e-03,3.870263643662232023e-02,1.000920243797445708e-02,1.905626134301270647e-02,2.192945981549730305e+00,-1.253137813603473205e+00,-3.563601552738425715e-01,1.717981067539397610e+00,-5.215252313623031100e-01,-2.673446267338795423e-01,-1.452070203257100345e-01,-9.093791707918683631e-01,-3.260585150590362136e-01,4.674441575407502492e-01,-3.242875706709791306e-02,1.793361376342885727e-01,-1.681303255522039741e-01,-5.722789109007396513e-02,-4.797108759728491070e-04,1.168844750155268244e-02,1.143502787779924340e-02,1.202644583393252435e-03,-1.309719873703487367e-03,3.924680328800373569e-02,-1.130555200850426670e-03,1.285329197938794247e-03,2.380452365910961602e-03,8.300905590120360045e-04,8.160826637283812024e-03,-8.467904207796580346e-03
5.580762250453720485e-02,4.660882091200901217e-02,3.313920585349048764e+00,7.869508230976987595e-02,1.047740057473623421e-01,1.906953044160699107e-01,1.331962556185320966e-02,7.713248638838475502e-02,-2.261532710413763425e+01,1.558165194242840723e+00,-4.310124785161233429e-01,-2.759173887646799717e-01,-4.093427824864320219e-01,2.036756995389442937e-01,-1.781822932813404980e-01,-6.400322316200309780e-01,2.351420322053343059e-01,-9.019176952898794175e-02,-4.079755561448262791e-01,-6.630974624975521925e-02,-8.998623379405576994e-01,4.101420640017183761e-02,4.697374764065272677e-03,2.092015189580634718e-02,3.393619467065614546e-03,1.862516604232543165e-03,9.972288506893034650e-04,6.723774459996651083e-03,1.251128531888341111e-01,8.691199686646094730e-04,3.506599895019938372e-03,2.587778518670426266e-03,4.138443560432841090e-03,3.417055113157301677e-02,1.406533575317604062e-02,1.140007569510165936e-02,1.222447255016900769e-02,1.854128065354180427e-02,2.983281434445524127e-02,9.906417203812631356e-02,-4.056787674632661433e-06,1.996370235934664256e-02,2.979420804310244364e-01,-1.482748507426356888e-01,9.055467775791719021e-01,-6.857327108635469237e-01,-5.568850202867857702e-01,4.853719073926542338e-01,-3.437556234712729752e-01,-9.691960121234399761e-02,2.731685641866083425e-01,-2.720557134515355635e-01,-1.810914395186636605e-01,2.676785359522088625e-01,-3.195304934085108073e-02,-4.007908569330560777e-02,3.457486143815760582e-03,3.375374721662532246e-03,-9.646238083110929284e-03,-5.032460933280021725e-04,-2.465381647062004234e-04,-8.455752758584440809e-02,1.133039545312070490e-01,-7.169789786895344220e-04,1.529528524382363537e-04,8.288593838118698057e-05,-7.779591983835352359e-03,3.980641569146087938e-03
2.540834845735027298e-02,2.132296026762351554e-02,3.215027463133476093e+00,5.693350364843047934e-02,7.724017274345788830e-02,7.294256750997811511e-02,9.690088348664136972e-03,3.992740471869328511e-02,-2.323449225861033440e+01,2.121069768763657493e+00,-9.133800627624479862e-01,-4.721601039077766987e-02,-3.446220278306206253e-01,2.614296823217198695e-01,7.265359736138436719e-02,-4.699527765530329138e-01,-9.475263322475614702e-02,-3.040612393657239898e-01,-5.754461264329765458e-01,-1.883028975111696313e-01,-8.616693983431442661e-01,6.972439988662336441e-02,1.646873370261083686e-02,6.523982033574045325e-02,9.719917188014334797e-03,3.495489272143378207e-03,5.267851322052910859e-03,1.653477321284497342e-02,2.284931297564449931e-02,8.786059563453416446e-03,3.392918333596145041e-03,3.890001518669251781e-03,1.158920152398738683e-02,2.213202617615845844e-02,-3.039927404718693188e-02,-2.528586064438549663e-02,-9.889312221557267080e-02,-2.176157866133939661e-02,-2.753383300390445376e-02,-1.177527369060917956e-01,-3.629537213189072686e-03,-3.720508166969146990e-02,-6.191651544727001522e-01,5.629045745208167695e-01,-4.823675842463246433e-01,2.287013783739023087e-01,6.472075465581139664e-02,5.775398278277557584e-02,2.508358906427248791e-01,1.700794550669980643e-01,-3.298946654300904391e-01,-2.138694698367360481e-01,-1.674705702881502667e-01,-1.219931512614144120e-01,3.819293959741343336e-02,2.871019348645152680e-02,1.177135893854556331e-02,4.431966843993410954e-02,6.326297720948720685e-03,1.632972667910835042e-03,4.270622471363607828e-03,9.810998752848323207e-03,-1.022635402131896187e-01,7.916939594788806323e-03,-1.136815614237933307e-04,1.302222999998825514e-03,7.450757963554545740e-03,-1.203852495541455833e-02
1.361161524500907431e-02,3.014376704694111953e-02,3.275947575049739768e+00,6.979595195882566661e-02,1.387009577235820690e-01,3.420310693313433764e-02,6.139358413449502207e-03,3.176043557168783948e-02,-2.362446316578036587e+01,3.141594419996396326e+00,-7.672400072038665364e-01,-7.895262827958021701e-03,9.420960159527479172e-02,-3.907957638281042700e-01,1.301613247846621357e-01,-1.928377797580139719e-01,-2.893417261020654885e-01,-4.941262478065120978e-01,-1.049400747561932828e-01,-2.017145844042060598e-01,-5.327051909927295048e-01,5.456038532326920598e-02,4.856450702883203033e-03,1.479776143590161297e-01,1.215240492660135153e-02,7.458097817657515817e-03,5.428184594019987673e-03,2.018941424012698702e-02,1.194614586559662739e-02,2.000041399925433193e-03,9.139734725974298308e-04,3.439287484083319510e-03,5.866105578667625900e-03,4.015351592966271560e-02,-1.179673321234119866e-02,8.820806779317603985e-03,6.092011191626367506e-02,1.286244831039518727e-02,6.146078498012418068e-02,-3.873946057684377747e-02,-3.550729935214634765e-03,-8.166969147005445628e-03,-3.899709071700314666e-01,1.020524651232738833e+00,1.461400555585814498e-01,3.932074756281964817e-02,4.388316294258954309e-01,-6.522254461498241396e-01,5.750772742327776854e-02,2.771149967950189419e-01,-1.945890928773093553e-01,-1.900650084407881080e-01,4.705060516767832768e-01,-1.341168689303642858e-02,3.289642073504147612e-01,-1.516401456335415843e-02,-1.161228299972763382e-02,8.273779402327567645e-02,2.432487738587016737e-03,3.962608545514137610e-03,1.603332719670768139e-04,3.654641027282013593e-03,-1.090316711004787192e-02,-6.786018163527983253e-03,-2.478944860998715319e-03,-4.507140345859322710e-04,-5.723095945319760930e-03,1.802148975350425716e-02
1.814882032667876691e-02,4.734415055688709351e-02,3.269243524950225854e+00,6.197514129872756100e-02,1.243497864173922773e-01,3.195788242174198157e-02,1.073564752072990458e-02,2.903811252268602427e-02,-2.402671336169444416e+01,3.329428119805664554e+00,-6.315000826039025572e-01,-8.809465752377869663e-01,3.107189807644841761e-01,-4.558401195978636355e-01,-5.525819413823738202e-01,-3.581566370266306421e-01,3.831714452622904388e-03,-6.343100554029218463e-02,-3.314435422365266115e-01,-7.052914818767476168e-01,-9.117258629895976796e-01,6.728633735841449415e-02,3.185343885620089965e-02,8.258539208803276910e-02,6.717178838735383961e-03,2.907348958316204306e-03,1.513772283059902808e-03,4.573749976591903917e-03,7.022044545688937989e-02,2.890341505136783794e-03,1.941460003658255010e-03,2.547205115616903940e-03,3.015660354184197030e-03,3.021462415508420138e-02,4.537205081669692594e-03,1.720038350994597398e-02,-6.704050099513914063e-03,-7.820810660098105604e-03,-1.435117130618979164e-02,-2.245224511392356070e-03,4.596289107280402374e-03,-2.722323049001815209e-03,-4.022501959140782901e-01,1.878336998092682286e-01,1.357399245999639792e-01,-8.730513124098289168e-01,2.165093791692093705e-01,-6.504435576975936550e-02,-6.827432661670359559e-01,-1.653188572686166702e-01,2.931734405546884137e-01,4.306952422662199131e-01,-2.265034674803333425e-01,-5.035768974725415292e-01,-3.790206719968681748e-01,1.272595203514528817e-02,2.699698815331769836e-02,-6.539222227098336060e-02,-5.435226087865967573e-03,-4.550748859341311944e-03,-3.914412310960084865e-03,-1.561566426353508397e-02,5.827429959129275250e-02,8.903001052113506016e-04,1.027486531060825287e-03,-8.920823684664155699e-04,-2.850445224483428869e-03,-9.938891774578514221e-03
2.540834845735027298e-02,3.137341791767609550e-02,3.298966681289199343e+00,9.243423318395180277e-02,1.745196455729232377e-01,4.219898206793081669e-02,1.697848848679814684e-02,3.720508166969146990e-02,-2.389475820235016812e+01,3.053326960523758515e+00,-9.096436124297813119e-01,-3.756645024540647970e-01,1.037624197497281353e-01,-5.278086238075456738e-01,-7.418009368976423712e-01,-1.716142440719929385e-01,2.607115878114504848e-01,-1.099643846368681677e-01,-1.619627077121817416e-01,-5.401365615133908449e-01,-5.746695436721147576e-01,7.539970468712518803e-02,1.123919752928457041e-02,2.309279854936051313e-02,7.516206907203153847e-03,2.876671155273877439e-03,2.121283953009327553e-03,8.610891677864732086e-02,6.321071508114633856e-03,2.070061600685989874e-03,2.488365793363508764e-03,6.526130720281735943e-03,4.876625160612181598e-02,2.889563090158134284e-02,7.259528130671506069e-03,-1.597073263921099801e-02,2.972315633897348874e-02,3.045909188522424177e-02,5.016985915553096032e-02,1.024109964618883512e-02,6.242840966068242264e-03,8.166969147005445628e-03,1.319551593442760407e-01,-2.761011592819060390e-01,-2.781435298258787547e-01,5.052820727837221693e-01,-2.069565610147560408e-01,-7.196850420968203821e-02,-1.892189955152685510e-01,1.865423929546377035e-01,2.568798733588275596e-01,-4.653337909657598304e-02,1.694808345243448700e-01,1.651549203633567720e-01,3.370563193174829220e-01,8.113367328710693882e-03,-2.061424132691632924e-02,-5.949259353867225597e-02,7.990280684677698864e-04,-3.067780304232686772e-05,6.075116699494247444e-04,8.153516680205541434e-02,-6.389937394877474863e-02,-8.202799044507939202e-04,5.469057897052537545e-04,3.978925604664831570e-03,4.575059125193761678e-02,-1.318993253502858537e-03
2.132486388384755016e-02,3.584099909792214100e-02,3.295167977242609680e+00,6.256159036629185821e-02,1.248716934609622048e-01,1.161396286624246862e-02,1.089557431165700911e-02,3.720508166969146990e-02,-2.371741813009797895e+01,3.071120332952737897e+00,-1.527779464565516276e+00,-2.967045973030906225e-01,-7.104419234123801052e-01,-3.045249724932133639e-01,-3.072775784518899100e-01,-5.920270341902706956e-01,2.171150108306560966e-01,-1.925304886701085794e-01,-6.787422647706731205e-02,-9.074170297324233303e-01,-8.525503116254571356e-01,4.583027942026698248e-02,7.320376621490394531e-02,3.592123033060061477e-02,5.654023259793732742e-03,4.360999532382486138e-03,1.759417700594183027e-03,9.643118369881976612e-03,2.845691814129658326e-02,5.610979708177993124e-03,2.643379257876691309e-03,3.513949998118159456e-03,1.104496432366868300e-02,2.152667428360080168e-02,-4.083484573502722814e-03,4.467581180246045502e-03,-3.798704046589662653e-03,-2.987264281765994456e-02,-4.964795211196103286e-02,-3.058501920168834806e-02,-6.082914175141137733e-03,0.000000000000000000e+00,1.773400722521891737e-01,1.779337242897938154e-02,-6.181358521357349645e-01,7.895990515097417450e-02,-8.142043431621082128e-01,2.232836513143323098e-01,4.345233584457524612e-01,-4.204127901182777571e-01,-4.359657698079438815e-02,-8.256610403324041170e-02,9.408848123511442951e-02,-3.672804682190324854e-01,-2.778807679533423780e-01,-2.956942526685820555e-02,6.196456868561937836e-02,1.282843178124010164e-02,-1.862183647409421106e-03,1.484328377108608699e-03,-3.618662524151445258e-04,-7.646579840876534251e-02,2.213584663318194853e-02,3.540918107492003249e-03,1.550134645131825452e-04,-3.012180722163576487e-03,-3.772128728245313645e-02,-7.368956617980541163e-03
3.266787658802177557e-02,4.511888130903261851e-02,3.255811789499283737e+00,9.069076245444727957e-02,1.452808084538757816e-01,8.223444411002717169e-02,2.140113027845349028e-02,6.261343012704173594e-02,-2.269083353103187051e+01,1.174926107465229297e+00,-1.433595347018971289e+00,-3.865394083364074307e-01,-8.815568978945270695e-01,-3.373306002786412017e-01,-2.127002547236035435e-01,-6.395925112202449636e-01,-2.124439059384589101e-02,-1.949420884760783013e-01,-5.356007405981306757e-01,-4.804939383439918998e-01,-8.956486646418815312e-01,5.648848604326342157e-03,8.531818815688750959e-03,1.784914061868414503e-02,1.069534200648087144e-02,2.278842181972981062e-03,1.543400465965071976e-03,1.250565802724347636e-03,1.158923006457364662e-03,5.779509870234300628e-02,3.578180284180830159e-03,1.165331622044286876e-03,3.457750576763372625e-03,1.531167669805739637e-02,1.134301270417422541e-02,9.277882211110477506e-03,-3.935618774332594327e-02,2.812917208815542136e-02,2.040911499291357678e-02,7.062048124378469960e-02,1.050555596679648117e-02,2.540834845735026604e-02,1.026584599066108439e+00,-1.896194225487508600e+00,9.418411754654498758e-02,-8.983481103331680817e-02,-1.711149744821469643e-01,-3.280562778542783775e-02,9.457732372828636658e-02,-4.756547702997426796e-02,-2.383594014245019876e-01,-2.411599805969721899e-03,-4.677265141210633637e-01,4.269230913884314305e-01,-4.309835301642439553e-02,-4.018143081594063859e-02,-6.467194739921519608e-02,-1.807208971191646973e-02,5.041318746687138697e-03,-2.082157350409505076e-03,-2.160172346291110504e-04,-8.392552567157629193e-03,-2.729799513483921816e-02,5.218411899416501576e-02,9.348010263041388497e-04,-2.348618376073872797e-03,-7.587213746905310807e-03,-6.214997585543405312e-03
3.720508166969146990e-02,1.699513602644249152e-02,3.007584582320074418e+00,1.260664948851759337e-01,1.849486657024076164e-01,2.644174267890643804e-01,1.775723433307030072e-02,5.989110707803992767e-02,-2.386901025207871285e+01,7.632790838820203705e-01,-8.082921610569782089e-01,-1.077601900866600015e+00,-3.924220188068999193e-01,7.421839391569666766e-01,-2.496861508933830298e-01,-3.001455894563896942e-01,-4.468537648641446314e-01,-6.676215169729513565e-01,-7.309901025752514325e-01,-3.945954852309498939e-01,1.764993514378143669e-01,4.517183672963542666e-03,5.460292644152305551e-04,4.027781016156279682e-03,4.947598476813218349e-02,2.861304486541526443e-02,1.019010367876568325e-02,2.330626289951526469e-03,4.137673340136939254e-04,3.968445072824219877e-03,1.600097957865463660e-02,1.401621022752537991e-02,1.992223981513082179e-03,1.396937656848616302e-02,4.537205081669694329e-03,-2.812374528259012699e-02,-2.482272071792093193e-01,3.537573243072865414e-02,3.966785724853183481e-02,1.821829826790372087e-01,-3.643895945383189561e-03,-2.722323049001808271e-03,-1.178176721046842346e+00,-4.116470235832089264e-01,6.253031859619930799e-01,-6.910624925301925847e-01,4.891348790876271502e-01,1.079514539435607823e+00,-3.698589616977948635e-02,3.394469217638552694e-01,-4.256093742702987681e-01,-4.726794284968730553e-01,-1.953893619771207568e-01,8.589845311304200592e-02,1.072148016079695898e+00,-1.131664931362799491e-03,-7.985789551273519971e-03,-1.382135960252786622e-02,3.878064276165131552e-02,2.633420268344228293e-02,8.646703212800610841e-03,1.080060487227178833e-03,-7.451556724436707909e-04,-5.382665362951878640e-02,1.242279929447380644e-02,1.285087860548109369e-02,-1.465526595250290446e-03,-1.342300129571233347e-03
3.039927404718693188e-02,1.832022551197080807e-03,2.895893319454742709e+00,8.729717128293872086e-02,1.482474933635288816e-01,9.639350996211228095e-02,1.576745740804980436e-02,3.266787658802177557e-02,-2.689686037877995872e+01,2.573992758285955862e+00,-3.734159648441603974e-01,8.425205142886825482e-02,5.465677605182301529e-02,-1.065821639846142449e-01,-2.396890742325658574e-01,-5.604447473252812673e-01,-2.462873790635661531e-01,-1.092416869861421724e-01,-2.725905345064951746e-01,-5.521148836461426540e-02,-4.250662661623769156e-02,1.151469556496839686e-02,1.637059119257651234e-03,1.965746795829054899e-02,5.323934688366596148e-03,4.510784657486980459e-02,1.622195601202963688e-01,1.775943156693289213e-02,1.347846800446424621e-03,6.387713971328550303e-03,2.407652306991533032e-03,2.733735600747085482e-03,1.133693926033135877e-03,4.365372149189207518e-02,-6.805807622504538024e-03,-1.516311347524541137e-02,-1.116912628653317086e-01,-3.876932360223721286e-02,-3.670117233887873476e-02,-1.680239168269521133e-01,-1.989776925020496356e-03,-2.722323049001815209e-02,-3.027850126701245870e+00,1.810713674403935602e+00,4.348761962128178116e-01,1.161853952295468284e+00,4.470787948587229277e-01,-8.487661031415809632e-01,9.997076660817172389e-03,-2.602991578688915730e-01,2.005663858005784783e-01,5.583798299868092396e-01,4.583995680687562579e-01,3.393839968663356355e-01,-2.190059780540520584e-01,6.997511892004854191e-03,1.091029854842420679e-03,1.562968694213427018e-02,-4.415205007976558821e-02,1.649480170945454016e-02,1.520294564415306804e-01,1.542880527698136522e-02,9.340794664327307494e-04,2.419268898504330426e-03,-1.359332727166310401e-02,-1.128247462677829487e-02,-8.585300554799463017e-04,2.968434492340591216e-02
1.932849364791288660e-01,2.339504458978474213e-03,2.742237998699134760e+00,2.532428900057663301e-01,1.445372423746027757e-01,1.934160247647828124e+00,1.760044478878289298e-02,3.439201451905626317e-01,-2.818051141380508540e+01,1.230031867089632192e+00,5.214434793912309241e-01,1.476781343474103669e-01,-4.973950971652717906e-02,-1.092376181341209312e-01,-6.858040298757529796e-02,-3.346626671667872754e-01,4.569082196151594277e-01,-1.090112287736559465e-01,-5.039098507871109245e-02,-8.876327859607837656e-01,1.753153001198993338e-02,1.883913210468944437e-03,1.408645799566405525e-03,2.692689697264856810e-03,2.753543693377917372e-03,3.420986629861645038e-03,4.682841790882752604e-03,4.516106051317845572e-03,9.707042769507070188e-04,6.461016692952678076e-04,1.111190589569785317e-03,2.683550342915171777e-03,2.406382490948245911e-03,1.259635153600713580e-03,1.628856624319419411e-01,5.074819077813934060e-04,-1.536553207556079492e-01,1.659457187228275954e-01,-3.710250988926105942e-03,1.837766737685715857e+00,1.832987380733088617e-03,3.112522686025408492e-01,-1.283651035025126674e+00,-1.343960891196323670e+00,8.948594442353913214e-01,6.342608291854211211e-02,-1.043962857683501944e-01,-2.655454149506686345e-03,1.711086712449905733e-01,2.257820801584939918e-01,7.031955986787256085e-01,2.304582124862258885e-04,2.221995494277840821e-01,-8.324212975961694516e-01,6.003815662822762494e-02,-9.630782354499451553e-03,-2.284133196912457083e-04,-1.696477826102569392e-02,-2.570390994988678776e-03,-4.168685994500816172e-02,-1.575367183294136275e-01,-1.324332551561504742e-02,-3.771425234957176019e-04,-5.741612302033282170e-03,-1.296461717421747714e-03,-5.018525783191370507e-05,1.272688564915110034e-03,-4.239408633829136464e-02
2.708711433756805786e-01,5.250039238627370215e-03,3.241096939282180678e+00,2.708881267262712167e-01,1.301904930056881904e-01,1.708555716877060870e+00,1.580930582068109779e-03,3.756805807622504711e-01,-2.891840296138931876e+01,1.320136036601658347e+00,1.547037483395526047e+00,-1.436929025435894181e+00,-9.839472918713239036e-01,1.668294437972856148e+00,6.799947951666032164e-01,-8.455259794261247297e-01,-1.566816520955832959e-01,2.338414340734487895e-01,3.462484838261574716e-01,-2.352774971419928640e-01,-5.032260575611786912e-02,1.148122832590363525e-03,9.748423768007390090e-04,1.728241074499115796e-03,2.303525432959190478e-03,3.981397821816641015e-03,1.369772340030991865e-03,1.777090238880437833e-03,2.636856676047337825e-03,6.632313794398649650e-04,3.484810082963758771e-03,1.695458891342636366e-03,3.318164062747275440e-03,1.018391845994026136e-03,7.758620689655171265e-02,2.910534779648896002e-03,4.988589405830459178e-01,1.764523672050488656e-02,-1.434674936891458530e-02,-2.256045307707672531e-01,-1.601951420671478277e-02,3.176043557168783948e-02,-7.378915475842333649e-01,9.010416951202615543e-02,1.025594004004295012e+00,-1.584607159783304464e+00,-9.342077821547967176e-01,1.777532056106977176e+00,7.485751981541785005e-01,-5.108633122593374543e-01,-6.135898717107427514e-01,3.428526628471047499e-01,3.966394689048685640e-01,6.523552888187909016e-01,-6.785413576810780945e-02,-7.357903778785809118e-04,-4.338034227656665165e-04,-9.644486227657410142e-04,-4.500182604187268932e-04,5.604111919549959776e-04,-3.313069450851760522e-03,-2.739015812437407740e-03,1.666152399096630914e-03,1.712971014459715741e-05,2.373619493393973670e-03,-9.880914515725354105e-04,9.117815717990295291e-04,-2.412433076066874439e-04
1.347549909255898459e-01,2.881029008567947470e-04,2.768560204415394743e+00,2.219356344341340548e-01,1.567757625802099486e-01,1.913301874148569226e+00,2.320486817573063579e-03,3.829401088929219599e-01,-2.900869405537076418e+01,1.331878427019136835e+00,2.542524317798291467e-01,-3.105028372445866602e-01,-3.172192567910349092e-01,2.521403296516169235e-01,1.459007602954334182e-01,-8.536891470816058980e-02,-7.035235529612436645e-02,1.820734905460786868e-01,-1.249265646406299696e-01,-1.671871784372168934e-01,2.265826322586128039e-01,4.183947807377930497e-03,6.475814897004979719e-04,2.370586171730037703e-02,1.130027526754927118e-02,8.024284209614767835e-03,5.947377108189177454e-03,1.984192881349939805e-02,1.141728076569458296e-03,2.471784890200992221e-03,1.025376621134174021e-02,2.760316050869449783e-02,3.781576372476794234e-03,8.716237451706892320e-03,-1.361161524500907327e-01,-4.961936337770575522e-03,-4.725367348667859346e-01,-4.895249229213716191e-02,2.658526957452175821e-02,2.047461572715083555e-01,7.395562355049538003e-04,7.259528130671488722e-03,-9.029109398144541387e-02,1.174239041747848766e-02,-1.292785051615696901e+00,1.126426188191307576e+00,6.667280350802889943e-01,-1.416154108321239224e+00,-5.340940348711697983e-01,7.601570647179641815e-01,8.632929679945892942e-02,-5.176794352737010274e-02,-4.711750484667874272e-01,6.809031870477597059e-02,2.769052380147306591e-01,3.035824974787566972e-03,-3.272608871002410371e-04,2.197762064280125993e-02,8.996749834590081138e-03,4.042886387798126820e-03,4.577604768158185372e-03,1.806483857461895978e-02,-1.495128599477879528e-03,1.808553510761127256e-03,6.768956128377981440e-03,2.590770161735186233e-02,4.634123097295187940e-04,7.697845605712866184e-03
5.490018148820326876e-02,2.213737691708973429e-02,2.499386268906237607e+00,8.336506987912978284e-02,1.454410230875005650e-01,7.563787258701476501e-02,1.637713142520791712e-02,2.722323049001814863e-02,-2.385961941605460268e+01,2.950389351326584197e+00,-3.978075187481993069e-01,-9.149822392156237161e-01,-8.339210054996814003e-01,1.056165765118006528e+00,1.828522661091622481e-01,8.310762531450255342e-02,5.296909427385596558e-01,-8.342792142288746327e-02,-6.232637781367377644e-02,3.384867907106475782e-01,9.120100382870324762e-02,2.728982013748613381e-03,5.290640567556249493e-03,2.983970406588874746e-02,5.889880116300546392e-02,3.611059964522472798e-02,8.244715804886004751e-03,1.524126184596411200e-02,8.821018582066241908e-04,3.117371425436059502e-03,1.125105406583529720e-02,6.596519054991281834e-03,5.443806104483939548e-03,1.682983195640660318e-02,-7.985480943738657023e-02,2.184927401623294047e-02,-2.691739355091571362e-01,-1.385705645550042719e-01,-1.133473949270938363e-02,-1.837664001561554405e+00,1.405664460763485397e-02,-3.557168784029038355e-01,5.149074639316161495e+00,1.618510924307447363e+00,-6.520599505280284536e-01,-6.044794019710371114e-01,-5.167017487086464911e-01,8.040254354663896041e-01,3.695150581372882992e-02,1.684765400226631571e-01,6.000432980346840361e-01,-2.655014119689661500e-01,6.260018682695620007e-02,5.056739691478644438e-01,-1.353816284299095563e-01,-1.454965793629317116e-03,4.643059077855751088e-03,6.133842348588370436e-03,4.759852589545619100e-02,2.808631543560995841e-02,2.297338696696827297e-03,-4.600666967535286048e-03,-2.596262183628341054e-04,6.455865352350672812e-04,9.972878544935569883e-04,-2.100664145370321687e-02,1.662229732007145314e-03,8.113594504699710858e-03
2.903811252268602427e-02,1.705003265871344459e-02,3.024681520205608098e+00,5.902805608197329856e-02,1.051046519215382280e-01,6.592367586681738278e-02,1.013252186815102006e-02,2.631578947368420907e-02,-2.409657221562529372e+01,3.207044864604349677e+00,-1.344426239441271487e-01,-2.666317486235498802e-01,-5.972807192544358212e-01,1.395242298989039620e+00,1.290306031672770401e-02,2.508199594242931374e-01,-2.805875710389417466e-02,-4.864473137432477889e-01,-1.884797984550448946e-01,3.285326203214497531e-01,-4.757417383375406317e-02,2.378818375887239642e-02,1.880898195805669844e-03,5.737780468073937212e-02,1.411659487504930005e-02,6.400590015511378739e-02,2.258199762618145513e-03,2.160576306664682006e-02,1.076916609068929434e-03,3.981698391552595563e-03,2.123037492320197558e-03,3.691786541612444850e-03,2.135009139327693692e-03,2.121496938459989379e-02,-2.586206896551724449e-02,-5.087344258376289702e-03,5.252952512993704914e-01,-2.433701379715648427e-02,-4.033637116596233696e-02,-9.714196720197382229e-03,-6.244609557056897062e-03,-9.074410163339395596e-04,-2.369527995706910417e-01,2.566555132777654791e-01,2.633648948040721582e-01,6.483504905920738359e-01,2.366402862452455791e-01,3.390765338710330923e-01,-1.699492057924345545e-01,1.677123341097905840e-01,-5.577496998424538166e-01,-4.030193923203603257e-01,-1.261534206413711112e-01,-9.954170389197825042e-03,-1.387751776624573108e-01,2.105920174512378173e-02,-3.409742371750579433e-03,2.753810061485062466e-02,-4.478220628795616387e-02,2.789530050988905940e-02,-5.986516042267859238e-03,6.364501220682708058e-03,1.948147508623052429e-04,8.643269661165360607e-04,-9.128016573515099208e-03,-2.904732513378836985e-03,-3.308796965156245856e-03,4.385137428193290610e-03
3.357531760435571860e-02,4.541835948052924503e-03,3.150066474224876067e+00,8.178511097930310503e-02,1.179547805834772617e-01,1.845625651987062854e-01,8.901812805441451648e-03,3.266787658802177557e-02,-2.512506598889306275e+01,2.430448413219929549e+00,-3.323464574986539355e-01,-7.177578634542383096e-01,-4.207400713087091626e-01,8.203705547785342667e-01,-2.391729621579582743e-01,4.561067492374449306e-01,-3.233945618935641919e-01,-2.833132778846841893e-01,6.419096394088139035e-02,1.581352988651792690e-01,1.677903214563731260e-01,1.891036215152835237e-02,5.921293326176526109e-03,1.677778263587412569e-02,6.447996941835737982e-03,3.308770300289001765e-02,1.961146025225489475e-02,1.506098814495279020e-02,5.538210870876802971e-03,2.092944496605632278e-03,9.858198039236506713e-03,2.927446910607496913e-02,4.871878045199601825e-04,9.981206842551720512e-03,4.537205081669694329e-03,-1.250819671066051922e-02,1.253849540192679690e-01,2.275705489732980646e-02,1.285012866193903369e-02,1.186388893318889026e-01,-1.230709062709568410e-03,6.352087114337566509e-03,-1.028493773267769029e+00,-7.765964513844201278e-01,-1.979038335545267868e-01,-4.511261148306884294e-01,1.765406479457266586e-01,-5.748717442105053532e-01,-2.520760224746859679e-01,2.052867898131517932e-01,-2.953358047896700311e-01,2.031340358585635997e-01,2.526707623959262849e-01,-1.703973214562704841e-01,2.153644952901271892e-01,-4.877821607344044047e-03,4.040395130370856049e-03,-4.060002204486524990e-02,-7.668597933213562069e-03,-3.091819715222376974e-02,1.735326048963675011e-02,-6.544774921694029857e-03,4.461294261807873321e-03,-1.888753894946963285e-03,7.735160546916308721e-03,2.558268256446252428e-02,-1.647821334807733455e-03,-1.123376254204817327e-02
2.813067150635208818e-02,2.033370177982884563e-03,3.202594528607121571e+00,1.206106668005200860e-01,1.769860090202877712e-01,2.279610339145381748e-01,1.018588139300679457e-02,2.540834845735027298e-02,-2.694013654432133364e+01,2.375617720278066614e+00,2.520406808896226147e-01,7.942653800422491694e-02,5.026764366930929206e-01,3.486324561155531576e-01,8.290047094833383201e-02,4.237940532557539219e-01,-1.466333165787233050e-01,1.589749429360021171e-01,2.299927884039596263e-02,2.347261021771898937e-01,2.062434944223902333e-03,6.518239536000623724e-02,1.185041006285713445e-03,1.293985629936082182e-01,1.853018746051650041e-03,8.101079572611883869e-03,4.225618083038819306e-03,7.740348624389913230e-03,4.957607165160508476e-04,1.203322329679105138e-03,8.686982974128799537e-03,6.086328972145727684e-02,2.780386282804871243e-03,3.855589645410187338e-02,-5.444646098003630419e-03,-2.508465770070039940e-03,5.252805438224550372e-02,3.882555582121698101e-02,5.903122843681050946e-02,4.339846871583188936e-02,1.284068587565342923e-03,-7.259528130671502599e-03,-1.815070555428270893e+00,-5.483069294186293519e-02,5.843871383882766057e-01,7.971844014584632543e-01,9.234165080018020832e-01,-4.717380986629811090e-01,3.220734331062921063e-01,-3.231269598169100865e-02,1.767612453148408869e-01,4.422882208206863064e-01,-4.119168510048543119e-02,7.659080331201062464e-02,-1.657278865121492306e-01,4.627203320847788487e-02,-4.736252319890812447e-03,1.126207803577340960e-01,-4.594978195784088157e-03,-2.498662343027813204e-02,-1.538584216921607545e-02,-7.320639520562876972e-03,-5.042450154360752015e-03,-8.896221669265271404e-04,-1.171215065107707176e-03,3.158882061538230424e-02,2.293198478284911006e-03,2.857468961155015114e-02
3.130671506352086797e-02,9.340394941290205847e-04,3.026283797216511751e+00,1.215767367441316499e-01,1.676072865805912360e-01,2.552453644525010668e-01,3.451468737338284683e-03,1.633393829401088779e-02,-2.824384836578587255e+01,2.259512828717980870e+00,9.024794838150347331e-01,5.692945669720383961e-01,2.960960720767384924e-01,3.687931175139624873e-01,1.656389591934440686e-01,-1.079270789794461484e-02,1.078849589020096367e-03,-1.811947987972805096e-01,-1.116326105351531650e-01,9.174174440056748203e-03,-9.976774081871422895e-02,4.713732263506870135e-02,8.509900211074098017e-04,1.248005773398155049e-01,5.498213580135310509e-03,8.303377896481644801e-03,1.110080525274808943e-03,1.480722996916695837e-02,1.671905129169270338e-03,9.812868129181163360e-04,4.883630873912010034e-02,3.473014412049446609e-02,4.183479823609957291e-04,3.505411571926982106e-02,3.176043557168779785e-03,-1.099330683853864087e-03,-1.763107313906098206e-01,9.660699436115638417e-04,-9.378722439696535185e-03,2.728433053796289198e-02,-6.734412655668509454e-03,-9.074410163339385188e-03,-1.303711821464538900e+00,-1.161048915600857434e-01,6.504388029254121184e-01,4.898680289678134514e-01,-2.065803646163544283e-01,2.016066139840932969e-02,8.273848824511023659e-02,-4.345867611536985420e-01,1.477121661677434084e-01,-3.401697417332826268e-01,-1.346318893755491242e-01,-2.255519277371331455e-01,-1.018301757629381243e-01,-1.804507272493753589e-02,-3.340509851783036435e-04,-4.597985653792713290e-03,3.645194834083660684e-03,2.022983238697609321e-04,-3.115537557764010146e-03,7.066881344777045139e-03,1.176144412653219382e-03,-2.220355167609888020e-04,4.014932576499129907e-02,-2.613314560096281075e-02,-2.362038300443875406e-03,-3.501780734832052322e-03
4.310344827586207184e-02,1.566511816511790178e-04,3.063792383043515422e+00,1.312036441861458569e-01,1.659399691259077769e-01,4.483035054512709006e-01,6.741244984710887886e-03,6.079854809437386376e-02,-2.963225903988256604e+01,1.997261218112355685e+00,2.327897377945280510e-01,1.619394660857531032e-01,1.869092802829316891e-02,2.734654015325926890e-01,2.169520368338327398e-01,2.035426425469080702e-02,-5.701731262653163962e-02,1.620841093169105851e-01,3.275160343145218089e-01,1.879955568019623935e-01,1.114280453124127518e-01,1.330429358332012660e-03,9.463962519660517117e-04,7.256157369401856905e-02,9.796204052002849272e-03,3.212740685797224605e-02,1.272988835725837910e-02,9.039200797862430303e-02,9.609349401242384256e-04,4.944665185108846651e-03,1.990448675517535876e-02,2.867454565946543632e-02,4.075836135157091464e-03,2.817832096888779614e-02,1.179673321234120387e-02,-7.773883124778415126e-04,3.750858582700367094e-02,9.626907442014207006e-03,-1.667317454683459044e-03,1.930581409987698338e-01,3.289776247372603202e-03,4.446460980036297250e-02,-1.388410674096693498e+00,-2.622516106056251850e-01,-6.696897460205066821e-01,-4.073551008862852929e-01,-2.774051440484452957e-01,-9.532771598136979829e-02,5.131307764038867125e-02,3.114697215263542013e-02,-5.809616221555173599e-02,3.432789081141910947e-01,4.391486448496749739e-01,1.788213823619056453e-01,2.111957861311269946e-01,-4.580689327673669042e-02,9.540623085864191003e-05,-5.223900364579693589e-02,4.297990471867538763e-03,2.382402896149059951e-02,1.161980783198356994e-02,7.558477800945734293e-02,-7.109701890450319120e-04,3.963378372190730532e-03,-2.893182198394474158e-02,-6.055598461029029767e-03,3.657488152796095626e-03,-6.875794750382024922e-03
6.125226860254083527e-02,1.274048311259085627e-04,3.092054570561832083e+00,1.312698152792191875e-01,1.658371717411061541e-01,4.649159140811153779e-01,3.000807638284979859e-03,5.353901996370236116e-02,-2.993557356499630018e+01,2.185688567703910401e+00,3.298120320159094732e-01,1.077981286292832713e-01,3.708627822498199167e-02,-3.522215037607198673e-02,-8.367495937610315571e-02,-1.325251067469336019e-01,1.566881742444841963e-01,3.007286579932439974e-01,2.662799026887999188e-01,8.142485404043366126e-02,2.600680049316517889e-02,7.007415180959611356e-03,3.618485476078642064e-03,5.810083904965576002e-02,1.629815073540712145e-02,8.691973584651572354e-03,6.317338986000186479e-03,8.619104061434915143e-02,1.009074712629570193e-02,1.101168223814856517e-02,2.455871984745140735e-02,2.833647977693816086e-02,5.655770956082317768e-04,2.451160421563198730e-02,1.814882032667876344e-02,-2.924635052527045512e-05,2.826218751831666154e-02,6.617109307333057799e-05,-1.027973848016228153e-04,1.661240862984447730e-02,-3.740437346425908027e-03,-7.259528130671502599e-03,-3.033145251137341347e-01,1.884273495915547159e-01,9.702229422138142212e-02,-5.414133745646983187e-02,1.839535019668882276e-02,-3.086875519086647035e-01,-3.006269962099358817e-01,-1.528793710016244090e-01,2.137054868710158428e-01,1.386445486763334123e-01,-6.123613162572189017e-02,-1.065707027615287322e-01,-8.542124481924756596e-02,5.676985822627598696e-03,2.672089224112590353e-03,-1.446073464436280903e-02,6.501946683404272176e-03,-2.343543327332067369e-02,-6.412549371258192618e-03,-4.200967364275151605e-03,9.129812186171462965e-03,6.067017053039718520e-03,4.654233092276048589e-03,-3.380658825272754575e-04,-3.510259039548859795e-03,-3.666716753255808842e-03
5.716878402903811246e-02,1.205078921928012499e-04,3.223810807920794552e+00,1.184318648216223790e-01,1.490786120112243540e-01,3.703105615949770502e-01,4.639392625035857268e-03,4.537205081669691553e-02,-2.995471604363747886e+01,2.362494448797235691e+00,1.646799227953600342e-01,-1.018420732820995850e-01,-3.199331178806779086e-01,1.004245487236533063e-01,7.311286561444203802e-02,-2.056116031905834141e-01,-1.035372996286240688e-01,-1.927283457236461106e-01,1.758958696806637023e-01,2.488257418732791604e-01,2.245194599568431093e-01,1.267241369145393447e-02,1.278902564763930230e-03,4.593300248759817073e-02,1.661028554505160348e-02,5.862427127471351446e-02,1.846084250866149301e-02,2.250218398488973079e-02,7.255249029727073090e-04,1.971377646633626704e-02,1.608714140125672154e-02,4.028475902608315284e-02,8.691486799893170800e-03,1.701978065950101454e-02,-4.083484573502722814e-03,-6.896938933107312798e-06,1.317562373589624691e-01,-1.283795045759680842e-02,-1.675855972988180009e-02,-9.460535248613832771e-02,1.638584986750877409e-03,-8.166969147005445628e-03,-1.914247864117868403e-02,1.768058810933252900e-01,-1.651321092205494390e-01,-2.096402019113828563e-01,-3.570193961056599141e-01,1.356466990997252930e-01,1.567878249905451937e-01,-7.308649644364981213e-02,-2.602254738731082373e-01,-4.934570037168901080e-01,-9.038403300813621644e-02,1.674008878328455130e-01,1.985126594636779374e-01,5.664998510494323111e-03,-2.339582911314711834e-03,-1.216783656205758929e-02,3.121348096444820364e-04,4.993229769006193863e-02,1.214350352266130653e-02,-6.368885662945941717e-02,-9.365222223322994949e-03,8.702094228187701869e-03,-8.471578446194685807e-03,1.194827924914499198e-02,8.125909704284938265e-03,-7.491823556130972755e-03
3.221415607985481100e-02,2.883164635247126946e-04,3.064651869747140545e+00,1.149230157651195822e-01,1.681905992030628683e-01,2.601516267633115498e-01,4.912426341968628880e-03,2.540834845735027298e-02,-2.940199330530239408e+01,2.196771371786755189e+00,7.101309997957836462e-01,2.080269316960353942e-01,-5.205131495623650101e-02,6.282203864880238076e-01,1.666299452385067159e-01,8.469962001058825574e-02,-1.566578975926426753e-01,-4.860947010506511679e-01,3.442154669070385253e-03,2.527037163111536255e-01,3.580031247426601615e-01,2.346419852151232152e-03,5.978132366864014795e-04,2.886414044974706244e-02,2.021177521513970766e-03,4.924386181905041765e-02,2.954572691501746590e-02,1.120369537836738150e-01,1.329268042529983644e-03,1.915078009622221385e-03,9.884446163486158496e-03,5.639131409939224238e-02,2.438888605044671216e-03,3.246874106722101583e-02,-2.495462794918330146e-02,1.678085713319114446e-04,-1.591589381736540076e-01,-3.508849056502796881e-03,1.911198719183851424e-02,-1.101589348316655004e-01,2.730337169327716126e-04,-1.996370235934664256e-02,5.527227383350847845e-01,-1.657230770104805018e-01,5.454510770004236120e-01,3.098690049781349654e-01,2.678818029244414145e-01,5.277958377643705568e-01,9.351707962406467789e-02,2.903112232011716420e-01,-5.312059796401860656e-02,-2.933663553270050572e-01,-1.724537150115933171e-01,3.877974437874465163e-03,1.334836647858170522e-01,-1.032599383930270232e-02,-6.810893280775287507e-04,-1.706886203785110828e-02,-1.458910802353763358e-02,-9.380409455663096807e-03,1.108488440635597289e-02,8.953476979878408071e-02,6.037431395572763352e-04,-1.779869845671404674e-02,-6.202695237770563044e-03,1.610655507330908953e-02,-6.252598194848500018e-03,1.544896040772000129e-02
6.125226860254083527e-02,1.329746620482893233e-04,3.041478723099014125e+00,1.345310711073951782e-01,1.678305573932800943e-01,5.212464335269332283e-01,4.575667638298487258e-03,8.076225045372051325e-02,-2.961176323488558637e+01,2.039446970135269321e+00,5.421263393006692244e-01,3.406083587545784552e-01,-2.029591809729149737e-02,3.809510125831199745e-01,4.835345596452729489e-02,-3.525261902369889455e-01,-1.282954058307354539e-01,-1.439215140667082227e-01,1.264435174616535679e-02,1.853204205399965054e-01,-7.478785333078229181e-02,1.766563749015096982e-02,1.847831440603039813e-03,3.080574699243452189e-02,3.802431008011909058e-02,3.308370399044370525e-02,3.467767230965897174e-02,1.242769286624510749e-02,3.406982932346835826e-03,6.537445626877305509e-03,2.201025304021567500e-02,4.517192880981778236e-02,2.849344773459895272e-03,1.472779494910847996e-02,2.903811252268602427e-02,-1.553418014764233713e-04,-2.317314664812641922e-02,1.960805534227559599e-02,-3.600418097827740027e-04,2.610948067636216785e-01,-3.367587036701416223e-04,5.535390199637024028e-02,-2.097699295831922939e-01,-1.573244016514858679e-01,-1.680046604951144218e-01,1.325814270585430610e-01,3.175539685894500364e-02,-2.472693739049038331e-01,-1.182764892739794210e-01,-4.372258102475772290e-01,2.836249176190722143e-02,3.421731869839429452e-01,9.202197077094971533e-03,-6.738329577115712010e-02,-4.327909780734424672e-01,1.531921763799973767e-02,1.250018203916638225e-03,1.941606542687459441e-03,3.600313255860512068e-02,-1.616015782860671240e-02,5.131945394641505842e-03,-9.960926091742870747e-02,2.077714889816852182e-03,4.622367617255084341e-03,1.212580687672951650e-02,-1.121938528957446002e-02,4.104561684152240562e-04,-1.774094611811253414e-02
6.896551724137930939e-02,1.276754084895728692e-04,3.172831277314712040e+00,1.295981194601447672e-01,1.322387610093560817e-01,8.384882713965100542e-01,2.305394371722250309e-03,1.597096188747731405e-01,-2.965046641278379269e+01,1.618345536343896551e+00,4.779535857387973152e-01,3.111266915728088112e-01,2.603279126950369671e-01,2.312947448528756000e-01,1.255373180997759741e-01,-2.332418378844279550e-02,-8.991249704237813667e-03,1.007302320743433816e-01,1.207678553415769129e-01,2.279500338770049372e-01,-2.634611955651530169e-01,3.214985705413289652e-02,1.517683276763705626e-03,2.218665801781702016e-02,4.548486250920295848e-03,2.276020508315233434e-02,1.193085993075316577e-02,3.829379675674246530e-02,3.416251788809490739e-03,3.871770615066921946e-03,1.169333968855330343e-02,7.498261228788119515e-02,1.287904935929943878e-03,2.062917551666305915e-02,7.713248638838474114e-03,-5.299253558716454041e-06,1.313525542156979142e-01,-4.932951647250410909e-03,-3.559179638392401257e-02,3.172418378695768260e-01,-2.270273266576236949e-03,7.894736842105262720e-02,-3.870317789820632015e-02,-4.211014337913727701e-01,-6.417275356187190916e-02,-2.948166718176964407e-02,2.806238307923284436e-01,-1.496562677302443745e-01,7.718386213524867923e-02,3.292020064485461361e-01,1.193041561264976402e-01,2.446517461410516181e-01,1.081235035954115631e-01,4.262961333700843181e-02,-1.886733422343707112e-01,1.448421956398192670e-02,-3.301481638393341869e-04,-8.619088974617501731e-03,-3.347582382919879473e-02,-1.032349890729137090e-02,-2.274681237890580771e-02,2.586610389049735781e-02,9.268856462654913309e-06,-2.665675011810383563e-03,-1.031691335166237157e-02,2.981068347806341279e-02,-1.561439837529951394e-03,5.901380567554579196e-03
7.985480943738657023e-02,1.269880338285768191e-04,3.238702211756794735e+00,1.353994607172887832e-01,1.344183137877382750e-01,8.623201100237235517e-01,2.116335225960898868e-03,1.470054446460979936e-01,-2.982523882576592911e+01,1.539870853146176888e+00,7.701283952945642275e-01,9.802953454447492498e-02,8.919166397283362357e-02,1.212810888146027000e-01,1.180394795875830405e-02,-4.716187112105894863e-02,5.939764793045936714e-02,1.047577113646130098e-01,1.492136277204124395e-01,5.148908858319639625e-02,-5.145014675247772118e-01,8.082479168911083089e-03,2.508087385785349403e-03,6.836394489996560665e-03,8.239003454969081458e-03,9.667340296444015130e-03,2.280023462948811176e-03,5.191855002826962356e-02,2.413261626543916887e-03,6.536963596361251849e-03,2.763100329599011556e-02,9.332720693278249990e-02,4.302220700897281015e-03,2.637739588921586553e-02,1.088929219600726084e-02,-6.873746609960501401e-07,6.587093444208269588e-02,5.801341257144015939e-03,2.179552778382193301e-03,2.383183862721349744e-02,-1.890591457613514416e-04,-1.270417422867514690e-02,-1.747724129821364158e-01,-7.847468319771966350e-02,2.921748095557669123e-01,-2.130971570283338723e-01,-1.711362487222033435e-01,-1.100136560382729001e-01,-1.137333701410176701e-01,-2.383768733261615314e-02,6.838889763469718774e-02,4.027479290269628254e-03,2.844577237883552656e-02,-1.764609452938085410e-01,-2.510402719596241949e-01,-2.406737788522181343e-02,9.904041090216437766e-04,-1.535026352782046036e-02,3.690517204048785610e-03,-1.309286478670831921e-02,-9.650836467804353724e-03,1.362475327152715826e-02,-1.002990162265573852e-03,2.665192981294329903e-03,1.593766360743681387e-02,1.834459464490130476e-02,3.014315764967336921e-03,5.748220372552806379e-03
7.577132486388385435e-02,2.309598891488074334e-04,3.172370290727318576e+00,1.440852042536141797e-01,1.478704985543918826e-01,7.050336222547671783e-01,4.838865400487947846e-03,1.261343012704174149e-01,-2.917669191276833018e+01,1.795014711768525117e+00,5.552189671853617892e-01,3.205101313418469156e-01,-9.524447761048480954e-02,1.241183556277527036e-02,2.021516630810969717e-01,1.320110439843570349e-01,3.037914536810288335e-01,2.181938036142445081e-01,2.176278214842372605e-01,2.655198970657368096e-01,-1.358790991377753152e-02,4.130660009766930728e-03,4.191720117779200797e-03,3.557762656591208911e-02,6.898538129144617809e-03,1.027278613857951495e-01,2.309829838771991321e-03,1.681119379834601288e-02,1.089610176144263426e-03,1.092400450755775555e-02,1.812823257567307278e-02,1.006492811838799288e-02,9.351841737802002279e-04,2.728165027815041346e-02,-4.083484573502715875e-03,1.039718553202306143e-04,-6.633192102947615965e-02,8.685743536325396530e-03,1.345218476665360763e-02,-1.572864877689563734e-01,2.722530174527048978e-03,-2.087114337568057865e-02,6.485469129975989233e-01,2.551438586223482297e-01,-2.149094281092024383e-01,2.224805967973719767e-01,-1.844361415833184470e-01,-1.088692532518274331e-01,1.903477151223386676e-01,1.791729151054159974e-01,2.443938057505694594e-01,1.134360922496314983e-01,6.841419376382482098e-02,2.140308084825404134e-01,5.009135576109996491e-01,-3.951819159144152362e-03,1.683632731993851394e-03,2.874123207591552931e-02,-1.340465325824463649e-03,9.306052108935113087e-02,2.980637582318014511e-05,-3.510735622992361415e-02,-1.323651450399653462e-03,4.387040911196503704e-03,-9.502770720317042785e-03,-8.326227881439450529e-02,-3.367036527117080787e-03,9.042543889345479313e-04
7.395644283121596829e-02,1.370141705038669115e-04,2.538436568509441216e+00,1.319195110149317396e-01,1.647788605836154330e-01,5.899299529084859328e-01,3.174202882363151394e-03,1.034482758620689641e-01,-2.962527032426610063e+01,2.155553444750116121e+00,4.611810336857122827e-01,-1.997502899619359729e-01,-3.020581178886542206e-01,2.711101265866733279e-01,6.319314550921095730e-01,2.199509473093816114e-01,2.970903931861014480e-02,5.534078883978202357e-02,-1.177686011022504586e-01,2.226547420183092388e-02,-2.324597147340887737e-01,6.026740884518947718e-03,7.086616560559892350e-03,6.232707023628023674e-02,1.768705163007281908e-02,3.965526374410047183e-02,8.323690999065483029e-03,4.495955482928980229e-02,1.731174448926566748e-03,1.738059870030629053e-03,9.641845240998498517e-03,1.448389929106697060e-02,2.300395751147354170e-03,1.909334855956310723e-02,-1.814882032667886058e-03,-9.394571864494052188e-05,-6.339337222178773601e-01,-1.216569323868244012e-02,1.690836202922355036e-02,-1.151036693462812455e-01,-1.664662518124796452e-03,-2.268602540834845083e-02,-4.485784114977704462e-01,3.605387329815910036e-01,-9.403793349964950643e-02,-5.202604213037829162e-01,-2.068136402781693972e-01,2.586982910238980748e-01,4.297797920110125736e-01,8.793990332502457652e-02,-2.740824143624187026e-01,-1.628530147744624845e-01,-3.353964225864877191e-01,-2.432544228639058892e-01,-2.188718048203112387e-01,1.896080874752016990e-03,2.894896442780691553e-03,2.674944367036814763e-02,1.078851350092820127e-02,-6.307259764169467764e-02,6.013861160293491707e-03,2.814836103094378941e-02,6.415642727823033225e-04,-9.185944637527126283e-03,-8.486387334674574262e-03,4.418971172678977724e-03,1.365211577367153942e-03,-8.188301718587306238e-03
