5.716878402903811246e-02,1.106154240437520753e-02,3.227037193843167451e+00,1.119901075337338126e-01,1.367719951845124682e-01,4.323999979707564001e-01,0.000000000000000000e+00,7.894736842105262720e-02,-2.284424480876068131e+01,1.013201677198265038e+00,-9.080355019304138242e-01,3.311675182323516875e-01,-4.170258962174887285e-02,1.303498098090636326e-01,1.915571744140601163e-01,-2.862817012296202668e-01,3.263061608147707071e-01,-4.071878843314857832e-02,-1.728084199463474357e-01,2.845700586437673735e-02,-3.267894279439328420e-01,1.813046297777398327e-02,6.728561172702488685e-03,9.593695580020931632e-03,5.774351685181486685e-03,9.741657166925444741e-03,1.001506160069378683e-02,1.000559705284499896e-02,3.487066706396601840e-03,2.399261790758624568e-03,8.557786411534200333e-03,1.607182236932971908e-02,7.512860267639739041e-03,4.361323010095284267e-03,0.000000000000000000e+00,0.000000000000000000e+00,0.000000000000000000e+00,0.000000000000000000e+00,0.000000000000000000e+00,0.000000000000000000e+00,0.000000000000000000e+00,0.000000000000000000e+00,0.000000000000000000e+00,0.000000000000000000e+00,0.000000000000000000e+00,0.000000000000000000e+00,0.000000000000000000e+00,0.000000000000000000e+00,0.000000000000000000e+00,0.000000000000000000e+00,0.000000000000000000e+00,0.000000000000000000e+00,0.000000000000000000e+00,0.000000000000000000e+00,0.000000000000000000e+00,0.000000000000000000e+00,0.000000000000000000e+00,0.000000000000000000e+00,0.000000000000000000e+00,0.000000000000000000e+00,0.000000000000000000e+00,0.000000000000000000e+00,0.000000000000000000e+00,0.000000000000000000e+00,0.000000000000000000e+00,0.000000000000000000e+00,0.000000000000000000e+00,0.000000000000000000e+00
5.399274047186932574e-02,1.617611026119097559e-02,3.213204497931810621e+00,1.332104418794893275e-01,1.827498621099507281e-01,4.285967277219046578e-01,2.867911879842663034e-03,8.166969147005444241e-02,-2.239938520481585016e+01,1.060651293546960972e+00,-8.330442362897343411e-01,1.503193452842490063e-01,-3.966574251841379350e-01,-1.832436571681599069e-01,1.194552755859865090e-01,-9.906170276083259285e-03,2.597198860996372538e-01,1.030143876307404727e-01,-2.591216591209588235e-02,-1.608763698556543442e-01,-3.381664586850160470e-01,2.803855758929022293e-02,8.344938812190118640e-03,3.465915548789222367e-02,3.395086924151906761e-03,1.046466470956240041e-02,6.542198986237772809e-03,1.448039212355513305e-02,2.305887732914016323e-03,4.772045410639295937e-03,6.969576067073446519e-03,1.931844012623866111e-02,6.746199847842943020e-03,9.783976301524477046e-03,-3.176043557168786724e-03,5.114567856815768060e-03,-1.383269591135682930e-02,2.122033434575551492e-02,4.597786692543825993e-02,-3.803270248851742252e-03,2.867911879842663034e-03,2.722323049001815209e-03,4.448596039448311501e-01,4.744961634869593325e-02,7.499126564067948308e-02,-1.808481729481026812e-01,-3.549548355623890483e-01,-3.135934669772235672e-01,-7.210189882807360728e-02,2.763755309535370075e-01,-6.658627471513345331e-02,1.437331760638890510e-01,1.468962540342515499e-01,-1.893333757200310885e-01,-1.137703074108320500e-02,9.908094611516239658e-03,1.616377639487629955e-03,2.506545990787129030e-02,-2.379264761029579924e-03,7.230075426369556718e-04,-3.472862614456014019e-03,4.474795070710134090e-03,-1.181178973482585517e-03,2.372783619880671369e-03,-1.588210344460753813e-03,3.246617756908942026e-03,-7.666604197967960208e-04,5.422653291429192779e-03
6.397459165154265048e-02,2.125360166706287066e-02,3.274771713171926280e+00,1.184598693058733221e-01,1.521453133617177433e-01,5.148760601532357262e-01,2.707066240104914843e-03,9.346642468239564627e-02,-2.204885335099755395e+01,6.495969797965737147e-01,-9.561119647681376454e-01,2.391994319502294825e-02,-5.361051608038378546e-01,6.872979573857726510e-02,1.259496896864281679e-01,-1.324978838952763360e-01,-2.769794710703541440e-01,-1.502637340913397235e-01,-1.566554058368317126e-01,-1.442713611379045358e-01,-1.623262628039617156e-02,2.417658954010667820e-03,4.238714595972145095e-03,2.564200890080955628e-02,2.579820632344377931e-02,2.077624349557978881e-02,8.666784827297257035e-03,1.109922370070240590e-02,6.629357233563315174e-03,1.836383934612327226e-02,3.016809664173440274e-03,3.497524660503332702e-03,6.260007920179578959e-03,8.504764304611577008e-03,9.981851179673324748e-03,5.077491405871895069e-03,6.156721524011565805e-02,-1.475057257361600538e-02,-3.060454874823298477e-02,8.627933243133106833e-02,-1.608456397377481910e-04,1.179673321234120387e-02,3.505318538182962129e-01,-4.110543137503872568e-01,-1.230677284784033043e-01,-1.263994020892260650e-01,-1.394477356196999196e-01,2.519734529067371720e-01,6.494414100441658899e-03,-1.225917136191930767e-01,-5.366993571699913979e-01,-2.532781217220801961e-01,-1.307432399247358268e-01,1.660500871774980847e-02,3.219338324046198685e-01,-2.562089863527955425e-02,-4.106224216217973545e-03,-9.017146587082667392e-03,2.240311939929187299e-02,1.031157878601738839e-02,2.124585841059484226e-03,-3.381168422852727160e-03,4.323469500649298851e-03,1.359179393548397632e-02,-3.952766402900006679e-03,-1.582091546573533014e-02,-4.861919276633640610e-04,-1.279211996912900037e-03
8.257713248638838544e-02,2.725028191897203508e-02,3.286079837729408926e+00,1.109642915203432889e-01,9.361908384595905852e-02,8.648068567186765199e-01,5.185896963445419533e-03,1.687840290381125152e-01,-2.231134241967131970e+01,2.686298018789257114e-01,-4.786307798585913154e-01,-2.431643496178752945e-02,-4.309051374710299864e-01,3.028529759813621824e-01,-1.768253364550237960e-01,-1.405028458441009986e-02,2.630299091355401964e-01,2.508467389441983997e-01,-8.795681557410769957e-02,-1.936675033026093451e-01,-5.085989490180751332e-02,2.660807589661515205e-03,2.127845209138329655e-03,3.278789894433038060e-02,5.400625007731221956e-03,3.315542062379543253e-03,2.416800961043406512e-03,4.533556662721861981e-03,2.724340531706608438e-03,4.103861846171528126e-03,1.142532151224662229e-02,8.392702081517515109e-03,2.201326992812059277e-02,9.118142343020772464e-03,1.860254083484573495e-02,5.996680251909164427e-03,1.130812455748264611e-02,-7.495577785530033177e-03,-5.852622951575868482e-02,3.499307965654407937e-01,2.478830723340504690e-03,7.531760435571686896e-02,-2.624890686737657575e-01,-3.809671779176480033e-01,4.774811849095463301e-01,-4.823637815681047769e-02,1.052000233328078682e-01,2.341231802427849173e-01,-3.027750261414519639e-01,1.184475993108662362e-01,5.400093802058942849e-01,4.011104730355381509e-01,6.869859026272401303e-02,-4.939614216470480934e-02,-3.462726862141134176e-02,2.431486356508473848e-04,-2.110869386833815441e-03,7.145890043520824325e-03,-2.039758131571255823e-02,-1.746070143320024512e-02,-6.249983866253850523e-03,-6.565667037980543914e-03,-3.905016701856706737e-03,-1.425997749995174327e-02,8.408511848073181583e-03,4.895177421014182406e-03,1.575326200794101295e-02,6.133780384091954557e-04
5.626134301270417637e-02,1.331860235649508402e-02,3.136481628731729643e+00,9.774416113201844780e-02,1.025467350010472595e-01,5.110051289956395459e-01,4.513900219224924182e-03,9.074410163339383106e-02,-2.277877264113296363e+01,8.608322409815662990e-01,-7.089452468542083441e-01,-1.564169385877499929e-01,-3.611560443479091553e-01,5.655629899658369819e-01,-1.849629911965734452e-01,-4.649626568214806355e-01,-9.453347647652002306e-03,-2.476002771424408444e-02,6.235297231773290899e-02,-7.412360529117502372e-02,-1.581605357436831616e-01,6.391269183082205416e-03,6.107963306480402796e-03,9.305268602420221566e-03,8.652593966652844665e-03,9.253326098143775311e-03,6.226804768061804107e-03,3.725173043455125982e-02,2.484424614101304538e-02,3.717790612003557538e-03,1.403370963496354540e-02,3.401228080760274400e-03,1.720410453313639398e-02,9.580430310137716746e-03,-2.631578947368420907e-02,-1.393167956247695106e-02,-1.495982089976792828e-01,-1.322013038832484111e-02,8.927651155088200952e-03,-3.538017277230369739e-01,-6.719967442204953512e-04,-7.803992740471868417e-02,-4.674302214616439244e-01,5.922024391026405876e-01,-2.303144669956170287e-01,-1.321005036259624565e-01,6.974909312312083109e-02,2.627100139844747995e-01,-8.137654741549649184e-03,-4.509123722370705356e-01,-2.724832567831921848e-01,-2.756067666584424702e-01,1.503097878918406016e-01,1.195438980114343214e-01,-1.073006408418756552e-01,3.730461593420690211e-03,3.980118097342073141e-03,-2.348263034191015730e-02,3.251968958921622709e-03,5.937784035764231624e-03,3.810003807018397595e-03,3.271817377182939524e-02,2.211990560930643737e-02,-3.860712341679705881e-04,2.608388122716923108e-03,-4.991474000757240709e-03,-4.809165394984198788e-03,4.622879671169442817e-04
7.214156079854809611e-02,1.059903106747666149e-02,3.246279208711123410e+00,1.199769072784287738e-01,1.251161114866553015e-01,1.051777467278906197e+00,3.351888801800325269e-03,1.388384754990925618e-01,-2.314843922358435790e+01,4.022155082840878082e-01,-2.940578502595964094e-01,-7.885114697087587388e-01,1.267696891273996096e-01,2.893893606428493692e-01,-5.017511971126070724e-03,-2.040435815251426949e-02,-3.976634666087520975e-02,3.153325503582472544e-01,1.205090722184144342e-01,5.266872657338225738e-02,-7.062293331141031999e-03,5.502996402272647067e-03,3.467939191964414594e-03,2.079199834178283718e-02,4.637985317299649080e-03,1.675651212620752131e-02,6.391812569987863520e-03,2.513721558476061241e-02,1.901532315415403740e-02,1.520948692018981967e-02,5.640255961111230801e-03,1.192888550766246260e-02,1.116690792773033548e-02,6.913773031801942817e-03,1.588021778584391974e-02,-2.719571289018422530e-03,1.097975799793937668e-01,2.223274614641032598e-02,2.256937648560804199e-02,5.407723382832666514e-01,-1.162011417424598913e-03,4.809437386569873074e-02,-3.696665824513942766e-01,-4.586167326974784908e-01,4.148873965946119347e-01,-6.320945311210087736e-01,4.879257334753087649e-01,-2.761736293229876127e-01,1.799454792254473745e-01,4.445582986689663452e-01,-3.031299901322320745e-02,3.400925780724913250e-01,5.815609990068152518e-02,1.267923318645572950e-01,1.510982424125421331e-01,-8.882727808095583488e-04,-2.640024114515988202e-03,1.148672973936261561e-02,-4.014608649353195585e-03,7.503186028063746002e-03,1.650078019260594123e-04,-1.211451484979064741e-02,-5.828922986859007976e-03,1.149169630818626213e-02,-8.393453673852314598e-03,8.527657426902188198e-03,-6.037196605406058500e-03,-2.666657278335773928e-03
6.669691470054446569e-02,1.348312510393445164e-02,3.169476368448263859e+00,1.179419707871911943e-01,1.283081760609453004e-01,1.010807717574676579e+00,2.661325463501668879e-03,1.343012704174228744e-01,-2.277390147313245095e+01,4.149450282240473298e-01,-3.413437294233024888e-01,-4.770452683355264067e-01,-2.464916029839196443e-01,1.272910521136299544e-01,-3.586189636197523178e-01,-1.494402113607788407e-01,7.098630909311581805e-02,8.012346417243318974e-01,1.731854798238345872e-01,-1.102278721578279358e-02,1.422321998942690791e-01,5.958654098861973156e-03,1.329373995379951393e-02,8.819359201458449454e-03,2.853011660876386517e-03,1.405814984822028116e-02,3.694615486378964499e-03,1.236380861306089762e-02,1.046651777234030266e-02,1.016235937474460269e-02,1.258406086390358343e-02,1.823462681086645415e-02,2.347346805722965064e-03,4.765676968595684501e-03,-5.444646098003630419e-03,2.884094036457790153e-03,-7.680284026285955079e-02,-2.034936491237579470e-03,3.192064574289998902e-03,-4.096974970422961881e-02,-6.905633382986563901e-04,-4.537205081669687390e-03,3.745377504519069589e-01,1.272951993995952158e-02,-4.728587916370607935e-02,3.114662013732323320e-01,-3.732612921113192539e-01,-1.620983085292194148e-01,-3.536014516486262194e-01,-1.290358532082645782e-01,1.107526557539910278e-01,4.859020913660846430e-01,5.267640760542015299e-02,-6.369151378916504402e-02,1.492944932254101076e-01,4.556576965893260889e-04,9.825800761835099331e-03,-1.197263914032438772e-02,-1.784973656423262563e-03,-2.698362277987240154e-03,-2.697197083608899020e-03,-1.277340697169971478e-02,-8.548805381813734741e-03,-5.047127545445216981e-03,6.943804902792352629e-03,6.305741303203991552e-03,-8.819561122007369552e-03,-2.148096063206258316e-03
6.533575317604355115e-02,5.647029213643036012e-03,3.209038754470384003e+00,1.201434945773063867e-01,1.305096654797049949e-01,6.909697501828356847e-01,2.144627204197366993e-03,1.279491833030853010e-01,-2.381225924298254171e+01,1.142796499378283315e+00,-5.834479073554585948e-01,-5.281528550171628034e-01,-2.850287750652275576e-01,4.603769132840588307e-01,1.870961167603585329e-01,-1.969189734094532462e-01,2.519833991942787010e-01,3.722857788292750492e-01,1.933227788617213061e-01,8.833365934298473277e-02,2.812067643592432997e-01,6.061992838273501383e-03,7.951816606992357858e-03,1.852559347447301982e-02,3.590861513435739116e-03,1.345961823667360217e-02,4.619229980491748426e-03,2.621900967247492095e-02,1.219445079933527236e-02,1.591510011120460255e-02,1.329029168225205962e-02,1.184210248271311966e-02,3.973170623119243530e-03,6.466899122840848516e-03,-1.361161524500914544e-03,-7.836095890291414762e-03,3.956238602212014399e-02,2.201523790115192392e-03,2.201489418759694505e-03,-3.198379673918408939e-01,-5.166982593043018858e-04,-6.352087114337573448e-03,-1.038357769850090762e+00,7.278514711542359850e-01,-2.421041779321561060e-01,-5.110758668163639662e-02,-3.853717208130791327e-02,3.330858611704288763e-01,5.457150803801108507e-01,-4.747876204867440553e-02,1.809970901011628830e-01,-4.289488628950568483e-01,2.013729903788671893e-02,9.935644655876751941e-02,1.389745644649742207e-01,1.033387394115282271e-04,-5.341923346807156067e-03,9.706234273014570368e-03,7.378498525593525995e-04,-5.985316115466789849e-04,9.246144941127839266e-04,1.385520105941402333e-02,1.727933026994969701e-03,5.752740736459999865e-03,7.062308183484761887e-04,-6.392524328153334490e-03,1.625823817396278466e-03,1.701222154245164014e-03
8.575317604355717216e-02,5.599920736575302038e-03,3.204209084759585213e+00,1.342214051863630797e-01,1.510852412763766250e-01,7.555536554915576186e-01,3.015354056657014621e-03,1.560798548094373961e-01,-2.417976189502291007e+01,1.237671008495120351e+00,-5.325398693243870163e-01,4.085850323181781929e-02,-3.996782628180584052e-02,-9.625090186052670527e-02,1.198718483307949223e-01,-1.999760575572924748e-01,2.788744232757030539e-01,2.048572009218804502e-01,-3.783553010777286341e-01,-2.769922071938403230e-01,-1.957356794653944687e-01,5.131316666237617508e-03,1.112756599743034043e-02,3.208338902909926155e-02,4.995631997956410594e-03,1.149944426701922547e-02,1.950014706001946922e-03,3.770133736904214550e-02,1.432256013607570173e-03,2.802056819019977957e-03,8.461378612922700743e-03,1.455688912162090079e-02,2.060073120450692762e-03,1.142959784727734865e-02,2.041742286751362101e-02,-4.710847706773397398e-05,-4.829669710798789595e-03,1.407791060905669300e-02,2.057557579667163017e-02,6.458390530872193391e-02,8.707268524596476281e-04,2.813067150635209512e-02,-3.675026520403683605e-01,9.487450911683703580e-02,5.090803803107157854e-02,5.690113582489806365e-01,2.450609487834217171e-01,-5.566278151445855915e-01,-6.722426842956361059e-02,-3.057084147839228550e-03,2.689102408142435285e-02,-1.674285779073945990e-01,-5.716780799394499679e-01,-3.653258665368250835e-01,-4.769424438246377962e-01,-9.306761720358838752e-04,3.175749390437982572e-03,1.355779555462624172e-02,1.404770484520671478e-03,-1.960173969654376708e-03,-2.669215274489801504e-03,1.148232769656722455e-02,-1.076219478572770262e-02,-1.311304329218462503e-02,-4.828913069329358876e-03,2.714786638907781130e-03,-1.913097502668550769e-03,4.962698724436500133e-03
1.034482758620689641e-01,2.907366810888367074e-03,3.204711988035472636e+00,1.562509563955547243e-01,1.597567749768095680e-01,8.376199100513280760e-01,2.970810533306192554e-03,1.733212341197822026e-01,-2.507391032157499211e+01,1.420559598344754093e+00,-4.819151374847405744e-01,2.650622799908884941e-01,-4.304729439148505254e-01,6.410878857547228082e-02,3.208619237019965098e-01,-1.046714000156783730e-01,3.498735805575366453e-01,1.453279398014320212e-01,1.866894105986572072e-01,-2.106608462983021735e-01,-1.225379827231928842e-01,1.378547884061557399e-02,1.188466805918130670e-02,2.204578793763336403e-02,5.063937912144931761e-03,5.084790847918313310e-03,7.928752885999647629e-03,6.097566682442729508e-02,1.319574072680727546e-03,1.449446670290033268e-02,1.330153233695339013e-02,2.562490791120689004e-02,1.233946234665186069e-02,1.504411080064859026e-02,1.769509981851179192e-02,-2.692553925686934965e-03,5.029032758874230069e-04,2.202955120919164456e-02,8.671533700432942915e-03,8.206625455977045736e-02,-4.454352335082206737e-05,1.724137931034480653e-02,-8.941484265520820429e-01,1.828885898496337425e-01,5.062473183964644186e-02,2.242037767590706610e-01,-3.905051176330446849e-01,1.603596904359989861e-01,2.009900753712015875e-01,9.530465754161410175e-02,7.099915728183359143e-02,-5.952926112044842899e-02,5.650447116763858135e-01,6.633136089553814951e-02,7.319769674220158451e-02,8.654162174377956485e-03,7.571020617509662681e-04,-1.003760109146589752e-02,6.830591418852116625e-05,-6.414653419100912156e-03,5.978738179997700707e-03,2.327432945538514958e-02,-1.126819409268426265e-04,1.169240988388035515e-02,4.840153724030689386e-03,1.106801878958598925e-02,1.027938922620116879e-02,3.614512953371241608e-03
1.374773139745916473e-01,3.775145511382062714e-03,3.275674059717418096e+00,2.007116302120745266e-01,1.811171599526480158e-01,1.272626266920103166e+00,1.993996677649640444e-03,3.212341197822141670e-01,-2.509732013434460995e+01,1.307957292863474841e+00,-4.193442106766995803e-01,7.933287178477207990e-02,3.039273184164037467e-02,2.615435809518119603e-01,3.877014120270834141e-01,-8.967083838758095615e-02,2.719527244128974175e-01,5.360061497751513748e-01,2.016650978003601269e-01,1.052171311811543192e-01,-1.069073087223038065e-01,8.025614355099193464e-03,3.170662132662830247e-03,6.859133086158879233e-02,3.001797748736332542e-03,1.936820080983647644e-03,5.278718789871716596e-03,2.947656512608185647e-02,1.999042067426995330e-03,1.871836528812362635e-02,9.942100525253710908e-03,9.681010122109328167e-03,6.786150879270989693e-03,1.818545938543893181e-02,3.402903811252268318e-02,8.677787004936956400e-04,7.096207168194546000e-02,4.446067381651980233e-02,2.136038497583844786e-02,4.350063568687750903e-01,-9.768138556565521095e-04,1.479128856624319643e-01,-2.340981276961784374e-02,-1.126023054812792523e-01,6.257092680804099416e-02,-1.857294082061164142e-01,4.608656757564909001e-01,1.974347923763396795e-01,6.683948832508690430e-02,1.500056162809741689e-02,-7.792085614463922782e-02,3.906782099737193814e-01,1.497568720170291967e-02,3.158779774794565065e-01,1.563067400088907766e-02,-5.759864485516380528e-03,-8.714005926518476886e-03,4.654554292395542830e-02,-2.062140163408599219e-03,-3.147970766934665883e-03,-2.650034096127931033e-03,-3.149910169834543860e-02,6.794679947462677842e-04,4.223898585223293672e-03,-3.359431811699679221e-03,-1.594389778909756361e-02,-5.553311467380870996e-03,3.141348584790341555e-03
2.495462794918330285e-01,4.444308241064873037e-03,3.284585219330618866e+00,2.444397626805826507e-01,1.610088838040456549e-01,1.815174491472409057e+00,2.257229133892463008e-03,3.811252268602540738e-01,-2.556811132816834586e+01,1.596245828251062537e+00,-4.648289174187968387e-01,7.739068264038514999e-02,1.060065447263947719e-02,2.849750968691203701e-01,3.723897826772483155e-01,-1.683752349960154493e-01,3.547882323205799882e-01,3.574446696282566061e-01,5.321863593295899086e-01,1.863348126843244190e-01,-8.700776086822609168e-02,1.298928022577160168e-03,2.893818916170522951e-03,5.248678237250988497e-03,7.158211918887640501e-04,1.126824137798950777e-02,1.953455919672541889e-03,1.579247323390801233e-02,2.327768366335488878e-03,4.800563188972610876e-03,1.242083379653297244e-02,1.971749380249815733e-02,1.357400165005854609e-03,6.198569566941714189e-03,1.120689655172413812e-01,6.691627296828103234e-04,8.911159613200769769e-03,4.372813246850812408e-02,-2.010827614860236090e-02,5.425482245523058911e-01,2.632324562428225642e-04,5.989110707803990685e-02,-4.707911938237359095e-01,2.882885353875876966e-01,-4.548470674209725839e-02,-1.942189144386929911e-03,-1.979207736900089748e-02,2.343151591730840977e-02,-1.531162934983509860e-02,-7.870439660843449314e-02,8.283550790768257066e-02,-1.785614801468947688e-01,3.305212615292297818e-01,8.111768150317009984e-02,1.989954785407771487e-02,-6.726686332522033296e-03,-2.768432164923072952e-04,-6.334265262433780297e-02,-2.285976556847568383e-03,9.331421297005860344e-03,-3.325262870199174707e-03,-1.368409189217384414e-02,3.287262989084935479e-04,-1.391780209915101547e-02,2.478733271279261532e-03,1.003648368038882917e-02,-5.428750714265135301e-03,-1.198688981849721849e-02
2.336660617059891087e-01,3.689390424143303236e-03,3.204559835500974785e+00,2.275973868661711197e-01,1.526454598693353926e-01,1.970559662865256634e+00,1.421607825951909810e-03,3.593466424682395521e-01,-2.544384653975138377e+01,1.457645836818732832e+00,-1.525676428438013654e-01,5.395449664584769933e-02,4.626038126599982953e-03,7.888433455627655300e-02,1.630419946132906639e-01,-1.070995678927451483e-01,2.502718805895680632e-01,-1.271279776185085530e-01,-7.314316201959000785e-02,7.864979790376784574e-02,-7.504892586933938070e-03,3.734589156136874661e-03,2.705892173641693144e-03,1.748103416297874801e-02,3.670732272348726372e-03,7.554048620249688255e-03,5.469129529263997737e-03,2.051248592918104852e-02,5.138874209780397353e-04,3.487487658239030609e-03,4.131071837046339408e-03,1.489331019232833890e-02,3.198545809939801546e-03,6.283134061161093666e-03,-1.588021778584391974e-02,-7.549178169215698016e-04,-8.002538382964408115e-02,-1.684237581441153098e-02,-8.363423934710262353e-03,1.553851713928475764e-01,-8.356213079405531985e-04,-2.177858439201452168e-02,1.242647884169620909e-01,-1.385999914323297055e-01,3.122612745749954732e-01,-2.343618599453745066e-02,-5.974616346039494236e-03,-2.060907623128438171e-01,-2.093477880639576516e-01,6.127566710327030097e-02,-1.045163517310119250e-01,-4.845726472467651869e-01,-6.053295213491799442e-01,-1.076850147805565733e-01,7.950286828129216055e-02,2.435661133559714493e-03,-1.879267425288298071e-04,1.223235592572775865e-02,2.954911080459962213e-03,-3.714192757739819516e-03,3.515673609591455848e-03,4.720012695273036185e-03,-1.813880945357449143e-03,-1.313075530733580267e-03,-8.289761959486632165e-03,-4.824183610169818434e-03,1.841145644933946937e-03,8.456449421937947686e-05
6.941923774954628090e-02,2.375957988146003980e-03,3.248123272777180937e+00,1.492863138526697442e-01,1.705318875971335302e-01,7.823994179631992285e-01,3.624820445646564308e-03,1.460980036297640783e-01,-2.561828582377711427e+01,1.087580643947559489e+00,-3.006628272546647551e-01,-2.559476862843270140e-01,-1.736409961754608877e-01,2.264665435361908064e-01,2.158591415893414966e-01,-1.376356715219556603e-01,2.827208401894580267e-02,-2.061731212627946341e-01,3.119651060712810842e-02,3.678823529894573174e-01,2.019161521208179821e-01,2.018181306466421219e-03,3.291053487036168720e-03,8.893993874720466930e-02,1.844363991636050956e-02,8.430500441002719211e-03,3.840379442299468420e-03,6.847178627250481708e-02,2.294694965927551386e-03,1.521297018402645307e-02,3.855553173936719039e-03,1.644558253172667683e-02,1.200199309409835094e-03,2.747804988510675964e-02,-1.642468239564428278e-01,-1.313432435997299256e-03,4.356343727620615169e-02,-7.831107301350137551e-02,1.788642772779813761e-02,-1.188160244902057405e+00,2.203212619694654498e-03,-2.132486388384754739e-01,-1.744392840257305011e-01,-3.700651928711733429e-01,-1.480951844108633897e-01,-3.099021829301746855e-01,-1.782670343020608672e-01,1.475822089799142534e-01,5.281714697605083275e-02,-3.053610362921051202e-02,-2.219997965706222709e-01,-7.904514364428608109e-02,1.043396726267181163e-01,2.892325550856894578e-01,2.094210447077519133e-01,-1.716407849670453442e-03,5.851613133944755761e-04,7.145890458422592129e-02,1.477290764401178319e-02,8.764518207530309565e-04,-1.628750086964529317e-03,4.795930034332376857e-02,1.780807544949511651e-03,1.172548252578742289e-02,-2.755186631096203688e-04,1.552272339398337933e-03,-1.998346500529966235e-03,2.119491582394566684e-02
7.214156079854809611e-02,1.293190423965759252e-03,3.121663766157193098e+00,1.433821976845565949e-01,1.699438565539099499e-01,6.978342337008205387e-01,2.345447779113126515e-03,1.234119782214156136e-01,-2.615437323673556591e+01,1.160385170124910381e+00,-5.833478535253364683e-01,-4.171307229452524412e-01,-5.218240136752707592e-01,2.801507004402069012e-01,3.259432252746707892e-01,-9.335631501681276867e-02,1.304189174761257453e-01,1.240259321355116490e-01,4.461998589410520744e-02,4.088790538304732936e-01,1.206403050925579090e-01,4.707735131824869815e-03,2.867295895418782263e-03,6.427906319697423987e-02,1.947487863966181412e-02,1.200521933166929546e-02,2.857028267281450182e-03,2.508259690356936383e-02,9.152841753260450644e-03,1.304261436708500574e-02,1.817058448238354287e-02,1.516103851067155707e-02,1.974220279796559674e-03,1.625580991711726361e-02,2.722323049001815209e-03,-1.082767564180244727e-03,-1.264595066199878381e-01,-5.904116168113149321e-03,-5.880310432235802409e-04,-8.456518426237868979e-02,-1.279372666533437793e-03,-2.268602540834846470e-02,-5.360874129584516368e-01,7.280452617735089227e-02,-2.826850262706717132e-01,-1.611830366609254273e-01,-3.481830174998098437e-01,5.368415690401609486e-02,1.100840836853292926e-01,4.427935650514289168e-02,1.021468334571799391e-01,3.301990533983062970e-01,1.342347528697709902e-02,4.099670084101597611e-02,-8.127584702826007312e-02,2.689553825358448596e-03,-4.237575916173864574e-04,-2.466087555023042943e-02,1.031238723301304561e-03,3.574718890666576249e-03,-9.833511750180182372e-04,-4.338918936893545325e-02,6.858146787332899258e-03,-2.170355816941447330e-03,1.431503130844682427e-02,-1.284544021055119764e-03,7.740209703867245803e-04,-1.122223996798949602e-02
4.718693284936479465e-02,5.022310096761842778e-03,3.025456485447985511e+00,8.544418869348312240e-02,1.046066903098150647e-01,1.842042616026283719e-01,8.477512286227100596e-03,5.263157894736841813e-02,-2.573661945841498166e+01,1.296495184061124073e+00,-1.190038407617358018e+00,2.032622232709316856e-01,4.450777081151585102e-01,-6.409074829101810700e-01,-3.302250581488185288e-01,-1.115531472780351141e-01,3.471800172860779465e-01,7.417411669761646564e-01,7.163763768298865298e-01,-2.765471154883265559e-01,-4.769125752289463671e-01,1.230066348683491514e-03,1.086444690148132865e-03,4.263496952207449647e-02,4.325669547328814951e-03,7.890320277855420242e-03,7.223292482539254294e-03,4.251740973258278516e-02,6.911142617720973224e-04,4.119687038940128380e-03,2.718531783782683273e-02,2.932725740755681015e-02,4.326992700995538517e-03,1.558642492289914576e-02,-2.495462794918330146e-02,3.729119672796083525e-03,-9.620728070920758768e-02,-5.793800899107347246e-02,-6.533716624409488527e-02,-5.136299720981921668e-01,6.132064507113973648e-03,-7.078039927404719545e-02,4.177537783205842459e-01,1.361100139362136918e-01,-6.066905540920215500e-01,6.203929462161841268e-01,9.669017217904292139e-01,-9.210581833503879157e-01,-6.561682834234893180e-01,-1.819683226122234543e-02,2.167610998099522013e-01,6.177152348406530491e-01,6.717563909357813223e-01,-6.854261693187998494e-01,-5.975528803215042206e-01,-3.477668783141378301e-03,-1.780851205270649398e-03,-2.164409367489974340e-02,-1.514920909233299917e-02,-4.114899053813875218e-03,4.366264215257804546e-03,1.743481282901342133e-02,-8.461727491488353972e-03,-8.922927328144876491e-03,9.014733355443289853e-03,1.416621889688525308e-02,2.352772421198978843e-03,-6.693849942181178542e-04
2.495462794918330146e-02,8.638660370890416731e-03,2.487876848007123609e+00,1.006621822168620450e-01,1.801957586205483741e-01,7.003690532810996627e-02,1.871442103285696559e-02,1.724137931034482735e-02,-2.549854221913443197e+01,2.855909257339980467e+00,-4.063385518114797507e-02,-3.434158635008848215e-01,-4.004780465666442635e-01,-5.484119308134918214e-01,-4.374120119339512947e-01,-2.964517188977634499e-01,1.428755173050028082e-01,1.707642292196797917e-01,5.465311352003721090e-01,3.965499336364752270e-01,7.998828353467155039e-02,3.070876264984993744e-03,1.033070222424582090e-03,2.103837103094645042e-02,4.645050661989224249e-03,5.216237419744063596e-03,4.723988111533825723e-03,3.183667224947002439e-02,2.017855941230923373e-04,9.706963818439705294e-02,2.722739023433084354e-02,1.317187861664181892e-02,5.008675831632310518e-03,2.594100587360706825e-02,-2.223230490018149319e-02,3.616350274128573954e-03,-5.375796374408619016e-01,1.521799352337892264e-02,7.558906831073330945e-02,-1.141673562745184056e-01,1.023690874662986500e-02,-3.539019963702359078e-02,2.380772392805496906e-01,1.559414073278856394e+00,1.149404552436209981e+00,-5.466780867718165071e-01,-8.455557546818027737e-01,9.249555209668924860e-02,-1.071869537851327658e-01,-1.848985716197283358e-01,-2.043044999810751383e-01,-5.709769377564848369e-01,-1.698452416295144207e-01,6.730970491248018384e-01,5.569008587636179453e-01,1.840809916301502230e-03,-5.337446772355077494e-05,-2.159659849112804605e-02,3.193811146604092974e-04,-2.674082858111356646e-03,-2.499304371005428571e-03,-1.068073748311276078e-02,-4.893286676490050122e-04,9.294995114545692716e-02,4.207239650401081721e-05,-1.615537879091499124e-02,6.816831306367720014e-04,1.035458095070792249e-02
2.495462794918330146e-02,4.594188655982923974e-02,3.290966452058607494e+00,1.245970181187857212e-01,1.811557292475103054e-01,2.948975579494251820e-01,1.431070035247075135e-02,3.539019963702359078e-02,-2.310886832932834878e+01,1.487762863140144498e+00,-3.069025294801071002e-01,-8.927084053173305334e-01,-3.154119563754191891e-01,-9.618446864981174960e-01,-7.651865159232955627e-01,-2.177892083262717438e-01,9.884795904134725530e-01,4.643406476916799308e-01,4.833412015444129572e-01,-4.091442149194611522e-02,1.810585815641602148e-01,4.189991515216084754e-03,3.350563561374188867e-03,1.321255978823697788e-03,8.944198152757923273e-04,1.176916029447064868e-03,9.528236942432120665e-04,8.377702638343075339e-03,4.123426589164573162e-04,3.623396390684141804e-03,1.310876299153263813e-01,4.009867938893699885e-02,1.223674912397023501e-02,3.589683834860973172e-02,0.000000000000000000e+00,3.730322618893882475e-02,8.030896040514838852e-01,2.393483590192367616e-02,9.599706269619312504e-04,2.248606526213152157e-01,-4.403720680386214240e-03,1.814882032667876344e-02,2.389673889806083196e+00,-1.368146394199835969e+00,-2.662686742989591182e-01,-5.492925418164457119e-01,8.506609019122507442e-02,-4.134327556846256746e-01,-3.277745039893442680e-01,7.866251057149170611e-02,8.456040731084697448e-01,2.935764184720001113e-01,-6.318993365595915179e-02,-4.374643551284213561e-01,1.010702980294886644e-01,1.119115250231091010e-03,2.317493338949606560e-03,-1.971711505212275090e-02,-3.750630846713432030e-03,-4.039321390296998944e-03,-3.771164417290613548e-03,-2.345896961112695078e-02,2.105570647933649789e-04,-9.344624179371291417e-02,1.038602396809955308e-01,2.692680077229517993e-02,7.228073292337924491e-03,9.955832475002663468e-03
5.081669691470054595e-02,9.942851170783122139e-02,3.286624655830266306e+00,1.048731887603292223e-01,9.410147770711264903e-02,5.004703868221538343e-01,2.105458993466034767e-02,1.125226860254083527e-01,-2.216493243196612184e+01,-3.714525018730675532e-01,-1.158928224867497470e+00,-1.700368756391550662e-01,8.123247197158969812e-02,-3.570767741526222339e-01,7.302707864274587957e-02,4.140705411054130258e-01,1.544098683119813131e+00,-6.141442935416720206e-02,-5.851051680230064944e-01,-3.676156283590543139e-01,5.468250226924664670e-01,7.127676402254329302e-02,1.794673896633113344e-02,1.640941887604731829e-03,7.391615513603443230e-04,2.701564145665405676e-04,2.876223308723637058e-04,1.877980777955418415e-03,5.087502258437989582e-03,7.775414518297650915e-04,7.842713485602101136e-04,1.649600244969698804e-03,2.345039670888521971e-02,1.972849622928005489e-02,2.586206896551724449e-02,5.348662514800198164e-02,-4.341796228341188169e-03,-1.972382935845649887e-02,-8.705425154039765634e-02,2.055728288727286523e-01,6.743889582189596318e-03,7.713248638838476889e-02,9.439358973622269389e-01,-1.859215365013211940e+00,-8.520256953873903694e-01,7.226715296781754949e-01,3.966444283470088594e-01,6.047679123454952066e-01,8.382135945660413867e-01,6.318597494316847696e-01,5.556190927063405782e-01,-5.257550770458471190e-01,-1.068446369567419563e+00,-3.267012068671081848e-01,3.657664411283062522e-01,6.708677250732721087e-02,1.459617540495694414e-02,3.196859087810340408e-04,-1.552582639154480044e-04,-9.067596148805243551e-04,-6.652013633708484149e-04,-6.499721860387656924e-03,4.675159599521532157e-03,-2.845854938854376712e-03,-1.303033585667661698e-01,-3.844907914396730048e-02,1.121364758491498470e-02,-1.616834211932967683e-02
4.491833030852994402e-02,7.839797212941719551e-02,3.043469260495609063e+00,1.284976398339429393e-01,1.847516701519269222e-01,1.383001779334701864e-01,1.526566784779902035e-02,6.533575317604355115e-02,-2.263931238691754189e+01,7.415445176881832468e-02,-1.628714157731500745e+00,6.252474582655703772e-01,-4.054203868308587505e-02,-6.852720800144571633e-01,4.627058923511025990e-01,7.295921061110499650e-01,7.844494406718356405e-01,-5.799670631107149976e-01,-5.037730125930310887e-01,5.718262790503276793e-01,1.566281651046827761e-01,3.457886415983343117e-03,3.477439993873020913e-02,4.292602422766345072e-02,1.500509912645939421e-02,1.045437606523594992e-03,2.310089515771561507e-04,1.720490043424798780e-03,3.918651156287746517e-04,2.304794411268479108e-03,4.438031856901009618e-03,9.670718151703985334e-04,7.925642681312767808e-04,1.398469278501912778e-02,-5.898366606170601933e-03,-2.103053957841402588e-02,-2.431553953346572428e-01,2.362445107361371699e-02,9.065019244481427318e-02,-3.621702088886836757e-01,-5.788922086861327324e-03,-4.718693284936480159e-02,-4.743799549514200464e-01,4.456069536418858501e-01,-4.697859328640032750e-01,7.952843339047254156e-01,-1.217745106546755662e-01,-3.281953058618349295e-01,3.896788137083567194e-01,3.155215650056369392e-01,-7.596492424479774908e-01,-5.185526337565478094e-01,8.133215542997540570e-02,9.394419074093820488e-01,-3.901968575877836631e-01,-6.781887760655995467e-02,1.682766097239907568e-02,4.128508234005871802e-02,1.426593757509904935e-02,7.752811919570544788e-04,-5.661337929520755515e-05,-1.574907345306196353e-04,-4.695637142809214876e-03,1.527252959438714017e-03,3.653760508340799396e-03,-6.825284297993002708e-04,-2.265783244075394304e-02,-5.743803444260927107e-03
4.900181488203266683e-02,4.335244715319286346e-02,3.283678680980059994e+00,1.035721582282138342e-01,1.537157171598965144e-01,1.202507598118742749e-01,2.740635175629622250e-02,4.900181488203266683e-02,-2.424755284014369039e+01,8.838558852973452673e-01,-1.499560446686699189e+00,1.957337615184123053e-02,-4.387076211392079150e-01,-2.836052665457299837e-01,8.426865997071959491e-01,4.329115851798784331e-01,1.576955226341214544e-02,-8.365969429793174150e-01,4.385388372416259561e-01,8.878881267566531843e-01,-2.924836945966087232e-01,3.455357706986942126e-04,4.967301659320067647e-04,3.557897608034917523e-03,5.213890771772802107e-02,3.745088594741534382e-02,1.241960775725488471e-03,1.994727503042806587e-03,3.924667389315260541e-04,3.232331558796781705e-04,9.520149840277784738e-04,4.694245817509625635e-03,9.588670364306275777e-05,1.649979260839937178e-02,4.083484573502722814e-03,-3.504552497622433205e-02,2.402094204844509306e-01,-2.492548160572910509e-02,-3.103595299203040780e-02,-1.804941812159591152e-02,1.214068390849720215e-02,-1.633393829401088432e-02,-1.608240453226148503e+00,8.097014335285269704e-01,1.291537110448015557e-01,-6.056740821137291952e-01,-3.981655824561220469e-01,4.016668134687271796e-01,3.799807073560933501e-01,-2.966805209311715319e-01,-7.686798884084234951e-01,-2.566298798686024174e-01,9.423118498346569893e-01,3.160618477063255050e-01,-4.491118597012915270e-01,-3.112350645284648904e-03,-3.427766977279820410e-02,-3.936812661962853233e-02,3.713380859126862860e-02,3.640544834089175230e-02,1.010951824148332429e-03,2.742374596180078075e-04,6.016233027514024216e-07,-1.981561255388800992e-03,-3.486016872873230928e-03,3.727174002339227101e-03,-6.966775644882140231e-04,2.515099823380244001e-03
4.764065335753175923e-02,5.805124501593357522e-02,3.306755991563462338e+00,1.098990058071311615e-01,1.683735249407899148e-01,8.390418600929278048e-02,6.833247537904844557e-03,4.900181488203266683e-02,-2.395917493457005065e+01,5.593551046211362454e-01,-2.276095319379702886e+00,-3.782518689055580641e-02,2.074798087401779623e-01,-3.817697704003860659e-01,1.033617071799330711e+00,9.222640281489298264e-01,-1.034282236339350847e-01,-9.088097724699168989e-01,7.623001458151788812e-02,2.222275670601606967e-01,1.078762610646305520e-01,8.730200376081008375e-04,8.061843448551650861e-04,6.774293696425929753e-03,7.619611713789874174e-02,1.252040836309274881e-02,8.125044227882868278e-04,2.800356630304074498e-03,3.329537157612953214e-04,2.808556698613015666e-04,1.506136624301769448e-04,1.957165373464694793e-03,3.895018694100595667e-04,2.066218835997113076e-02,-1.361161524500907605e-03,1.469879786274071176e-02,2.307731058340234398e-02,6.326847578917327297e-03,1.465780778089340042e-02,-3.634657380258149439e-02,-2.057310421839137621e-02,0.000000000000000000e+00,2.883779055736397368e-01,-3.245007806762090219e-01,-7.765348726930036971e-01,-5.739856304239703694e-02,6.461874298793859328e-01,-9.816450385465608219e-02,1.909304720921347620e-01,4.893524429690513933e-01,-1.191977758973472301e-01,-7.221282949059948386e-02,-3.623088226601080541e-01,-6.656605596964925153e-01,4.003599556612392751e-01,5.274842669094066249e-04,3.094541789231583214e-04,3.216396088391012230e-03,2.405720942017072067e-02,-2.493047758432259675e-02,-4.294563529372016431e-04,8.056291272612679105e-04,-5.951302317023073269e-05,-4.237748601837660386e-05,-8.014013215976015020e-04,-2.737080444044930842e-03,2.936151657669968090e-04,4.162395751571758978e-03
2.722323049001814863e-02,5.069019168374839374e-02,3.296883151427978831e+00,7.078101539574270518e-02,1.006848641773676611e-01,3.611549926620113982e-02,2.857887614404206952e-02,4.537205081669691553e-02,-2.426836845725317104e+01,1.884259741840103697e+00,-2.572911125990277714e+00,-4.316559812633872228e-01,-2.756669645280399594e-01,-1.282225853888029565e+00,6.977108877711855062e-01,1.101517923191474013e+00,5.930214535173398138e-01,-5.408018925080193551e-01,-3.738816824594444199e-01,-3.865105899187706862e-02,6.367168029426352460e-02,4.212563509614969913e-03,1.538488852721131908e-02,9.636533386232384868e-02,3.813261693640943722e-02,1.169735828351718904e-03,1.637883508575155213e-03,2.989816581298280953e-03,2.097354271430233545e-04,3.772379511075159265e-04,4.008148624900509382e-04,5.856098906659284445e-04,3.803396111441838083e-03,2.699813145326786581e-02,-2.041742286751361060e-02,-7.361053332185181486e-03,-9.872840135483507140e-03,-3.911799041138845634e-02,-6.768866076342225369e-02,-4.778868674309164066e-02,2.174562860613722670e-02,-3.629764065335751300e-03,-3.091935226831203920e-01,1.324904637218967451e+00,-2.968158066105748283e-01,-3.938307943728314164e-01,-4.831467732682179217e-01,-9.004560834876434994e-01,-3.359061840281452049e-01,1.792538950425441868e-01,6.964496771512749262e-01,3.680078799618975438e-01,-4.501116970409623219e-01,-2.608786260520377653e-01,-4.420458077036702738e-02,3.339543472006868859e-03,1.457870418235615410e-02,8.959104016589791719e-02,-3.806350020148930452e-02,-1.135067253474103012e-02,8.253790857868683857e-04,1.894599509942064552e-04,-1.232182886182719669e-04,9.638228124621435987e-05,2.502012000598739664e-04,-1.371555482798766240e-03,3.413894242031778516e-03,6.335943093296735051e-03
2.223230490018148972e-02,2.412538526944430287e-02,3.271197518879623622e+00,1.255475648678944234e-01,1.945721317158763952e-01,1.397188872739146270e-01,2.888348955907739726e-02,3.811252268602540599e-02,-2.390222616158701285e+01,1.749956066616479067e+00,-1.276709270904010651e+00,-7.103613171123628334e-01,-2.983132644642811360e-01,-1.486415026364692693e+00,-3.835795832076650536e-01,3.204064886457736461e-01,4.832277750167546237e-01,5.913725176626432045e-01,-8.033474470194242045e-02,-2.411905856766711348e-02,2.719322251228408205e-01,6.578207642568791556e-03,3.293464209803982200e-03,6.069052329075119712e-03,1.237865005829627682e-03,2.438172216543674654e-03,1.610955836893357852e-03,8.553045457074156740e-03,8.316878048740240998e-04,1.797807187543669621e-03,3.825088327182379899e-02,1.193625405457836575e-01,2.757149937787974417e-02,3.253613230585253313e-02,-4.990925589836658904e-03,-2.656480641430409087e-02,-2.568563254835520837e-02,5.476654947215171820e-02,9.388726753850873408e-02,1.036033880077134872e-01,3.046134150353277392e-04,-7.259528130671509538e-03,3.661422956661581907e-01,-1.343036752236246301e-01,1.296201855086267063e+00,-2.787053358489756105e-01,-2.264629993624117654e-02,-2.041891724766631278e-01,-1.081290470978850671e+00,-7.811114345457004227e-01,-1.097936785005851901e-01,1.132174410170662560e+00,2.935469377575020133e-01,1.453200042420995514e-02,2.082605448285773098e-01,2.365644132953821643e-03,-1.209142431740733645e-02,-9.029628153324872897e-02,-3.689475193057981106e-02,1.268436388191955750e-03,-2.692767168179736187e-05,5.563228875775875354e-03,6.219523777310007181e-04,1.420569236436153640e-03,3.785006840933374805e-02,1.187769306551177267e-01,2.376810326643790522e-02,5.538000852584667316e-03
2.450090744101633342e-02,4.665682676074178747e-02,3.281052721235095060e+00,9.746148356666380075e-02,1.226553518074510601e-01,1.793421274089651574e-01,1.426729219177259693e-02,1.814882032667876691e-02,-2.373118871640684446e+01,1.837064483075589338e+00,1.703712232517861636e-01,-3.807837578526880318e-01,-6.992041749538364659e-01,-9.379331295803994273e-01,-7.151718178510193535e-01,3.801064370352958965e-01,8.194537194716267070e-02,5.938647077257043216e-01,5.291307852199890194e-01,1.207005514073808683e-01,-4.311340152336702869e-01,2.604933151919544901e-03,1.753761050559779835e-03,3.948495791752828013e-03,1.059921362223780828e-03,8.315546924965860898e-04,1.396645763283544403e-03,2.079152424577930015e-03,1.011256243507571484e-04,2.644467568984927922e-03,1.824451537497287779e-01,2.837780957512857360e-02,6.732612370304972248e-03,4.967842954977375047e-02,2.268602540834843695e-03,2.253144149129748461e-02,9.855202355471437414e-03,-2.808608130123062263e-02,-7.191677990842533508e-02,3.962324013505053033e-02,-1.461619736730480033e-02,-1.996370235934663909e-02,1.710374451801683904e-01,8.710841645911027165e-02,1.447080494155796870e+00,3.295775592596748016e-01,-4.008909104895553299e-01,5.484818967842932658e-01,-3.315922346433543000e-01,5.969994838952225047e-02,-4.012824030695919530e-01,2.492190063061117122e-03,6.094655299219314815e-01,1.448196099750479748e-01,-7.030662403565111074e-01,-3.973274490649246656e-03,-1.539703159244202365e-03,-2.120556537322291699e-03,-1.779436436058468539e-04,-1.606617524047088564e-03,-2.143100736098134482e-04,-6.473893032496226725e-03,-7.305621805232669378e-04,8.466603814412583008e-04,1.441942704779049789e-01,-9.098473097065508386e-02,-2.083888700757477105e-02,1.714229724392121734e-02
1.814882032667876691e-02,2.106452409934636560e-02,2.858354557914790206e+00,1.217291212045511078e-01,1.764376104594015393e-01,1.142568396703906863e-01,5.723918377077704712e-03,1.814882032667876691e-02,-2.500933617030191058e+01,2.131215283680901962e+00,-3.723836370772674598e-01,-2.636664876861507523e-01,-9.892715478025029263e-01,-1.025378114801986484e+00,-5.696183467337925244e-01,2.968152799696270328e-01,7.843480750500954057e-01,2.629152495215649199e-01,7.908166805207730299e-01,2.408489396569709617e-01,-3.346959709015474571e-01,4.961705059475794363e-03,2.904795150357706267e-03,4.277737653025386576e-03,1.824982611270745342e-03,1.338461347460826812e-03,1.293999040041425791e-03,7.936807217567622488e-03,1.312320855273222374e-04,1.548627360060606667e-02,1.058106338125550799e-01,8.662955355106569111e-02,8.972825749519030419e-03,3.449529269870710985e-02,-6.352087114337566509e-03,-2.559230266139542187e-02,-4.226981633203048538e-01,2.426763763788730710e-02,5.378225865195047917e-02,-6.508528773857447103e-02,-8.543373814694891349e-03,0.000000000000000000e+00,-1.278147453895066121e+00,2.941508006053126234e-01,-5.427548603290536233e-01,1.171172701665372795e-01,-2.900673728486664604e-01,-8.744498522158705711e-02,1.455534711172268292e-01,-8.329115706566886379e-02,7.024027031029327350e-01,-3.309494582041394017e-01,2.616858953007840105e-01,1.201483882495900934e-01,9.643804433212282978e-02,2.356771907556249462e-03,1.151034099797926431e-03,3.292418612725585628e-04,7.650612490469645144e-04,5.069066549642407219e-04,-1.026467232421186121e-04,5.857654792989692473e-03,3.010646117656508899e-05,1.284180603162113875e-02,-7.663451993717369792e-02,5.825174397593711750e-02,2.240213379214058172e-03,-1.518313685106664063e-02
3.266787658802177557e-02,3.120674611522189588e-03,3.102046750029607836e+00,9.375007793841658166e-02,1.394235625173687876e-01,1.447087245318921522e-01,1.276812527143691978e-02,2.450090744101633342e-02,-2.637839085217656176e+01,2.594260867634499590e+00,-1.507525199196006228e-02,6.702750331692338692e-01,-8.932106909602011147e-01,-3.638725735820200757e-01,9.437324418316367369e-02,-1.312122559490128682e-01,5.585224906192126637e-01,1.928030512823893095e-01,-4.574649834323318842e-02,1.735901820157200737e-01,-2.256637928454860442e-01,8.573580995374705319e-03,1.670894667353591250e-03,7.181735518010745611e-02,5.849254061025189154e-03,1.705226959776837137e-02,2.184199957906984586e-03,5.231215042466300785e-02,3.511968416305653331e-04,4.964889121513604191e-04,2.916339119649957734e-02,9.637072855716392883e-02,2.314155515585915573e-03,3.098982097696743529e-02,1.451905626134300867e-02,-1.794384948782417472e-02,2.436921921148176295e-01,-2.797904326613452619e-02,-3.701404794203275173e-02,3.045188486150146590e-02,7.044206894359215064e-03,6.352087114337566509e-03,-1.369054681874651180e+00,4.630455839535976281e-01,3.573083850853073784e-01,9.339415208553846215e-01,9.606085684230181165e-02,6.615055412199664087e-01,6.639915909169562536e-01,-4.280275359186399009e-01,-2.258255844308827420e-01,-7.011219823917561045e-02,-8.365631788640062183e-01,-6.725875764125088807e-02,1.090321780560614129e-01,3.611875935898910955e-03,-1.233900483004115017e-03,6.753961752708206867e-02,4.024271449754444029e-03,1.571380825030754477e-02,8.902009178655587943e-04,4.437534320709538710e-02,2.199647561032430957e-04,-1.498978468845470549e-02,-7.664724261605550260e-02,9.741175006098237721e-03,-6.658670233933114413e-03,-3.505471721739674557e-03
4.673321234119782314e-02,1.808877274072428695e-02,3.222827312519600085e+00,8.624561755543741493e-02,1.149766840990374128e-01,1.157559932890327992e-01,1.605743404394662649e-02,7.531760435571688284e-02,-2.417258570255365413e+01,1.033675229592685429e+00,-1.031612319694624080e+00,4.561061887501217660e-01,-3.731460139063482728e-01,-4.294709296782411867e-01,-3.378142196313769219e-01,-6.778931765804681042e-01,6.073831395563360491e-01,2.935518740660845172e-01,9.525628562165838753e-01,4.562916935832486698e-01,-8.437407654780750832e-01,5.723618197244756530e-04,3.655377141212771746e-04,2.865681798586367651e-02,6.625092245378974912e-03,7.469998819227087255e-04,3.937931412174678161e-04,7.059838066585956938e-03,5.929724080044022558e-03,4.195790731934252726e-02,2.779864945631235762e-02,4.035895624813286460e-03,2.998177700899933885e-03,1.342486988647398523e-02,1.406533575317604756e-02,1.496809812920209780e-02,1.207805624899922492e-01,-7.504460382979166733e-03,-2.444687841833137476e-02,-2.895273124285935307e-02,3.289308772509706713e-03,5.081669691470054595e-02,2.205805149622907635e+00,-1.560585638041814160e+00,-1.016537067702663943e+00,-2.141688444191121032e-01,5.200646770538528418e-01,-6.559835609622111097e-02,-4.321874638145405956e-01,-5.466809206314552361e-01,4.886064893712338542e-02,1.007488227836952077e-01,9.983093545598170637e-01,2.827015115675285961e-01,-6.180769726325889835e-01,-8.001219175650229123e-03,-1.305356953232313967e-03,-4.316053719424377960e-02,7.758381843537857578e-04,-1.630526971584566123e-02,-1.790406816689516824e-03,-4.525231235807705005e-02,5.578527238413457170e-03,4.146141840719116956e-02,-1.364741740187219721e-03,-9.233483293235064671e-02,6.840221853140183127e-04,-1.756495109049344833e-02
4.764065335753175923e-02,2.174534167948118796e-02,3.206094264155972873e+00,1.009340017474621709e-01,1.361195945360505477e-01,2.396789597284702533e-01,1.019227258263788981e-02,7.441016333938293981e-02,-2.416123972182714397e+01,4.836014742394086074e-02,-1.502326108939722626e+00,3.164235875642777696e-02,-1.137303552093687636e-01,-9.265103435266452969e-02,-2.037816566032459864e-01,1.415640148008795729e-01,3.619674880535486139e-01,1.418654535650697435e-01,1.111881508792091466e+00,9.934081135278183261e-01,-2.116114291817275395e-01,1.133565174541843442e-03,1.972360376737475676e-03,1.450461066230847029e-01,2.010373251252205434e-03,1.041928835782181218e-03,6.423280236946909104e-04,3.763541515354720292e-03,1.401703179084008710e-02,1.015260399787777483e-02,9.634824643008387587e-04,2.433253919571387591e-03,6.253102551398179252e-04,3.932215632587651027e-02,9.074410163339360902e-04,3.656568938756901005e-03,-1.673304836362721204e-02,1.468838419202475598e-02,2.114291043701313488e-02,1.239229664394374542e-01,-5.865161461308736682e-03,-9.074410163339430291e-04,1.134598072651016309e-02,-9.853150821687445271e-01,-4.707137892450985461e-01,-4.244638299936939752e-01,2.594156586969795231e-01,3.368198953255766570e-01,1.340325630281309355e-01,8.194571913813476494e-01,-2.454156515027874352e-01,-1.516864205010147737e-01,1.593186525755075911e-01,5.371164199445697118e-01,6.321293362963475992e-01,5.612033548173677886e-04,1.606822662616198393e-03,1.163892886372210334e-01,-4.614718994126769044e-03,2.949289538594724929e-04,2.485348824772230943e-04,-3.296296551231236646e-03,8.087307710796064544e-03,-3.180530332146475070e-02,-2.683516699201151864e-02,-1.602641705241898869e-03,-2.372867445760116177e-03,2.589728643940252678e-02
5.353901996370236116e-02,3.069310261701903991e-02,3.288762187495515299e+00,8.817225852811140518e-02,8.155233016539800706e-02,4.423940130383032243e-01,1.028751648381166783e-02,8.983666061705988803e-02,-2.357428473842102434e+01,-3.338514326102379748e-01,-7.491975537381665440e-01,-3.242002190046672228e-01,-4.809855767424562334e-01,1.588743873222405179e-01,-4.391934106922024128e-01,3.546324169049051012e-01,-6.545252107742201009e-01,-4.892294397232609948e-01,6.991534731074152687e-01,6.337808570449635637e-01,-2.400229540472726686e-01,7.459569422110478827e-04,3.772134814479991601e-03,2.944913720719870287e-02,8.708234437167725875e-04,2.394408810299229837e-03,1.576050201853347035e-03,1.403936460190217256e-02,4.726065040250851390e-02,7.979179344391594542e-03,1.382064052609538755e-04,1.741079978761229810e-03,4.782841164340513552e-04,1.405974957176885434e-02,5.898366606170601933e-03,8.947760937537851955e-03,8.266792333954242622e-02,-1.276174321935076572e-02,-5.456726437065254065e-02,2.027150533098329710e-01,9.524390117377802556e-05,1.542649727767694823e-02,5.869549834061196236e-01,-3.822115800341788217e-01,7.531285552015560825e-01,-3.558425777610950136e-01,-3.672552215330874836e-01,2.515254216749050475e-01,-2.354117540889564264e-01,2.130684021040255283e-01,-1.016492698827768715e+00,-6.310948932883306828e-01,-4.127280356846761977e-01,-3.596272564828547624e-01,-2.841152486554512913e-02,-3.876082323307955589e-04,1.799774437742515925e-03,-1.155969694158860001e-01,-1.139549807535432738e-03,1.352479974517048619e-03,9.337221781586561246e-04,1.027582308654745313e-02,3.324361861166842680e-02,-2.173424653486180289e-03,-8.252760590398848560e-04,-6.921739408101577808e-04,-1.470261387057665700e-04,-2.526240675410765593e-02
3.493647912885662621e-02,9.891299868876031118e-03,2.868405019189301797e+00,1.051934666798727686e-01,1.440849370739397950e-01,4.620570147203433842e-01,9.993160813508044846e-03,9.800362976406533366e-02,-2.452264215515436163e+01,8.438271527345125866e-01,-2.818456954960776306e-01,-7.201161187317612900e-01,-5.015130513995292444e-02,5.421222991425894699e-01,-5.343490705377809125e-01,-1.243558387762437600e-01,-7.023919146596995233e-01,1.408868454045331675e-01,6.481793136010376433e-01,7.989615998967928290e-01,3.471443634456250482e-01,9.245692966874561550e-04,2.751619845087986422e-03,7.844549539731402940e-03,1.137583176049233955e-03,3.689193947005192046e-03,1.369664188536700786e-02,1.072950313815912438e-01,3.508148369667794114e-02,4.848047385389956526e-02,1.540650854363119927e-03,8.395942522829443573e-04,2.007285601018776451e-04,3.055985023249284047e-02,-1.860254083484573495e-02,-2.080180274814300706e-02,-4.203571683062135023e-01,1.702120815176136337e-02,6.253260690854178794e-02,1.966300168204015986e-02,-2.943556703036229877e-04,8.166969147005445628e-03,-9.483574167333372884e-01,1.177678585344750672e+00,4.673518582420889134e-01,-3.959158997270940672e-01,4.308342716025033159e-01,3.832479118203489521e-01,-9.515565984557849966e-02,-4.789882556811488890e-01,-4.786670388547942245e-02,6.301162851277941623e-01,-5.097415950637762538e-02,1.651807428518292653e-01,5.871673174928977446e-01,1.786123544764082723e-04,-1.020514969392005179e-03,-2.160458766746729820e-02,2.667597323324613677e-04,1.294785136705962209e-03,1.212059168351366061e-02,9.325566677968907814e-02,-1.217916670583057276e-02,4.050129450950797072e-02,1.402444449102166132e-03,-9.014857264782854531e-04,-2.775555563321737101e-04,1.650010066072398612e-02
1.320326678765880168e-01,3.260097141393154558e-03,2.337650587835740090e+00,1.579080259532466834e-01,1.585207112433183463e-01,8.172253516917583616e-01,6.471262231148724488e-03,1.533575317604355670e-01,-2.557695806747454625e+01,6.904418893994209716e-01,-7.814663862463246957e-01,-4.646812413624479277e-01,-1.670751597368728969e-01,4.389477810301164462e-01,2.409556965803659190e-01,8.455943526730237692e-02,-2.073534035948623733e-01,-3.545215854729300009e-01,7.372963476356368950e-01,8.814382678043055641e-01,4.265626712944959875e-01,6.277264835531965077e-03,3.696196142650735959e-03,9.489990329930442572e-03,1.828020935118594616e-03,7.842520858916020299e-03,2.879402648480401672e-02,5.933622475955189352e-02,2.119871100867527086e-02,6.416513173731199123e-03,1.574852233656025583e-03,5.169485992000423351e-03,1.940563785659382137e-03,1.611473107385886019e-02,9.709618874773139063e-02,-6.631202727482876993e-03,-5.307544313535617064e-01,5.271455927337391489e-02,1.443577416937855129e-02,3.551683369714149774e-01,-3.521898582359320358e-03,5.535390199637023334e-02,-1.054315912320184623e+00,-1.533852633350916150e-01,-4.996206907502470651e-01,2.554348773693133623e-01,-1.169238545969199794e-01,-1.031745181124730237e-01,7.753047671181467759e-01,2.089152740435461508e-01,4.950385110648371501e-01,-4.954084308774631684e-01,8.911703403459925177e-02,8.247666790751273513e-02,7.941830784887093930e-02,5.352695538844509139e-03,9.445762975627495367e-04,1.645440790199039632e-03,6.904377590693606612e-04,4.153326911910828687e-03,1.509738459943700886e-02,-4.795880662203935024e-02,-1.388277268800267028e-02,-4.206396068016836354e-02,3.420137929290565683e-05,4.329891739717478885e-03,1.739835225557504438e-03,-1.444511915863398027e-02
7.214156079854809611e-02,1.205064033750320729e-02,3.055607227400295667e+00,1.325955201325626220e-01,1.539046628803314720e-01,7.411821546938762717e-01,6.151462930019436365e-03,1.415607985480943631e-01,-2.363306675687407576e+01,-2.386548941730036177e-01,-1.297118003642242501e+00,1.902384973053977968e-01,1.835180006058050595e-01,2.865634806782506039e-01,3.153051147436317647e-01,-3.583743380266256051e-01,7.447631558308689392e-01,-5.043433582457989006e-01,-5.965730628532642243e-02,-8.468052463738069691e-02,1.092555540934322597e-02,5.677384610711189682e-03,1.655998323677898565e-02,6.017268426835943422e-03,5.418969101325979768e-03,3.474232825283659395e-03,1.642296252599154171e-03,6.535740276763928568e-03,2.650444104098224896e-03,4.604653805443245304e-03,3.230535988893316716e-03,1.533376444942755219e-02,2.175969395387940264e-02,6.174657499815968190e-03,-5.989110707803992073e-02,8.790543196110053165e-03,7.179566395645555765e-01,-2.531250582068406141e-02,-4.616048362986874265e-03,-7.604319699788208986e-02,-3.197993011292881230e-04,-1.179673321234120387e-02,1.943891310600470490e+00,-9.290967835724246449e-01,-5.156516173959178051e-01,6.549197386678456967e-01,3.505931603426779564e-01,-1.523843003518658423e-01,7.434941816326584574e-02,-4.429337732939279682e-01,9.521165594257312570e-01,-1.498217727728688997e-01,-7.969536539209632897e-01,-9.661187924416863027e-01,-4.156371158851527858e-01,-5.998802248207753957e-04,1.286378709412825012e-02,-3.472721903094499150e-03,3.590948166207385151e-03,-4.368288033632360470e-03,-2.715173023220486190e-02,-5.280048448278796408e-02,-1.854826690457704597e-02,-1.811859368287953818e-03,1.655683755237291133e-03,1.016427845742712971e-02,1.981913016822002202e-02,-9.940073574042892005e-03
7.758620689655172653e-02,2.797201153241285487e-02,3.057738815247726727e+00,1.164156029710357865e-01,1.376240666477364927e-01,5.369429168284661769e-01,3.862839681643439032e-03,1.279491833030853010e-01,-2.294746742452121779e+01,-4.002243337602484630e-01,-6.126733232180576749e-01,8.574683861950860297e-01,-2.272250647839639259e-01,6.072253338277666668e-02,1.749513467393135346e-01,-5.129228941608733328e-01,1.471079210477252430e-01,-8.947378955886187146e-01,-1.678611411944211929e-01,4.698700300599730761e-01,5.860056845081196286e-01,1.839462972942874572e-02,2.342597754025088543e-03,8.131020474827002891e-04,2.411021742428973939e-03,3.297485882338081244e-03,1.595454475346218606e-02,6.889044202840045525e-03,1.147285644560728200e-03,2.822957281304599476e-03,3.440374409223966728e-03,7.196141376779275831e-03,2.078277256963899713e-02,6.824959619851043990e-03,5.444646098003630419e-03,1.592137119490964758e-02,2.131587847431060112e-03,-1.617991716152683557e-02,-1.628059623259497934e-02,-2.042392378654100948e-01,-2.288623248375997333e-03,-1.361161524500906217e-02,6.855993323528579708e-01,-1.615694395872448452e-01,6.844446804241848259e-01,6.672298888896882607e-01,-4.107430653897690132e-01,-2.258409472954739372e-01,-1.403537680043182301e-01,-1.545485561342477276e-01,-5.976552347831436407e-01,-3.903945373428198140e-01,-1.082038349090947704e-01,5.545505546973538147e-01,5.750801290987763714e-01,1.271724511871755517e-02,-1.421738548275389667e-02,-5.204166379353242916e-03,-3.007947358897005829e-03,-1.767469429455781511e-04,1.431224850086303124e-02,3.533039260761169573e-04,-1.503158459537496695e-03,-1.781696524138645828e-03,2.098384203306500120e-04,-8.137623072648276362e-03,-9.769213842404055048e-04,6.503021200350758008e-04
3.493647912885662621e-02,6.310041523082434746e-03,3.207406042661375078e+00,9.524899773180343920e-02,1.427220956199169166e-01,2.336166711836896726e-01,1.016055725787870512e-02,8.076225045372051325e-02,-2.498996332293256728e+01,1.281790669653796400e+00,-9.919926688889239841e-02,1.579298928196328777e-01,-2.494940831480109977e-01,1.657340385293634352e-02,-6.796962806902151488e-01,-3.630320022616893572e-01,-4.466750846509983663e-01,-6.771246220420350515e-01,2.595505694262071894e-01,8.115191074907360802e-01,5.958981361469389837e-01,3.497686440305985967e-02,2.503899880468683174e-03,7.979923866894582038e-03,2.669774361926183660e-03,1.369197551291744842e-02,7.062935017263057003e-02,5.943622615639643919e-02,3.772152884765801609e-04,4.871017672124503678e-03,2.052689517047970313e-03,4.980296542819746125e-03,9.596742016539994754e-04,2.337451536724195755e-02,-4.264972776769510032e-02,-2.166197000933042099e-02,1.496672274136483516e-01,-2.116660523923234727e-02,5.098028972180423946e-03,-3.033262456447765043e-01,6.297717576235265652e-03,-4.718693284936478771e-02,-2.042495898411349486e+00,1.682015003414044862e+00,5.134740563291653181e-01,-6.995384933754531520e-01,-2.226901836404707180e-02,-4.414912952984031969e-02,-8.546476274295287112e-01,1.498908918991839756e-01,-5.937830056987236649e-01,2.176132735465836632e-01,4.274117106206283823e-01,3.416490774307630041e-01,9.892451638819355075e-03,1.658223467363111395e-02,1.613021264435946303e-04,7.166821819411881532e-03,2.587526194972097210e-04,1.039448963057936631e-02,5.467480541916838743e-02,5.254718195355639193e-02,-7.700703560841480394e-04,2.048060390819904202e-03,-1.387684892175996415e-03,-2.215844833959529706e-03,-1.982309836798499744e-02,1.654955574739091356e-02
1.678765880217785930e-02,4.196171423506518325e-03,3.283728369147031145e+00,1.133536197612532576e-01,1.879402791543884621e-01,6.087322346375348414e-02,2.690591998843074040e-02,1.270417422867513649e-02,-2.742093606111268400e+01,2.413492665254249658e+00,7.257117042973201815e-02,-5.591760412392449836e-02,-1.866625899646131015e-01,-4.104362687514713226e-01,-3.133990715947602701e-01,-2.622544660372712610e-01,-2.393207993871755146e-01,-5.788170607775413590e-01,-1.238776846751988153e-01,8.892980690782923414e-01,5.146442342513032342e-01,5.560856087478314395e-04,6.795045311357441557e-04,5.573104518326257514e-03,2.032575514860041760e-03,9.464019359864324701e-03,2.742836847398210653e-01,7.500173355747725285e-03,1.186130439930587458e-04,2.021175112922422770e-03,1.104532842821015102e-03,9.998773145001771737e-03,2.782340679665860602e-04,7.490145359158396909e-02,-1.814882032667876691e-02,-2.113870099575916421e-03,7.632232648565606681e-02,1.810462202944981835e-02,4.521818353447154548e-02,-1.727434477199361884e-01,1.674536273055203528e-02,-6.805807622504538024e-02,-2.430972738180116721e+00,1.131701995600453259e+00,1.717704373186244027e-01,-2.138474969435573692e-01,6.283149318339789624e-02,-4.270096726044076418e-01,3.662972090954548787e-01,1.007775362244180961e-01,2.073542852638228517e-01,9.830756126449369248e-02,-3.834282541014060186e-01,7.777896158755626121e-02,-8.125390189563574950e-02,-3.442077879431202497e-02,-1.824395349332939018e-03,-2.406819348568324524e-03,-6.371988470661418998e-04,-4.227956153053123722e-03,2.036543345671905092e-01,-5.193605280064871044e-02,-2.586022444835214015e-04,-2.849842559202080908e-03,-9.481566742269552112e-04,5.018476602182025612e-03,-6.814401336874134152e-04,5.152693822434201154e-02
2.813067150635208818e-02,1.160619333367849705e-02,3.130826508843699507e+00,8.479498150357107911e-02,1.097471051370082634e-01,1.744400386169478734e-01,3.626726454674661371e-02,8.076225045372051325e-02,-2.491600947047314918e+01,8.059587010793788364e-01,-8.755544438999415258e-01,-1.122059154056146424e-01,-2.879153810612340436e-01,-1.351802405927420292e-01,-7.922100925853906572e-01,-9.255459990361925016e-01,3.228386241241942844e-03,-5.821744606198656635e-01,4.999860015107292499e-01,8.435364376362523009e-01,3.730091354950937355e-01,5.003521558058551116e-03,1.411558630984669285e-02,7.550388644173756762e-03,1.187034885124385684e-03,2.442917975974422118e-03,9.913928763265272837e-03,1.353620082526890422e-01,3.589919278497936093e-03,1.547195296398206320e-02,2.870325468106950731e-03,3.701026437759980230e-03,6.295217476553659685e-04,3.604342875443290739e-02,1.134301270417422888e-02,7.410021910171978726e-03,-1.529018603033316381e-01,-2.855863825768217845e-02,-7.819317401738019868e-02,1.135668151531943892e-01,9.361344558315873310e-03,6.805807622504538024e-02,2.504926590639534822e+00,-1.607533964174870711e+00,-9.481256143296735717e-01,-5.628831128169014403e-02,-1.012527910966209421e-01,2.752560281587292934e-01,-4.788110209906303871e-01,-6.632915329989212960e-01,2.425491856284174574e-01,-3.357399842324304551e-03,6.238636861859280236e-01,-4.576163144204004052e-02,-1.416350987562094987e-01,4.447435949310719894e-03,1.343608177871094891e-02,1.977284125847499248e-03,-8.455406297356560762e-04,-7.021101383889902584e-03,-2.643697559765557648e-01,1.278618348969413065e-01,3.471306234504877280e-03,1.345077785105963999e-02,1.765792625285935629e-03,-6.297746707241791073e-03,3.512876796887799084e-04,-3.885802483715106170e-02
6.034482758620689918e-02,2.805309653413499624e-02,3.283837178847997862e+00,8.905727956032517822e-02,1.070659526701304293e-01,2.263862920484940866e-01,1.570879562484202643e-02,7.441016333938293981e-02,-2.322320053774337367e+01,6.014134595093506563e-03,-9.248690371499435070e-01,7.629238002575859934e-01,-4.513637818483842157e-01,-1.858141874051557896e-01,4.008157295444265966e-02,-6.481144853909395209e-01,5.629499592938290442e-02,3.955445550723546422e-02,6.045240552291822889e-01,1.013999180444868031e+00,1.798184739555481193e-01,1.028167617719666187e-03,1.140752896921808958e-02,1.023088863087928679e-02,5.429511390633158345e-04,1.279363794177021396e-03,7.771514302972342726e-04,2.237674902347070588e-02,1.738557101498555343e-02,2.105956850062688443e-02,1.756260196556324975e-03,5.335213423983722371e-03,1.194115422509337346e-03,8.039775123264130546e-03,3.221415607985481100e-02,1.644690320045649745e-02,1.530106700042983547e-01,4.262298056754099118e-03,-2.681152466877834151e-03,5.194625343154621322e-02,-2.055846892190458727e-02,-6.352087114337573448e-03,1.692808932729775506e+00,-7.999445664842853576e-01,-4.931459325000198124e-02,8.751297156632006358e-01,-1.634484007871501721e-01,-5.063394681241376039e-02,8.322916655398333585e-01,2.774315136452529806e-01,5.306660968814096158e-02,6.217289161271011277e-01,1.045380537184530390e-01,1.704627428086157304e-01,-1.931906615395456162e-01,-3.975353940338884930e-03,-2.708057340628603274e-03,2.680499986705530031e-03,-6.440837460610698492e-04,-1.163554181797400722e-03,-9.136777332968038998e-03,-1.129852592292183433e-01,1.379565173648761647e-02,5.587615536644821232e-03,-1.114065271550625756e-03,1.634186986223742141e-03,5.645936748539713773e-04,-2.800365363116877684e-02
4.537205081669691553e-02,9.723082058749997134e-03,2.671399677742817502e+00,7.743725624202610347e-02,8.124093081980536535e-02,2.275825352117238354e-01,1.049830479064167710e-02,7.622504537205081199e-02,-2.484142316102332515e+01,1.529565626864213546e-01,-7.762097270981358488e-01,7.698290319974148144e-01,-7.604093556032781587e-01,-2.693894594605642512e-01,-5.249140327257825200e-01,-5.754273272063306077e-01,-5.221688712034135149e-03,4.593095098684407129e-01,7.532351921427737906e-01,9.268152087260000949e-01,-3.074636499852387850e-01,5.609348220679845603e-04,5.979004910479805484e-04,2.943988258511597012e-02,7.101689221151925337e-04,1.009075586709797618e-03,1.062853208765530792e-03,8.398492119519906582e-03,1.061273603204716635e-02,2.995588577439661782e-02,1.681657615056086170e-03,3.510341907366295970e-03,2.747531810739844288e-02,1.161256132368434016e-02,-1.497277676950998365e-02,-1.833001447538500084e-02,-6.124375011051803597e-01,-1.162002331829907475e-02,-2.582502185032506392e-02,1.196243163229748774e-03,-5.210490834200349336e-03,1.814882032667872180e-03,-1.618222623279951478e+00,1.469424280913278480e-01,1.486593100518076582e-01,6.905231739828820992e-03,-3.090455737548939430e-01,-8.357527205540846160e-02,-5.649956056802252213e-01,7.268715818460891320e-02,-6.151668464141703957e-02,4.197550543612052487e-01,1.487111369135915018e-01,-8.718397171886793640e-02,-4.872821239407869043e-01,-4.672327956516816264e-04,-1.080962847817010936e-02,1.920899395423668332e-02,1.672177830518766992e-04,-2.702882074672237778e-04,2.857017784682965196e-04,-1.397825690395079930e-02,-6.772834982938387080e-03,8.896317273769733386e-03,-7.460258150023880465e-05,-1.824871516617426401e-03,2.628120268488910727e-02,3.572786200420209612e-03
4.854809437386569532e-02,5.818708427816127919e-04,2.845008369535507065e+00,1.616081735054832880e-01,1.812608412966361104e-01,8.076057031036426581e-01,1.226884720722085792e-02,1.742286751361161456e-01,-2.840782502340884719e+01,1.012477851690753550e+00,2.768022119763854372e-01,2.823096560568647551e-01,-1.806990540305360438e-01,2.659515012136157153e-01,-3.362771355412746410e-01,3.190665911139159427e-01,-6.903789242498833967e-02,8.957634965191330415e-04,4.405248492117497805e-01,6.001840993714205874e-01,9.969835515303954177e-02,5.895417460611664714e-04,1.036829853284072919e-03,2.386882696585151953e-01,2.701526402892503748e-03,3.080176862190355577e-03,6.606215690309356903e-03,3.879718445217424788e-02,7.230820065163512606e-04,2.706807608267545583e-03,3.955178273440149161e-03,3.294447895857862112e-03,3.013750617732010879e-03,6.507732152728434860e-02,3.176043557168779785e-03,-9.141211215968383583e-03,1.736086917926895623e-01,8.417091726345718450e-02,1.000199104768307451e-01,5.800231678919187672e-01,1.770542416579180822e-03,9.800362976406533366e-02,-3.566401862385522037e+00,8.595212890043322229e-01,1.053011939074521397e+00,-4.875193759405500593e-01,5.797103015727420594e-01,5.353409606741799109e-01,1.886368971845078790e-01,8.944939183202464950e-01,-6.381620371295421146e-02,-4.584137463719215599e-01,-3.127103429310240101e-01,-3.266311093545795075e-01,4.071620051382783267e-01,2.860692399318191109e-05,4.389293622360923705e-04,2.092483870733992113e-01,1.991357480777311215e-03,2.071101275480558175e-03,5.543362481543826110e-03,3.039869233265433957e-02,-9.889654025530814768e-03,-2.724907816612907180e-02,2.273520658384062774e-03,-2.158940115084338578e-04,-2.446156748966643243e-02,5.346476020360001191e-02
5.127041742286751053e-02,5.212112963789039544e-03,2.854293500264357242e+00,1.310150307230227851e-01,1.697378389435070245e-01,5.870794518915488647e-01,1.324737049711375604e-02,1.098003629764065375e-01,-2.631569430223937545e+01,1.368959054649438567e+00,4.806421522866297091e-01,-1.221178367119630348e+00,-2.397249280665282312e-01,-2.711483172244197326e-01,-3.255888531264877761e-01,-2.468410607015880665e-01,-9.652420624385317505e-02,7.333242502661654338e-01,8.481091336250327073e-01,4.479862486582770753e-01,-2.564971750850877363e-01,1.270328107268473006e-03,8.037165151451640486e-04,1.508915800359526826e-02,2.861621460094872314e-03,1.963683888014614888e-03,1.497173563083345439e-03,8.372066767443562749e-03,3.794744501317415383e-04,1.266443525260121071e-02,7.874545726654523514e-02,7.839139100614383321e-03,1.005517073285262667e-03,2.096688529557769881e-02,2.722323049001815209e-03,4.630242121007426860e-03,9.285130728850177206e-03,-3.059314278246050289e-02,-1.152300235312908594e-02,-2.205262512120937934e-01,9.785232898928981210e-04,-6.442831215970960812e-02,2.092130721169471741e+00,3.564812029586850173e-01,2.038399403102442720e-01,-1.503488023176495103e+00,-5.902587403599218741e-02,-5.370998184380354479e-01,1.068828241478686492e-02,-5.659076518155039537e-01,-2.748631381886483538e-02,7.324284867696463364e-01,4.075842844132829268e-01,-1.521978507131435121e-01,-3.561955302381272781e-01,6.807863612073065344e-04,-2.331133381389088703e-04,-2.235991116549199131e-01,1.600950572023685653e-04,-1.116492974175740688e-03,-5.109042127226011247e-03,-3.042511768473068340e-02,-3.436075563846097223e-04,9.957627644333664693e-03,7.479027899310508598e-02,4.544691204756520775e-03,-2.008233544446747995e-03,-4.411043623170664979e-02
2.268602540834845777e-02,3.559627003482186865e-03,3.217849619256045290e+00,9.689661799191988389e-02,1.377622848132996902e-01,3.655158580359881837e-01,1.179804460999405585e-02,3.085299455535390339e-02,-2.615500813082604736e+01,2.133234840471301297e+00,5.753932485846227074e-01,-6.592275594546057604e-01,-3.338495858503348623e-01,-3.526666218376424133e-01,-5.974805851113518251e-01,-1.455403588477033883e-01,-2.582946994445509681e-01,2.879689833873089189e-01,4.941973472675693646e-01,3.706789495918222932e-01,1.235425384373055602e-01,1.482219810388387803e-03,1.560567614303815616e-03,1.641231842161453014e-02,3.833042611733694129e-03,4.868115477954834680e-03,7.520196182759971044e-03,1.145573532804037287e-01,9.665858246390950223e-04,3.425482463419536605e-02,1.080992617169664570e-02,2.402747019813896573e-02,3.356304496361844046e-03,3.055576454144082882e-02,-2.858439201451905276e-02,-1.652485960306852679e-03,3.635561189916880487e-01,-3.411841273110290118e-02,-3.197555413020733428e-02,-2.215635938555606810e-01,-1.449325887119700187e-03,-7.894736842105262720e-02,1.606861714133280827e-01,7.642757858218627298e-01,9.475109629799299826e-02,5.619508076650245876e-01,-9.412465778380663117e-02,-8.151830461322268073e-02,-2.718917319848640490e-01,1.013007018538846782e-01,-1.617704932006978069e-01,-4.453552668788565150e-01,-3.539117863574633427e-01,-7.730729906645478211e-02,3.800397135223932965e-01,2.118917031199147975e-04,7.568510991586515670e-04,1.323160418019261875e-03,9.714211516388218150e-04,2.904431589940219792e-03,6.023022619676625389e-03,1.061852865129601642e-01,5.871113745073534840e-04,2.159038938159415361e-02,-6.793553109484859465e-02,1.618833109752458241e-02,2.350787423076581596e-03,9.588879245863130008e-03
2.903811252268602427e-02,7.575075778099839459e-03,3.279649341911398341e+00,1.053533128136598385e-01,1.213964605654722917e-01,3.818994483164164788e-01,1.579081720913940584e-02,4.355716878402903641e-02,-2.665783388322498126e+01,1.216649218237424002e+00,3.971214792531126969e-01,-7.456423036330087628e-01,6.169029748648764411e-01,-5.697713453722041965e-01,-5.721710018104473328e-01,-5.490112376468820887e-01,-2.570987910868107185e-01,3.881132307902316891e-01,8.102324964459076684e-01,1.177096523565305253e+00,1.840040938082518895e-01,2.133588091436603579e-04,6.696719823760731135e-04,2.176520806099426289e-02,1.498074608691726697e-04,9.381207249716310911e-04,4.186369309642957331e-04,1.061212169337238595e-02,1.871039630314949229e-02,1.635443934641035713e-01,1.667478548711314899e-03,1.572929914956035019e-03,1.345544345450946228e-04,4.438669292355626461e-02,6.352087114337566509e-03,4.015448774617652594e-03,6.179972265535305098e-02,8.456694821739954571e-03,-1.636582424782739853e-02,1.638359028042829513e-02,3.992772599145349988e-03,1.270417422867513302e-02,-5.028257523989339006e-01,-9.165856222338772952e-01,-1.782717693315100105e-01,-8.641474417840300237e-02,9.507525607152113034e-01,-2.171047235345617832e-01,2.530958330090449238e-02,-4.034708787991787005e-01,1.195908357740249617e-03,1.001442474029227703e-01,3.160351491783383038e-01,8.064175739734829040e-01,6.046155537094632937e-02,-1.268861001244727445e-03,-8.908956319277425021e-04,5.352889639379732750e-03,-3.683235150864521378e-03,-3.929994752983203589e-03,-7.101559251795674932e-03,-1.039452315870313392e-01,1.774381047851039672e-02,1.292895688299082191e-01,-9.142447622985331451e-03,-2.245454028318293049e-02,-3.221750061816749423e-03,1.383092838211543579e-02
2.177858439201451821e-02,4.716777285550263245e-03,3.285502038437793537e+00,9.626523410940368564e-02,1.235723917472437566e-01,2.154231448636808044e-01,3.704165114825228033e-02,4.083484573502722120e-02,-2.703739060973314778e+01,1.789709056834823064e+00,1.358655711008958655e-01,-7.378701672088223695e-01,3.250752834752586584e-01,-4.006339459081782461e-01,-4.603636054513748910e-01,-3.674677112559099346e-01,-6.496837034448130210e-02,-1.412931163353216557e-01,1.896991211102692088e-01,1.003079332283603353e+00,4.138630990348529659e-01,3.220127185439567493e-03,2.266005681697485542e-03,3.125576908605267983e-03,2.568506955385463906e-04,1.476453458236737584e-03,3.540054241199826549e-03,1.888712103111247764e-01,1.118369062722140332e-03,4.711811348839805777e-03,2.134246433080126681e-03,1.911330604358852173e-03,3.503750617469489088e-04,5.161075666474886081e-02,-7.259528130671506069e-03,-2.858298492549576214e-03,5.852696526395195775e-03,-9.088078704256152829e-03,2.175931181771464940e-03,-1.664763034527356744e-01,2.125083393911287449e-02,-2.722323049001815209e-03,-3.795567265081665198e-01,5.730598385973990627e-01,-2.612559081522168314e-01,7.772136424186393278e-03,-2.918276913896177827e-01,1.691373994640259504e-01,1.118073963590724418e-01,1.815435263909721542e-01,1.921304207423294164e-01,-5.294063471255533448e-01,-6.205333753356384596e-01,-1.740171912817018995e-01,2.298590052266010764e-01,3.006768376295907135e-03,1.596333699321412537e-03,-1.863963115238899404e-02,1.070432346693737209e-04,5.383327332651064931e-04,3.121417310235530870e-03,1.782590886177523870e-01,-1.759202724042735130e-02,-1.588325821152637707e-01,4.667678843688117824e-04,3.384006894028171539e-04,2.158206272018542860e-04,7.224063741192596200e-03
4.355716878402903641e-02,3.760548977943741888e-03,3.176605575143380378e+00,1.030481695671733589e-01,1.268689603900848284e-01,4.673907263513212840e-01,2.265307695838818941e-02,8.892921960072595888e-02,-2.551239038762715694e+01,1.138925006258094452e+00,-1.769897819675999018e-01,-2.799367128942463756e-01,2.638009314428639840e-01,-5.594176135890441270e-02,-6.216829668660852626e-01,-2.940131774620067251e-01,-5.527903848493265215e-02,-4.358313504260096227e-01,6.010630186019964849e-02,7.211849791094133710e-01,8.681342467352999304e-01,2.483608774023812402e-02,1.394501909428726583e-03,9.617718232356025840e-03,1.772884988775004543e-03,1.148972739987495946e-02,1.088544094713629479e-01,2.727922075354271766e-02,8.108593244662155430e-04,3.363409950461396149e-03,2.104388679967993808e-03,5.671628360283173693e-03,1.443164548675021121e-02,2.881631857361479157e-02,2.177858439201451821e-02,-9.562283076065213570e-04,-1.088964632944131594e-01,6.782935457769673215e-03,3.296568642841071761e-03,2.519675814876404796e-01,-1.438857418986409092e-02,4.809437386569873768e-02,1.525000222105990844e+00,-6.507840505767286121e-01,-3.128553530684957673e-01,4.579334543145759939e-01,-6.127435203239467443e-02,3.446921845492738612e-01,-1.613193614147103716e-01,7.345453379390320947e-02,9.689331859548649950e-03,-2.945382340906879670e-01,-1.295928192500695464e-01,-2.818943531741899822e-01,4.542711477004469645e-01,2.161596055479855782e-02,-8.715037722687589590e-04,6.492141323750757857e-03,1.516034293236458207e-03,1.001327394163822188e-02,1.053143552301631231e-01,-1.615919895575820553e-01,-3.075097382559247895e-04,-1.348401398378409628e-03,-2.985775311213287320e-05,3.760297755924321521e-03,1.408127042500326165e-02,-2.279443809113406924e-02
3.312159709618874709e-02,3.121018113948725164e-03,3.109239241221736449e+00,1.124758936124239384e-01,1.629036025911262675e-01,3.024885700367112018e-01,1.008275647275379272e-02,4.718693284936479465e-02,-2.644947566743319456e+01,1.240240597449368432e+00,8.393785230291628263e-02,-2.618831376308538017e-01,2.207073110908692737e-01,2.239798100710424789e-01,-6.677773496572115830e-01,8.945153772748820620e-02,-6.104235618419054377e-02,-5.708011664287930831e-01,-5.842828958702404041e-01,3.362411501060991736e-01,1.136650772625883654e+00,1.734387934718641892e-03,1.297559272091311283e-03,1.449581831564985060e-02,8.211678776850875328e-03,6.228286934382933071e-02,3.945384624450504890e-02,1.502939402718052320e-02,4.628985333041354434e-04,2.488563165119707897e-03,3.359279611680766864e-04,1.054134604412749164e-02,4.162725233531223978e-02,1.942642923852229420e-02,-1.043557168784028932e-02,-6.395308639950167233e-04,-6.736633392164392831e-02,9.427724045250579499e-03,3.603464220104143911e-02,-1.649021563146100822e-01,-1.257032048563439669e-02,-4.174228675136116423e-02,-9.370852798060376188e-01,1.013155911912739793e-01,2.609276342705161844e-01,1.805357526339257390e-02,-4.309362035199471030e-02,2.799215714299468916e-01,-4.609438279112632042e-02,3.834647151894949313e-01,-5.763317699257891613e-03,-1.349698160027834604e-01,-6.443891977304400109e-01,-3.849438290033141974e-01,2.685165258905837238e-01,-2.310169980551948082e-02,-9.694263733741530047e-05,4.878100083293824760e-03,6.438793788075871001e-03,5.079314194395437299e-02,-6.940056322685789203e-02,-1.224982672636219447e-02,-3.479607911620800995e-04,-8.748467853416882524e-04,-1.768460718799917068e-03,4.869717683844317947e-03,2.719560684856203031e-02,-9.389889335092497374e-03
1.905626134301270300e-02,5.585886679043496105e-04,3.081799849008009851e+00,1.009231773418908379e-01,1.462656142109569901e-01,1.413485466555483294e-01,1.685960408292552087e-02,1.633393829401088779e-02,-2.908593323979290801e+01,2.047566362550166996e+00,1.839999806074898991e-01,5.969304364733050150e-01,2.676441104750445360e-02,3.325905459888524041e-01,-7.420056725674951947e-03,-1.517466265443072060e-01,-1.737590370814105778e-01,-2.905835165630883954e-01,-4.604885590418189567e-02,2.788963611231691231e-01,2.689234583968925785e-01,2.109324018716406991e-03,2.164000124660877611e-04,2.376707552360920739e-01,1.575474002097759091e-02,1.972040073681982295e-02,2.083828606652426453e-03,7.408166132168747531e-02,3.264151415883429766e-04,2.992742010553156931e-03,4.428321061964416924e-03,3.859633330257112444e-02,2.376222824242471522e-04,6.514406939891233261e-02,-1.406533575317604409e-02,-2.562429446044375662e-03,-2.743939221372659887e-02,-1.155271627053310046e-02,-1.663798838016927739e-02,-1.611400233811628724e-01,6.776847610171728153e-03,-3.085299455535390686e-02,-2.636457572359713453e+00,8.073257651007985647e-01,1.000621283045736165e-01,8.588135741041588167e-01,-1.939429000433648131e-01,1.086107359178099252e-01,6.603572929315366657e-01,-2.411981642717954122e-01,-1.127166808972200340e-01,2.802176498657046877e-01,5.382340399660585639e-01,-5.734478898293005056e-02,-8.677273142289910757e-01,3.749360839977650996e-04,-1.081159259625223603e-03,2.231749369204422129e-01,7.543061244126715581e-03,-4.256246860700950430e-02,-3.737001763785262332e-02,5.905226729450695211e-02,-1.364833917157924669e-04,5.041788454334490341e-04,4.092393100796340617e-03,2.805498725844363106e-02,-4.138963005288798930e-02,4.571764016039003842e-02
7.622504537205081199e-02,3.471589994793051722e-04,3.169583665726188215e+00,1.410323014466480507e-01,1.501647706701782492e-01,7.431902123563283169e-01,7.068921051060986747e-03,1.615245009074410265e-01,-2.897757673722687244e+01,1.052806511912262488e+00,3.509698563994580467e-01,5.681722918737951433e-01,-1.408763379445547581e-01,2.877530769710681668e-01,2.830612973228652240e-01,-5.118783250343624802e-01,3.226939333872871907e-02,3.045719003619115073e-01,-6.997124534986663702e-02,1.182614233031877571e-01,-1.550334026110746499e-01,1.573596214953259858e-03,4.871839351815613955e-04,7.446479390760760153e-02,4.572954437634777977e-03,2.047723397578747259e-02,1.730756702969302304e-03,6.427593994960371926e-02,1.432053203582313956e-03,3.968627766686775443e-03,4.205053873695534586e-03,8.717621973140809999e-02,2.738949598375806874e-03,3.138426877566192347e-02,5.716878402903810552e-02,-2.114296684250444383e-04,8.778381671817836462e-02,4.010912410475721279e-02,3.899156459221259086e-03,6.018416657007800152e-01,-9.790683031864533259e-03,1.451905626134301353e-01,1.083565025660355730e-01,-9.947598506379045080e-01,1.669698757919681475e-01,-2.875814459950987168e-02,-1.676407489920592186e-01,-4.483746901778423721e-02,2.904813540485401968e-01,-3.601316984900552742e-01,2.060284304201392969e-01,5.951554169249999582e-01,-2.392238944568474135e-02,-1.606349378199813660e-01,-4.239568610079672561e-01,-5.357278037631471330e-04,2.707839227154736073e-04,-1.632059613284844724e-01,-1.118178558334281293e-02,7.568332389676496463e-04,-3.530719036831241487e-04,-9.805721372083756049e-03,1.105638061993971088e-03,9.758857561336185121e-04,-2.232671882688823384e-04,4.857988642883697555e-02,2.501327315951559858e-03,-3.375980062325040915e-02
4.627949183303085162e-02,1.085486339840990291e-03,3.236571210364800333e+00,1.082504866178105041e-01,1.257177072707890697e-01,4.939104200281096424e-01,3.944946041534422125e-03,6.805807622504536636e-02,-2.751841375582226945e+01,1.308267592379083855e+00,-7.227819224083738003e-01,7.225015694534422384e-01,3.242086054247482751e-01,-1.469117097443241593e-01,7.651488967615395487e-03,-2.195478875203246694e-01,-2.374328916803130907e-01,-1.356668899157921770e-01,-8.777992943896667510e-02,5.281678877575899378e-01,4.615477455474309987e-01,4.596652141384135852e-03,1.277322863486670627e-03,1.368217142641826034e-01,6.276494410738609007e-04,2.101376089049569393e-02,2.307426167373241577e-02,3.301594335196732927e-02,1.040676873552799902e-03,2.974095413428343160e-03,5.010261310389898040e-03,5.767477264534023179e-02,7.406524101500217352e-03,3.763252531803212841e-02,-2.994555353901996037e-02,7.383273403616851189e-04,6.698754463861211761e-02,-3.278181482883754660e-02,-2.444706339938917949e-02,-2.492797923282186745e-01,-3.123975009526564622e-03,-9.346642468239566015e-02,1.459162981404602988e+00,2.554610804668213664e-01,-1.073751778807831903e+00,1.543292775796470950e-01,4.650849433693030610e-01,-4.346647867153923261e-01,-2.754098083552498077e-01,2.923304375140378109e-01,-2.697022850190418097e-01,-4.402387902777036843e-01,-1.780868408910003808e-02,4.099064644544021530e-01,6.165811481585056208e-01,3.023055926430875777e-03,7.901389283051092312e-04,6.235692035657500187e-02,-3.945304996560917293e-03,5.365269147082213363e-04,2.134350497076311498e-02,-3.125999659763638999e-02,-3.913763300295140541e-04,-9.945323532584322834e-04,8.052074366943634542e-04,-2.950144708606786820e-02,4.667574503124410912e-03,6.248256542370204947e-03
3.811252268602540599e-02,1.610580083629700385e-02,3.048956257199314290e+00,8.141275845217413321e-02,1.269903167304690106e-01,3.802092404648743651e-02,1.885505170761790292e-02,6.261343012704173594e-02,-2.542191158994828015e+01,1.050908485244107293e+00,-2.498486998182826824e+00,1.002096947549745654e+00,1.994012302693423666e-01,4.785888438570304881e-01,-2.942776512334096539e-01,-1.839752948126691379e-01,-9.924194129271612930e-02,-3.423230707202530865e-01,5.568153343801976463e-02,5.777956932779668847e-02,9.364985827623746317e-01,3.358057377245054001e-03,9.779723840342635036e-04,3.860201109046794768e-03,3.176817204627437681e-04,9.642271146632568068e-03,5.614254196268752932e-03,4.252244915192747617e-03,5.232826656719090017e-04,1.321593701398900145e-03,7.875541049036027200e-04,7.194089644548084909e-03,1.369685536812184357e-01,3.701105635823372791e-02,-8.166969147005445628e-03,1.502031449645601334e-02,-1.876149531654860425e-01,-2.683772816563637087e-02,1.272609459679940880e-03,-4.558894959816222059e-01,1.491010566608347993e-02,-5.444646098003630419e-03,2.096502165873989298e+00,-2.573591071349765613e-01,-1.775705075774453023e+00,2.795953780963034152e-01,-1.248073751554059085e-01,6.255005536013547029e-01,-3.019291402010250702e-01,3.557259270765553150e-02,1.381909503875969614e-01,-2.066561808044609094e-01,1.434614628769864397e-01,-4.703883184297932285e-01,4.749508372149436330e-01,-1.238594764139081851e-03,-2.993504794524071231e-04,-1.329615131551357965e-01,-3.099677206111171326e-04,-1.137148974386312586e-02,-1.746000747746366197e-02,-2.876369843677458252e-02,-5.173942078808909002e-04,-1.652501712029443015e-03,-4.222707205486295537e-03,-5.048068300079214948e-02,1.295620295797182131e-01,-6.214689597984004998e-04
3.811252268602540599e-02,2.948130911541735691e-02,3.289624057514845212e+00,8.264337969151161478e-02,1.244588721644113577e-01,1.969295568822244935e-02,1.837924343777902481e-02,6.352087114337567897e-02,-2.526943646717305469e+01,8.295561736663763508e-01,-2.229297433142933826e+00,1.114023483253201441e+00,-1.242155798642664150e-01,8.298138519161237792e-01,1.026212132880434669e-01,-6.248232986263994038e-01,-2.382220982612119620e-01,-4.921722994819500707e-01,-1.941301847071809084e-01,1.306883318162957719e-01,1.009498621054538692e+00,3.206502798069295942e-04,1.141566226844561717e-04,5.799412069131188070e-03,1.732642476767394556e-04,5.183436810187272772e-03,6.297674283119314952e-03,4.752084979586831959e-03,4.695985630176551743e-04,2.654402837694982281e-02,2.918991187048482834e-04,1.153030848965036275e-03,2.128146735988895727e-02,8.393604024489563845e-03,0.000000000000000000e+00,1.337550827912035306e-02,2.406678003155309220e-01,1.230621239337481576e-03,-2.531444566057652890e-03,-1.832796835826498716e-02,-4.758082698388781118e-04,9.074410163339430291e-04,1.524751227752254579e-01,-2.213523115777309425e-01,2.691895650398929973e-01,1.119265357034557873e-01,-3.236168101336087677e-01,3.512250080590932910e-01,3.968988645214531208e-01,-4.408480038137302381e-01,-1.389801569684958327e-01,-1.498492287616969842e-01,-2.498117181452006730e-01,7.290876248849909036e-02,7.300003829216406004e-02,-3.037407097438124190e-03,-8.638157613498072913e-04,1.939210960084393302e-03,-1.444174727860043125e-04,-4.458834336445295296e-03,6.834200868505620197e-04,4.998400643940843421e-04,-5.368410265425382737e-05,2.522243467555092267e-02,-4.956549861987544908e-04,-6.041058795583048417e-03,-1.156870863213294853e-01,-2.861745233374416580e-02
3.448275862068965469e-02,3.257613382964035832e-03,2.464344701685907246e+00,1.261945048789175350e-01,2.022191647771239276e-01,9.025953052948469668e-02,2.454867890038115591e-02,4.990925589836660292e-02,-2.602751590489521050e+01,1.664187073681125284e+00,-1.724357864691653308e+00,2.200736408708026809e-02,-1.540278544515543691e-01,-1.053150231717806251e-01,4.114395547094454320e-02,-2.273233316364910162e-02,-5.076962340462811696e-01,-5.107686838907659066e-01,9.692383683000126149e-02,6.490459194289148748e-01,7.002000277491355895e-01,1.589446455173395417e-02,4.914767982205246397e-03,1.314786705612025833e-02,4.141311387774561543e-03,1.802376821174393393e-02,8.179243764050010690e-02,1.415751957403315123e-02,1.138871812487454553e-03,3.507815273518854766e-03,7.251455226832169768e-04,5.616757283222338810e-03,1.854743356790255820e-03,2.134008339073261221e-02,-3.629764065335751300e-03,-2.622369573245332194e-02,-8.252793558289379661e-01,4.355112518740592020e-02,7.776029261271256987e-02,7.056657484126224733e-02,6.169435462602131104e-03,-1.361161524500907605e-02,-7.580794377221558022e-01,8.346309000147489332e-01,5.049395684512805182e-01,-1.092016119166121069e+00,-2.981227458728795410e-02,-9.351288750879044320e-01,-6.147725781709892368e-02,6.020909654627503160e-01,-2.694741357850691799e-01,-1.859638440881583588e-02,2.910540215371821837e-01,5.183575876126190751e-01,-3.092985933054031022e-01,1.557381427192702436e-02,4.800611359520790510e-03,7.348454986989070258e-03,3.968047140097821952e-03,1.284033140155666115e-02,7.549476335738079802e-02,9.405434594446319269e-03,6.692732494697993788e-04,-2.303621310343096848e-02,4.332464039783686933e-04,4.463726434257302318e-03,-1.942672400309870123e-02,1.294647936624304836e-02
2.767695099818511667e-02,3.291452375735450832e-03,3.168349011044637731e+00,1.164087687709419866e-01,1.724280372225165392e-01,2.084413930206914234e-01,6.042363299489865447e-03,5.353901996370236116e-02,-2.629370026520327386e+01,1.658250407248229807e+00,-6.897567899934080593e-01,3.446418498412269771e-01,-1.339958930762643330e-01,2.164514997080215775e-01,5.400795205882200078e-02,-8.994300785016983157e-01,-2.017980056933666444e-01,-4.168638009889767959e-01,-4.775142155050295101e-02,8.202707113972620423e-01,7.391815772942028628e-01,7.914939455303684687e-03,5.331079271689723523e-04,1.258338483025942152e-02,6.053498391546531347e-04,2.485823983461670980e-02,1.197677753547237017e-01,3.652548241526922673e-02,1.327753495699162366e-03,1.309768915923214877e-03,1.347310314250594080e-03,1.452464150805440890e-02,1.185944999629090328e-02,3.207376491532765855e-02,-6.805807622504538024e-03,3.383899277141499962e-05,7.040043093587304845e-01,-9.785736107975548381e-03,-2.979112755460738837e-02,1.181818624912067267e-01,-1.850631560089129046e-02,3.629764065335758239e-03,-2.661843603080633613e-01,-5.936666432895476575e-03,1.034601074698245249e+00,3.226344857541467159e-01,2.003196137529003606e-02,3.217665228798022303e-01,1.286399658787745759e-02,-8.766977453380492280e-01,3.058982283529145252e-01,9.390488290178911068e-02,-1.446752583805042125e-01,1.712247919683471675e-01,3.898154954506727332e-02,-7.979525096430269485e-03,-4.381660055036274044e-03,-5.644822258608368087e-04,-3.535961548619908409e-03,6.834471622872775876e-03,3.797533771422359483e-02,2.236796284123607551e-02,1.888816832117078126e-04,-2.198046357595640106e-03,6.221647915673771036e-04,8.907884224832070957e-03,1.000470663950064724e-02,1.073368152459504635e-02
7.123411978221415308e-02,1.907258903944972044e-03,2.820309057844088585e+00,1.597803070939056991e-01,1.908242598784443411e-01,5.301901504943944410e-01,4.686539463692524464e-03,4.627949183303085162e-02,-2.698526195551693974e+01,1.857724064862416036e+00,3.660488764278692353e-02,-3.811629834281216600e-01,2.219646429065563198e-01,5.444096106314583183e-02,-2.554649837515508004e-01,-5.187274955045334535e-01,-7.993001528716618953e-01,-5.805752093248432999e-01,1.142593773780166549e-01,8.183476840152592580e-01,5.551882392753293427e-01,1.621598957761209237e-03,5.276384459476864174e-04,7.184180126335872052e-02,1.099953842684595583e-02,3.529167664012151928e-02,7.080213929001399897e-02,5.210005629875262556e-02,7.413285359065325576e-04,1.476870869680934305e-02,2.053419708513173816e-03,1.215934670886320568e-02,3.578619650919826292e-04,2.646702905208278903e-02,4.355716878402903641e-02,-1.384193471790478788e-03,-3.480399532005491459e-01,4.337153832296371248e-02,1.839622265592780193e-02,3.217487574737030176e-01,-1.355823835797340983e-03,-7.259528130671509538e-03,-6.915616903136658777e-01,1.994736576141862283e-01,7.263616776361949690e-01,-7.258048332693486371e-01,3.559605359828206250e-01,-1.620105386448757456e-01,-3.094729358103728289e-01,3.807025829971648623e-01,-5.975021471782953064e-01,-1.637114083358665040e-01,1.620107989285196060e-01,-1.923027382002784336e-03,-1.839933380188735201e-01,-6.293340497542475667e-03,-5.469481221285934884e-06,5.925841643309930074e-02,1.039418858769130226e-02,1.043343680550480948e-02,-4.896563606470970276e-02,1.557457388348339883e-02,-5.864249597926298081e-04,1.345893978088612795e-02,7.061093942625797353e-04,-2.365294799191203223e-03,-1.150158803119892027e-02,-5.606735863244869528e-03
1.678765880217785722e-01,5.656054354335813932e-04,3.167882873697003276e+00,2.266593519093221543e-01,1.778352751999123238e-01,1.668799490215237880e+00,6.416499493715722806e-03,3.448275862068965747e-01,-2.862227227069549684e+01,6.969626375132857987e-01,3.162113028602816511e-01,-1.500271503166009657e-01,4.808873225044685285e-01,1.680427444151857408e-01,1.559382057788720188e-01,2.867776544993982935e-01,-1.602171068883642968e-01,9.199099508255306756e-02,2.527358495891507406e-01,2.046798980002788593e-01,1.834632278264892169e-01,1.148411246478224772e-03,8.058884478776457165e-04,3.013876834114262090e-02,4.436632905679244523e-03,7.123996726573610799e-03,9.351668913987136456e-03,1.829857359086993762e-01,1.255852095354569519e-03,1.965905430737576245e-03,9.409236119968486826e-04,1.225766093696388677e-02,3.581112299648712429e-04,4.948427110925010530e-02,9.664246823956441912e-02,-1.341653468511390650e-03,3.475738158529146915e-01,6.687904481541645518e-02,-1.298898467853201733e-02,1.138609339720843439e+00,1.729960030023198342e-03,2.985480943738657023e-01,-1.637010315178557107e+00,-1.160761427349130237e+00,2.796064152174947415e-01,2.311358331115206943e-01,2.589226795979122087e-01,1.136017833520399090e-01,4.114031895304228192e-01,8.055051500039317469e-01,6.390830459832975707e-01,6.725662044073963397e-01,1.384764722111340718e-01,-6.136677860149803987e-01,-3.717250114488401258e-01,-4.731877112829844644e-04,2.782500019299592991e-04,-4.170303292221609615e-02,-6.562905521166711303e-03,-2.816767991354790848e-02,-6.145047037602686252e-02,1.308856796099467368e-01,5.145235594480369618e-04,-1.280280326607176680e-02,-1.112496096516325025e-03,9.831422810068109197e-05,2.492648728886137297e-07,2.301724205716731628e-02
5.943738656987295615e-02,1.710246940807300456e-03,2.996751508292002431e+00,1.541057464333728810e-01,1.965910261503560075e-01,6.168808178391491648e-01,6.371397889324349403e-03,1.025408348457350211e-01,-2.685729632890877738e+01,1.609029327988496849e+00,2.763726464900754243e-01,-7.471427605964164886e-01,2.620560496077472545e-01,-1.153114004551186872e-01,2.442177384876342283e-01,3.107279477922125777e-01,-1.435891172821019968e-01,-2.717492494882753351e-01,-7.636481043720635409e-01,-3.131837400854420306e-01,3.922881944256604303e-01,3.269879964934058279e-03,1.569657869796109179e-03,1.060236058649285246e-01,2.392852164364192222e-02,2.895991271905569084e-02,4.895240824467446059e-03,2.898983806204469271e-02,5.251434183511280961e-04,3.319503038779154165e-04,5.148884057030095329e-03,1.055997727397400832e-02,4.432335418028929318e-04,2.861961598075178984e-02,-1.084392014519056091e-01,1.144641505373719063e-03,-1.711313654050008459e-01,-7.255360547594927323e-02,1.875575095044368368e-02,-1.051918672376088715e+00,-4.510160439137340244e-05,-2.422867513611615675e-01,1.764975941786719460e+00,9.120666904752110504e-01,-3.983865637020622685e-02,-5.971156102798155230e-01,-2.188312728967212739e-01,-2.833541448703044141e-01,8.827953270876220948e-02,2.395029329281428421e-02,1.662798960626230005e-02,-3.637402445708284304e-01,-1.016383953961214281e+00,-5.178636380857208898e-01,2.088249665991712134e-01,2.121468718455833506e-03,7.637694219184634628e-04,7.588483752378590019e-02,1.949188873796267596e-02,2.183591599248208004e-02,-4.456428089519690397e-03,-1.539958978466546835e-01,-7.307086770034414234e-04,-1.633955126859660883e-03,4.207960445033246538e-03,-1.697683662989878453e-03,8.512231183802168892e-05,-2.086465512849831547e-02
2.177858439201451821e-02,4.214124088832839170e-03,3.160800582924801816e+00,9.333373232460256963e-02,1.533841433632457396e-01,1.960234982674925741e-01,7.839802864829683443e-03,3.176043557168783948e-02,-2.571290057846017163e+01,2.392140526647675625e+00,7.919560616534107589e-02,-6.851737667262881581e-01,7.315457465330979514e-02,-1.467112111682888076e-01,-3.445947901550111547e-01,6.155845749862594307e-02,8.939839167989246937e-02,-6.304018479089978921e-02,-3.971227084940429641e-01,-6.752736067425473276e-01,-3.673322366763163704e-01,4.097159250161142019e-02,4.287620706150832052e-03,1.447299717518924778e-01,8.905538434241140611e-03,7.168046123110912056e-03,4.345483794395105064e-03,2.115593869991978793e-02,3.310049831627241701e-04,1.644958637202306381e-02,2.476301855542934003e-03,1.528351813034814835e-02,2.183067527513545339e-03,3.846855749273547093e-02,-3.765880217785844142e-02,2.503877148025538714e-03,1.640490746327993854e-01,-6.077201410877031140e-02,-4.320688278711026786e-02,-4.208573195716566184e-01,1.468404975505334040e-03,-7.078039927404718157e-02,1.144395750448605753e+00,7.831111986591787755e-01,-1.971770403247343484e-01,6.196899387012833049e-02,-1.889014749544374594e-01,-3.139981071317012040e-02,-5.888125286426453275e-01,-2.491694902935866485e-01,2.329875089619944661e-01,2.087090646973755459e-01,3.665253958780205767e-01,-3.620898666571052971e-01,-7.596204311019767452e-01,3.770171253667736061e-02,2.717962836354722873e-03,3.870636588696395319e-02,-1.502298320940078161e-02,-2.179186659594477965e-02,-5.497570300723409950e-04,-7.833899362124904786e-03,-1.941384351884039260e-04,1.611763606814514693e-02,-2.672582201487161326e-03,4.723540856374140035e-03,1.739833985710652516e-03,9.848941511983681091e-03
1.814882032667876691e-02,3.300780738608281428e-03,3.266921853317546365e+00,8.121426157962687020e-02,1.156278540558393769e-01,2.352106814283200231e-01,7.972552672099546961e-03,1.905626134301270300e-02,-2.701969802185257663e+01,2.559133622667061569e+00,1.044387012701965656e+00,-4.502172096340895102e-01,1.653539172058025586e-01,-7.828573904076122081e-02,-1.901401315635024014e-01,1.320615173633780670e-01,-3.617133483380848696e-02,2.077470917314416243e-01,-5.806034544307169254e-01,-2.993241443215059472e-01,-7.971958054286352180e-01,1.515733776017004486e-01,4.856486112668394715e-03,6.932698231554772217e-02,4.826640336055481283e-03,5.342816298127399735e-03,2.702293698546663799e-03,3.421716397709538560e-02,1.977585594439000647e-03,1.125479779598616975e-03,5.705020729465574633e-03,1.964007314741723215e-02,7.137060213456151818e-03,4.240792579969106940e-02,-3.629764065335751300e-03,-9.133433502245577422e-04,1.061212703927445489e-01,-1.211947074497569943e-02,-3.775628930740636269e-02,3.918718316082744901e-02,1.327498072698635179e-04,-1.270417422867513649e-02,-1.306797443392405000e+00,1.669930960193859448e-01,9.651914065366246076e-01,2.349565570921986479e-01,9.219934255249276345e-02,6.842547212752758679e-02,1.544546585915087533e-01,7.050305986475212394e-02,-1.255697265137009633e-01,2.707872765223414135e-01,-1.834807459366739613e-01,3.759494624210413805e-01,-4.298635687523188476e-01,1.106017851000890284e-01,5.688654065175626634e-04,-7.540298943634475559e-02,-4.078898098185659328e-03,-1.825229824983512321e-03,-1.643190095848441265e-03,1.306122527717559767e-02,1.646580611276276477e-03,-1.532410659242444684e-02,3.228718873922640630e-03,4.356555017069083796e-03,4.953992685942606479e-03,3.939368306955598475e-03
4.945553539019963835e-02,6.205531674414027470e-03,3.256905197742002933e+00,1.116389601548340299e-01,1.295689839882058214e-01,6.097305429404067389e-01,9.046334927351972616e-03,1.143375680580762249e-01,-2.490675861624876930e+01,1.357737372773041074e+00,2.592270119554093699e-01,-5.684255210999253904e-01,3.117060005827338998e-01,6.169437226361076387e-01,-2.494571392456921555e-01,-2.502279673915848782e-02,2.164859537348725049e-01,-2.022483682167408592e-02,-6.614134019835105072e-02,-5.817625787015714423e-01,-8.352718239373101428e-01,6.340339218536682198e-02,7.993147933273870437e-03,6.487569962472533591e-02,3.712482966647000313e-03,3.823373111597663104e-03,8.181959342752089231e-04,1.974364827935170402e-02,5.097925952638798774e-02,7.294940541362571716e-03,3.248657863620724260e-03,6.669501136045328203e-03,1.968745822641105453e-03,2.387274867215575039e-02,3.130671506352086797e-02,2.904750935805746042e-03,-1.001665557554343167e-02,3.042469857520715970e-02,1.394112993236644449e-02,3.745198615120867158e-01,1.073782255252425655e-03,9.528130671506351845e-02,2.112939405603807330e+00,-1.201396249894020496e+00,-7.851600007465562303e-01,-1.182083114658358802e-01,1.463520833769313412e-01,6.952294616768688318e-01,-5.931700768218975406e-02,-1.570843141025365652e-01,2.526572885686809711e-01,-2.279719285531157102e-01,5.144621142323658747e-01,-2.824384343800654951e-01,-3.807601850867492477e-02,-8.816998541633362663e-02,3.136661820605475721e-03,-4.451282690822386257e-03,-1.114157369408480969e-03,-1.519443186529736631e-03,-1.884097764271454875e-03,-1.447351569774368157e-02,4.900167393194898580e-02,6.169460761763954741e-03,-2.456362865844850373e-03,-1.297057201137190308e-02,-5.168314390815046365e-03,-1.853517712753531901e-02
3.130671506352086797e-02,4.698568363624400744e-03,2.998890304549026720e+00,8.554363785619817362e-02,1.288804462772169535e-01,1.474176332650561083e-01,7.944466440825106307e-03,4.264972776769510032e-02,-2.575724244183783185e+01,2.063517763646059322e+00,-1.056282174856131739e+00,3.072578589902061896e-01,5.257808788680006229e-01,-1.427203168646605687e-02,-2.443769853651148183e-02,-5.358892165859847623e-01,1.925687306955558564e-01,-3.611012526852361293e-01,-2.115037295752907054e-01,-3.014086163351569203e-01,-5.453717031678930738e-01,1.559061540929449451e-02,2.147873200649633163e-02,6.311260622502279372e-02,1.977211658181008899e-02,2.090542238829262711e-03,1.734878264073308604e-03,6.936451671608016845e-02,1.135817931760544144e-02,4.187393558772176116e-02,1.924087018958421311e-03,1.208323486067426622e-02,1.097778674614620018e-03,2.279071675634691124e-02,-1.814882032667877038e-02,-1.506963310789626725e-03,-2.580148931929762135e-01,-2.609532229863585628e-02,-6.885377109888679570e-04,-4.623129096753506584e-01,-1.101868486526866309e-03,-7.168784029038112460e-02,-8.504838255890625476e-01,7.057803908730182485e-01,-1.315509186811541165e+00,8.756833800901315801e-01,2.140748782852667231e-01,-6.312157543225737077e-01,2.250194407091806736e-01,-5.108664198468262363e-01,-2.391722303931664850e-02,-3.408764158635620434e-01,-1.453623893769396547e-01,2.803539623664145219e-01,2.899001207694170690e-01,-4.781277677607232574e-02,1.348558407322246119e-02,-1.763093399702542197e-03,1.605963361516308738e-02,-1.732830872768400393e-03,9.166823297980996807e-04,4.962086843672846442e-02,-3.962108020878254977e-02,3.457899504635918858e-02,-1.324570844662302949e-03,5.413733724628938017e-03,-8.709671480264854354e-04,-1.082031915808839145e-03
1.016333938294010919e-01,1.024921348063271382e-03,3.251298562975123208e+00,1.355908150413062119e-01,1.290921010849441775e-01,1.089347483944210992e+00,9.204369017814456946e-03,1.842105263157894635e-01,-2.677039059617398209e+01,7.753323624618972953e-01,1.054094824107719708e-01,3.041591905810752117e-01,-5.674243250921645609e-02,1.465106565900461955e-02,-1.521996167194876633e-02,-3.110611622425842882e-01,-9.342328059557118355e-03,-5.553347438994343799e-01,1.022173087480198889e-01,-4.174742366947080674e-01,-2.958374618938041101e-01,1.304531546277817346e-02,3.410523365132102445e-03,3.595863953972903981e-02,2.940075960099595639e-02,2.315803329139887179e-02,1.017911315139976604e-02,5.333684765705700576e-02,3.371881786763195141e-03,1.588541413165768480e-03,3.596363811494274979e-03,4.884451248329390628e-03,2.401868854117879867e-03,1.593969877686773201e-02,7.032667876588022393e-02,-3.673647015561129145e-03,2.524082584260964879e-01,5.004717718510803826e-02,2.116548077272240036e-04,9.419298506791549119e-01,1.259902576989350639e-03,1.415607985480943631e-01,-1.013148154336150242e+00,-1.288185401184162027e+00,1.161691657266903821e+00,-3.098668409130977963e-03,-5.825233113772170235e-01,2.892309734547067468e-02,9.217736864562715501e-03,2.248280543434004741e-01,-2.019110587551129765e-01,-1.942334912141982506e-01,3.137210383233106081e-01,-1.160656203595511471e-01,2.495342412740889637e-01,-2.545299946516321049e-03,-1.806820864136422788e-02,-2.715396668529375390e-02,9.628643019185867402e-03,2.106749105256960908e-02,8.444234887326457217e-03,-1.602766905902316269e-02,-7.986297530842246736e-03,-4.028539417455598987e-02,1.672276792535853669e-03,-7.198783612344875592e-03,1.304090179503259849e-03,-6.851017979479179232e-03
5.353901996370236116e-02,5.600794518247437237e-03,2.965493252000096280e+00,1.150077554330656004e-01,1.600102933436876596e-01,2.898413745880796255e-01,6.610765202782461179e-03,8.166969147005444241e-02,-2.507379227531013655e+01,5.488007908113405886e-01,-3.458509511310305928e-01,9.389288225207961247e-01,-1.712448772750918835e-01,-3.306165086640190931e-01,-4.830023628806280334e-01,-2.075320086915430351e-01,-4.578870711910672520e-01,-6.822623967205468931e-01,-1.157670240683656288e-01,5.581334918750884277e-01,5.777782198815557546e-01,4.381130966283462019e-02,8.596897398726200540e-03,3.045655574344584976e-02,2.175356641409185998e-03,2.202548733022832023e-02,5.193921041310376602e-02,2.131715068421144096e-02,1.076288246955537514e-03,2.001916375461753553e-03,4.158384695132992179e-03,4.593683054393980954e-03,2.070504072970651577e-03,1.699804805710665792e-02,-4.809437386569873074e-02,4.575873170184165638e-03,-2.858053109750269272e-01,-2.058305960824061143e-02,3.091819225874348209e-02,-7.995061093561313115e-01,-2.593603815031995767e-03,-1.025408348457350211e-01,1.696598320863845544e+00,-2.265315716505567067e-01,-4.512604335418025636e-01,6.347696319397209130e-01,-1.145024447658754274e-01,-3.452675743230236849e-01,-4.677824012086792549e-01,1.035291535510412531e-01,-4.485447431315101596e-01,-1.269276528211125132e-01,-2.179843328163855176e-01,9.756077285697964951e-01,8.736156817753598647e-01,3.076599420005644847e-02,5.186374033594098529e-03,-5.502083796283190054e-03,-2.722540295958677040e-02,-1.132545961170551563e-03,4.176009726170400171e-02,-3.201969697284556826e-02,-2.295593539807657627e-03,4.133749622959850736e-04,5.620208836387171995e-04,-2.907681939354096745e-04,-3.313647811472282892e-04,1.058349280238925910e-03
5.353901996370236116e-02,4.198051977877299487e-03,2.288682966830312360e+00,1.340257089637673926e-01,1.877850432090074073e-01,2.460501278997689056e-01,4.015750791399682121e-03,8.166969147005444241e-02,-2.567402533978165380e+01,6.738125991117334124e-01,-7.726863961598744446e-01,6.876637678358437089e-01,2.029891553632499207e-02,1.417859193732434187e-01,-4.393516668419298332e-01,-4.154683406343916974e-01,-3.496836311574751388e-01,-4.446497837097271866e-01,1.845324864333331427e-01,1.153592922163398038e+00,4.457061993943179923e-01,2.046088080556789784e-02,4.855930729153017100e-02,1.560572209261059697e-02,1.397762196576504950e-03,3.423865541428968828e-03,1.688302116268070724e-02,3.780761872967099840e-02,6.929220135381938990e-03,6.051152028690072633e-03,1.365379223882350708e-03,2.769169839481712588e-03,1.090481551041011564e-03,1.485313461060875501e-02,0.000000000000000000e+00,-1.402742540370137750e-03,-6.768102851697839206e-01,1.901795353070179218e-02,2.777474986531974777e-02,-4.379124668831071987e-02,-2.595014411382779058e-03,0.000000000000000000e+00,-6.002330644715172525e-01,1.250118083003928238e-01,-4.268354450288438517e-01,-2.512650546849524158e-01,1.915437928114168686e-01,4.724024280372625118e-01,4.365069603869820014e-02,-2.079363319428486623e-01,1.082034400335921132e-01,2.376126130108197065e-01,3.002995105016987853e-01,5.954594302883096102e-01,-1.320720204872377623e-01,-2.335042885726672235e-02,3.996240989280397393e-02,-1.485083365083525279e-02,-7.775944448326810483e-04,-1.860162178879935096e-02,-3.505618925042305878e-02,1.649046804545955744e-02,5.852931888426401476e-03,4.049235653228318646e-03,-2.793005471250641254e-03,-1.824513214912268366e-03,-9.800225219296400132e-04,-2.144913446497902915e-03
7.486388384754991132e-02,3.125702133185927407e-04,2.743402702626530409e+00,2.074741044646642441e-01,1.847924359147248285e-01,1.039637663498449882e+00,9.887509547164184676e-03,2.232304900181488194e-01,-2.983537161016560546e+01,1.364921325307606903e+00,-1.843438925786586996e-02,4.878866184546949702e-02,3.268324245638685177e-01,-1.878137854426956965e-01,2.655774388191839419e-01,8.572424214968965561e-02,3.025660480845967504e-01,-3.193559353509564103e-01,1.225939705436520921e-01,2.177197418126004536e-01,2.851028552840152441e-01,1.754804472492071726e-03,1.069264141415113018e-03,8.922353924616790305e-03,2.436863564921112543e-03,1.897149336121873447e-02,1.923193138888957751e-03,1.958259667486796640e-01,8.980384109119328266e-04,1.188630042747843008e-03,2.537082429138543243e-03,6.658705811466478219e-02,2.467631233736708885e-03,5.440504544455392055e-02,2.132486388384755016e-02,-3.885481764558706801e-03,4.547197357962180497e-01,7.344839550089685143e-02,-2.992607294282578767e-03,7.935875355986810042e-01,5.871758755764502555e-03,1.415607985480943909e-01,-4.161346270383951662e+00,6.911087261958734906e-01,7.542520069020085538e-01,-6.388751059903742258e-01,3.065335090275435048e-01,-3.295997048159391429e-01,7.049291056611137751e-01,5.011925827840812975e-01,6.522496792420718892e-01,1.252938483587707763e-01,-6.193851588968105060e-02,-9.358731803507975844e-01,-1.606033441103027481e-01,-1.870607633307582590e-02,-4.749004315011505495e-02,-6.683368167993806661e-03,1.039101368344607593e-03,1.554762781978976521e-02,-1.495982802379174949e-02,1.580183480190086587e-01,-6.031181724470006597e-03,-4.862521985942229626e-03,1.171703205256192535e-03,6.381788827518307394e-02,1.377149682695697321e-03,3.955191083394516555e-02
5.217785843920145356e-02,2.057621860249356487e-03,3.107104022436609103e+00,1.504127236201599771e-01,1.565063682703586034e-01,4.464917879610911799e-01,1.027105498675408811e-02,8.439201451905625762e-02,-2.778170964379116725e+01,1.327395156478515581e+00,-2.243091218841278822e-01,4.902347013991767422e-02,-2.301776838449008933e-01,2.270721219769711863e-01,-2.879745289115719364e-01,-7.314043219612456070e-01,-3.841461357102171625e-02,-4.879037121638838959e-01,1.049453333423448820e+00,7.203478052545785326e-01,3.297992163527079246e-01,1.776251593218468447e-03,1.132193925423592012e-02,7.957807980890380106e-02,9.981401413829612819e-05,1.298590383550429989e-03,6.736959044396115086e-03,1.076650078507091629e-01,1.095673697316483855e-02,4.020115262306361847e-02,3.267404688723933907e-04,4.830796433676079471e-03,1.157356082745935791e-04,3.417415744897259189e-02,-2.268602540834845777e-02,1.745051646930763801e-03,3.637013198100786937e-01,-5.706138084450426695e-02,-2.828606764436622512e-02,-5.931458755373586467e-01,3.835454395899034336e-04,-1.388384754990925618e-01,2.053661966374438208e+00,-3.752616882909132201e-02,-2.058747326262620192e-01,2.348082944481771905e-04,-5.570101084087694110e-01,4.148859074196669106e-01,-5.535519677307558783e-01,-8.171285641109352627e-01,-3.409806616556184666e-01,-1.685477768129274856e-01,9.268593628797967554e-01,5.026280634419780791e-01,4.469636106869268044e-02,2.144712072639672062e-05,1.025267511282080754e-02,7.065572588428700729e-02,-2.337049550782816388e-03,-1.767290297766830470e-02,4.813765905507157335e-03,-8.816095889797050111e-02,1.005869856225290529e-02,3.901252258031577547e-02,-2.210341960266149798e-03,-6.175626168098870272e-02,-2.351895625462115374e-03,-2.023088799558132866e-02
5.308529945553538965e-02,3.185946411543897315e-04,3.138361572917750753e+00,1.493621317389531578e-01,1.869032638831898130e-01,2.830613854497091575e-01,1.108101461996236804e-02,1.905626134301270300e-02,-2.994670523266226070e+01,2.233037484563906716e+00,2.441122028298271518e-01,5.354385997675406017e-01,2.524990490208368632e-01,3.947115693261448177e-01,2.676880356711916487e-01,-5.375029194667405724e-02,-9.563682067598356165e-03,-7.057701721937756356e-02,2.064451011014589166e-01,2.758957382304628725e-01,8.779642354576989993e-02,1.546371612066710409e-03,2.908630163614654425e-04,1.584926529749846047e-01,2.122946481099521887e-03,3.059884706756623926e-02,3.174114629225679388e-03,8.839699960300043124e-02,2.179258957266325993e-03,7.596509998261187675e-04,7.349988286830149917e-03,5.482322158775020104e-02,3.249640601041234073e-04,4.720567674521617546e-02,9.074410163339360902e-04,-1.739027219094966756e-03,3.125755048114164936e-02,-1.050591881206819345e-03,3.039689561283120955e-02,-1.634304025113820225e-01,8.099596332082799333e-04,-6.533575317604355115e-02,-2.164995588871093446e+00,9.056423280853911351e-01,4.684213247139550340e-01,4.864151296276228997e-01,4.826767328657377565e-01,1.676394473491736314e-01,5.556625645827635296e-01,6.776540300145715845e-01,2.885093150342336182e-02,4.173266949445063601e-01,-8.430082323219898477e-01,-4.444520670241156601e-01,-2.420027928069380385e-01,-2.298799811517580373e-04,-1.103107623787445528e-02,7.891457316608080363e-02,2.023132466961225732e-03,2.930025668401580949e-02,-3.562844415170435697e-03,-1.926800824770873166e-02,-8.777478015898513425e-03,-3.944150162323750014e-02,7.023247817957756906e-03,4.999242515407412157e-02,2.092284518295298417e-04,1.303151929624358357e-02
9.618874773139746148e-02,7.783921845532114012e-04,2.825321866738857768e+00,1.671317945592903920e-01,1.736759708142550929e-01,6.901886216202027802e-01,5.114774703039548336e-03,1.161524500907440971e-01,-2.835030092938167456e+01,2.069329309756418489e+00,8.468593449121507299e-02,-5.310176924681155874e-01,1.434715078758059398e-02,9.479710940251537266e-02,-1.360892034447160753e-02,-4.081977424209121685e-01,-2.724500673429770536e-01,-1.869477272591522354e-01,4.187046193211351741e-01,5.944421774867845176e-01,6.587744940764477253e-01,2.294419599030092256e-03,7.008602769984187582e-04,1.222846256413259863e-01,2.927692100316659895e-03,1.488990724195618683e-02,2.652460375413018961e-02,1.100571013156010913e-01,3.294355918137422973e-03,1.362547098288040791e-02,2.380170431457888976e-03,7.899632600172235009e-03,1.715346167618523850e-03,4.116768540858227465e-02,4.310344827586207184e-02,4.597975433988216697e-04,-3.130397061788929847e-01,1.776966282033723421e-02,-1.322729306893472012e-02,4.071272361704936227e-01,-5.966239916922819707e-03,9.709618874773139063e-02,1.596404303280586134e+00,-1.637081748074882270e-01,-1.594262683386120649e-01,-1.066456292235656189e+00,-2.381518982332562762e-01,-2.999144599236294173e-01,-2.812969560156632354e-01,-3.544474504742380905e-01,-2.628863852753787200e-01,-1.163707100397746719e-01,2.122595182196762575e-01,3.185464392563216451e-01,5.709780705306778392e-01,7.480479869633818463e-04,4.099972606369533157e-04,-3.620802733365861836e-02,8.047456192171380078e-04,-1.570893982561005070e-02,2.335048912490450893e-02,2.166010171260066008e-02,1.115096960871096981e-03,1.286581998305428957e-02,-4.969817855372260507e-03,-4.692358898757796604e-02,1.390382107514400497e-03,-6.037991336633900807e-03
4.401088929219600793e-02,1.038788104777485207e-03,2.848896329045127018e+00,1.131167098615104838e-01,1.402946830091344743e-01,4.729405479854996153e-01,2.503202448355381412e-03,3.992740471869328511e-02,-2.756712218254046221e+01,1.941589037098470971e+00,2.401920679114922241e-01,-7.412290804877328387e-01,2.795478450103512369e-01,2.015419301924198103e-01,1.140540642987142306e-01,-1.560003884706415989e-01,-5.273775829469459220e-01,-2.718203455271459013e-01,-2.655445699259198489e-01,5.978782242484605991e-01,5.831966496984299919e-01,2.202454940310157386e-03,5.464028629303349129e-04,9.963135177518048224e-02,1.107276711175938198e-02,4.557791550338438635e-02,4.144702954577322851e-02,8.894844583635727608e-02,1.622198406759029496e-03,1.055156056396644535e-03,2.921300966286561555e-03,4.817592247341579391e-03,1.105438429930463446e-03,3.446063325776035219e-02,-5.217785843920145356e-02,2.603959202242738056e-04,2.357446230626925043e-02,-5.401508469777990817e-02,-3.338128780512061855e-02,-2.172480736347031649e-01,-2.611572254684166924e-03,-7.622504537205081199e-02,7.831787468412123587e-01,-1.277402726579475178e-01,1.555061334202771373e-01,-2.102113880196172513e-01,2.652006942227706499e-01,1.067448207899044377e-01,1.276629846431858450e-01,2.521973539502705419e-01,-2.549275156039688683e-01,-8.487261826799366582e-02,-6.842491892470550230e-01,3.436046761676081474e-03,-7.557784437801773336e-02,-9.196465871993486987e-05,-1.544574140680838453e-04,-2.265327386614550409e-02,8.145075011442721655e-03,3.068800826142820126e-02,1.492242579164303889e-02,-2.110865547924381525e-02,-1.672157511378393477e-03,-1.257031492648376381e-02,5.411305348286725783e-04,-3.082040352830655618e-03,-6.099077376880604039e-04,-6.707052150821922465e-03
5.535390199637023334e-02,7.801274846379166374e-04,3.179099687506533378e+00,1.262933761864319937e-01,1.482511236022516776e-01,5.980039227359290610e-01,7.134127802269578551e-03,1.016333938294010919e-01,-2.787250438524068130e+01,1.812262790934864309e+00,1.168569412270687113e+00,-3.714973279238830556e-02,-2.393010277501526617e-01,9.497016335136999887e-02,-1.412415549744242549e-01,2.185804965482814610e-01,-1.550786209595508558e-01,-2.285240284444290670e-01,-2.978323532917589445e-01,-1.729311244975571260e-01,-2.583973036101045589e-02,1.561420133551447327e-02,2.230150662815304566e-03,5.011099195103414783e-02,1.054986672427871003e-01,1.674659226966911801e-02,4.573098466607145550e-03,6.894693362820059068e-02,2.771430932569486985e-04,6.678392592355124379e-04,5.794133127109747997e-03,2.409362064262900172e-02,8.103528771797362598e-04,3.200283182829630896e-02,1.134301270417422541e-02,-2.586606201395685693e-04,3.302033584614063599e-01,1.317666632492150991e-02,7.956440593117203308e-03,1.250633747504294457e-01,4.630925353914197573e-03,6.170598911070780679e-02,-3.053822027002190964e-01,-1.293262461636066618e-01,9.283773443591949448e-01,7.040793476953445262e-01,-5.188488727605038431e-01,-1.065717668410498115e-01,-2.552956192731384855e-01,3.745808850189230599e-01,3.722989619873950939e-01,4.329631708271683421e-02,-3.228778336583909558e-02,-7.708093487460176974e-01,-6.090363800594404964e-01,1.341174639520431588e-02,1.683747799884969653e-03,-4.952035982414633442e-02,9.442590013102772351e-02,-2.883132323371526834e-02,-3.687393107916608209e-02,-2.000151220815668540e-02,-1.345055313502080798e-03,-3.873167971611320972e-04,2.872832160823186442e-03,1.927602839528742146e-02,-2.950855527507271862e-04,-2.457801429464043230e-03
8.166969147005444241e-02,1.267485004760038336e-03,3.161406826165427564e+00,1.511990990343432262e-01,1.497580731183395242e-01,7.260385259526817014e-01,3.882014265241723588e-03,1.460980036297640783e-01,-2.732791518976929623e+01,1.939828101693675366e+00,2.735989829429799625e-01,-5.502375333344176056e-01,-4.000052937650002693e-01,2.013762609520252100e-01,-9.411581751796627149e-02,1.806125912509791154e-01,-8.875910220623081659e-02,-1.424306339778485531e-01,-5.163637684731027244e-01,-4.627984317753617294e-01,-7.133394606065461205e-03,2.735260658736924158e-03,1.265203660348500174e-03,6.035994063281366340e-02,7.567319552305044883e-02,1.221758922563666132e-02,2.727706562883262884e-03,5.185461299026310200e-02,1.001864681137728131e-03,1.425535221019916038e-03,1.034215871358104034e-02,7.349918580950222380e-03,7.461748291679459483e-04,2.593010901563948603e-02,2.631578947368420907e-02,4.873575201221216988e-04,-1.769286134110581443e-02,2.490572284791123248e-02,1.506949516087846552e-03,1.280346032167526404e-01,-3.252113537027854964e-03,4.446460980036298638e-02,5.445891954713850680e-01,1.275653107588110569e-01,-8.949704293277072065e-01,-5.130878005420292931e-01,-1.607042660148476076e-01,1.064060976006552112e-01,4.712573745645798340e-02,-3.796790529730234565e-02,6.631951875332003921e-02,8.609339446658051398e-02,-2.185314151813437800e-01,-2.898673072778046311e-01,1.870633575494499296e-02,-1.287894067677754911e-02,-9.649470024668043919e-04,1.024894868177951557e-02,-2.982547171973665145e-02,-4.529003044032456696e-03,-1.845391903723882666e-03,-1.709232063793748868e-02,7.247215878807794325e-04,7.576959617844035997e-04,4.548025586471292347e-03,-1.674370206167877934e-02,-6.417804801179031148e-05,-6.072722812656822927e-03
2.495462794918330285e-01,1.226176856842758466e-03,3.260971230607054849e+00,2.656541837824096253e-01,1.431826078017292003e-01,1.818133123676370255e+00,6.709683161065435435e-03,3.629764065335753243e-01,-2.932720425110496265e+01,1.791144748169729128e+00,3.543391102737539766e-01,-9.007120923273015389e-02,2.123869924001694776e-01,9.630463274668604745e-02,1.397108713518100676e-01,5.109490888373723755e-02,1.042494899237352834e-01,-3.201210445060651000e-02,1.645033804561746305e-02,2.017565096896834498e-01,9.755866781630871676e-02,1.616914110565016239e-03,7.655507076416905119e-04,9.797148958934617791e-03,3.264535147768640039e-03,3.292377496977843404e-03,1.832390792564614129e-03,1.501615568861985189e-02,8.806309563627537232e-04,1.235180683017118560e-03,2.526336019798602114e-03,1.531481550109972320e-02,6.168087819136909610e-04,5.246536387424814013e-03,1.678765880217785722e-01,-4.130814791727987004e-05,9.956440444162728554e-02,1.144550847480663991e-01,-6.575465316610323852e-03,1.092094597723688665e+00,2.827668895823711847e-03,2.168784029038112460e-01,-1.999289061335666418e+00,-1.486833535239462378e-01,8.074012733077401416e-02,4.601663241016874517e-01,6.123922861651697191e-01,-1.050716282053391626e-01,2.338266888697763390e-01,-1.295176823672418709e-01,1.930085921299661000e-01,1.104185295272420431e-01,5.328141065187201875e-01,6.645549414650451236e-01,1.046920624223741797e-01,-1.118346548171907920e-03,-4.996529527068096620e-04,-5.056279167387904561e-02,-7.240866037528180532e-02,-8.925211728658817914e-03,-8.953157703186487553e-04,-3.683845730164325011e-02,-1.212337247749744077e-04,-1.903545380027974777e-04,-7.815822693782437797e-03,7.964896920149500820e-03,-1.293660472542549874e-04,-2.068357262821467202e-02
2.114337568058076156e-01,1.240277600962106166e-03,3.220201361827544684e+00,2.620388604843876257e-01,1.598471173539817991e-01,1.987354401260945647e+00,2.034534948852614270e-03,3.883847549909255625e-01,-2.804943638371639381e+01,1.902133000979097766e+00,-5.327008243884845395e-01,-2.083590450545035888e-01,2.227530537193407045e-01,1.297385217837910276e-01,-8.336001611807128397e-02,-3.385661014306467487e-01,3.307180279913989329e-01,6.909863689470333026e-02,1.091882892994395504e-01,1.056989381902879443e-01,9.184523896281901467e-02,2.345908201740926329e-03,3.080271321934925210e-03,4.528640211210260141e-02,8.299539050175300204e-04,6.445203850522467602e-03,4.385635479755683672e-03,3.688595061068417058e-02,4.752915622936328306e-03,2.940842563140517226e-03,3.328519942309123795e-03,4.259242593174225773e-03,2.330289564734314145e-03,1.418783772773032220e-02,-3.811252268602541293e-02,1.410074411934770025e-05,-4.076986877951016552e-02,-3.615323298021999587e-03,1.666450955225259878e-02,1.692212775845753914e-01,-4.675148212212820731e-03,2.540834845735023828e-02,1.277767867388568845e+00,1.109882528093686371e-01,-8.870399346622385162e-01,-1.182878358217734349e-01,1.036606131917122697e-02,3.343388903710498017e-02,-2.230708874698813515e-01,-3.896610103143839932e-01,2.264685380676636495e-01,1.011107413453098403e-01,9.273795125382208737e-02,-9.605757149939550543e-02,-5.713428853489702086e-03,7.289940911759100906e-04,2.314720614293234481e-03,3.548925315316798362e-02,-2.434581242751109910e-03,3.152826353544624198e-03,2.553244687191069326e-03,2.186979492206431869e-02,3.872284666573574691e-03,1.705661880123398666e-03,8.021839225105216811e-04,-1.105557290792549829e-02,1.713480782820623292e-03,8.941301340305508188e-03
3.357531760435571860e-02,5.944744367907507480e-03,2.950251946829979044e+00,8.843011783425015759e-02,1.178305595248599763e-01,1.699089838341475700e-01,1.344795514384907430e-02,5.444646098003629725e-02,-2.529204011179029266e+01,1.283240527413891385e+00,-1.345805301795883757e+00,-1.831861577411024733e-01,1.239541028618099533e-01,2.069031777871994104e-01,3.711910342168867061e-02,-5.501508454827043204e-01,3.476730850304437515e-01,-3.172651715802430328e-01,-7.453445723869406292e-01,-5.185757761349947259e-01,-2.102321078365589346e-01,1.374595546881554955e-03,1.603615288765550175e-03,1.615855306927534499e-02,3.415935154946902336e-02,7.282957600086798454e-03,2.610363142562535221e-03,2.587854147454572099e-03,5.417194582802239587e-04,5.254306138404473032e-03,7.563224110420753432e-02,1.165834385674364461e-02,3.956399980010955400e-03,2.079558578587259801e-02,-1.778584392014518900e-01,4.704466766945401314e-03,-2.699494149975656399e-01,-1.736087426501374820e-01,-4.201655782912182280e-02,-1.817445417426797993e+00,1.141342019499646046e-02,-3.339382940108892583e-01,2.757396271926101150e+00,-6.188924735652063802e-01,-8.131044774073992176e-01,2.517288731340111552e-02,-9.879895085753075124e-02,7.716465600340838282e-02,1.204791195397599546e-01,-2.115847440520575717e-01,1.695505703904481853e-02,-3.863638084749463353e-01,-8.545328616863802074e-01,-6.242747143252826980e-01,-3.020773467993779215e-01,-9.713126548593713737e-04,-1.476656033169375035e-03,-2.912784904282725643e-02,3.332939764445149583e-02,8.377537495643308518e-04,-1.775272337193148451e-03,-3.429809646322960065e-02,-4.211196164656104239e-03,2.313463575263955806e-03,7.230372116189841269e-02,7.399101263569418836e-03,1.626110415276641255e-03,6.607748058142275810e-03
2.495462794918330146e-02,1.404495831892615954e-03,3.149592403750685943e+00,1.290948931558740520e-01,1.942485075569434227e-01,1.303736080739677783e-01,1.729290921712347065e-02,2.177858439201451821e-02,-2.795919699119228241e+01,2.534513839834843463e+00,1.069727923379036050e-01,1.193650361479567205e-02,6.742824071127936914e-02,1.223524673133196267e-01,4.957193351579842339e-02,-1.557666998428670346e-01,-6.590147043080210598e-02,-3.987822776658956347e-01,-3.701504136170077341e-01,-4.062262990211354952e-01,-7.624021601897179590e-02,3.433269158617595265e-03,2.532067899983205732e-04,9.536740613647641529e-02,1.890993698380830368e-01,9.613554056920660743e-03,1.230890093551398725e-03,8.164942274417866588e-03,2.589530765178822799e-04,1.510217255561106461e-03,3.896328928690264998e-03,3.571942499497271929e-03,5.973416759536514901e-04,5.528913752239372759e-02,-8.620689655172417143e-03,-4.540248536014891527e-03,1.993404569207068988e-01,4.066477532162389441e-02,7.641794803208344644e-02,-3.953537576017979172e-02,3.844954073274396353e-03,-3.266787658802178251e-02,-2.667156879401989755e+00,1.251273312420952077e+00,1.452778094133787334e+00,1.951226613558981471e-01,-5.652586215053058416e-02,-8.455071047387978378e-02,1.245283009410975278e-02,3.943841456398372580e-01,-4.135745554612458852e-01,-8.151710608565260197e-02,3.751941587699328950e-01,1.123494771138592307e-01,1.339918918175871387e-01,2.058673611736040309e-03,-1.350408498767229548e-03,7.920885306720107377e-02,1.549400182886140065e-01,2.330596456833862289e-03,-1.379473049011136496e-03,5.577088126963294923e-03,-2.827663817623416787e-04,-3.744088882843366571e-03,-7.173591217551726629e-02,-8.086401357246373114e-03,-3.359058304057303910e-03,3.449355173652113304e-02
9.891107078039927669e-02,2.934561224871122943e-04,3.069867423739068624e+00,2.002771102159865702e-01,1.824275366724446290e-01,9.581277818254317902e-01,1.503307809079268247e-02,2.359346642468239663e-01,-2.947630859621718358e+01,1.743418122847967489e+00,1.672995275390506686e-01,9.482178145697992000e-02,3.299203652028603884e-02,-2.306664104578843300e-01,4.002739452226741074e-02,-5.868954948066090749e-02,3.588369269368668624e-02,7.280835738227600662e-02,-1.312991154892216052e-02,5.030749173832410603e-02,-1.042922796580870171e-01,4.151581910387865462e-03,1.419144527899560441e-03,2.152488650657731137e-02,1.059351782580397576e-02,1.808765749451810359e-02,2.838930365664685956e-03,2.639331888706112350e-01,4.348875249493862187e-04,1.918666202817517199e-03,3.025532402494907677e-03,9.226100703150729582e-03,1.020078158152635953e-03,7.139081535109519094e-02,7.395644283121596829e-02,-1.111039709405503605e-03,-7.972498001161731906e-02,7.118221706011251815e-02,-1.182097088449879374e-02,8.277541737514639841e-01,-2.259831126330788184e-03,2.141560798548094446e-01,-1.517111605024901166e+00,-7.910957169868759742e-01,6.032673520114706367e-02,8.288527784218424621e-02,-3.443620419099333030e-02,-3.530188777712039427e-01,-9.544538993531012649e-03,9.707715036220612714e-02,1.017851631244887922e-01,4.715906350481716691e-01,3.570205020680855545e-01,4.565337907594596012e-01,-2.805206363911522116e-02,7.183127517702701977e-04,1.165937737901239814e-03,-7.384251962989910045e-02,-1.785058520122790593e-01,8.474103437597442848e-03,1.608040272113287232e-03,2.557682465961933493e-01,1.759344484315039387e-04,4.084489472564107378e-04,-8.707965261953573219e-04,5.654158203653458087e-03,4.227364821989844628e-04,1.610167782870146336e-02
4.900181488203266683e-02,1.419737643293803768e-03,3.192425773029305525e+00,1.306557185023053402e-01,1.515362010252900571e-01,5.496189703116378666e-01,5.676165857780841525e-03,6.624319419237749418e-02,-2.740674787632074683e+01,2.042728648821035886e+00,2.381443201388542263e-01,-5.751192068074714170e-01,3.441633814939724645e-01,3.144584944402110116e-01,-2.028082125972363037e-01,-3.243527707564645701e-01,4.454940206734608193e-02,-5.016660271949723304e-01,-3.090288812588715683e-01,-1.499583824374745022e-02,7.626065299244471074e-01,1.582908246446328030e-03,5.233780606217967694e-04,4.065500000799007058e-02,4.530834341423823318e-03,8.028054764280480315e-02,2.088080542738165318e-02,6.997991559367118530e-02,6.494909822336094067e-04,1.201653359010497989e-03,7.382356400265667473e-03,2.829234932739842570e-02,4.330506062865628961e-03,2.690102120608207220e-02,-4.990925589836660986e-02,1.126281520806691420e-03,1.225583492902369009e-01,-6.962139171368122992e-02,-3.089133564715457192e-02,-4.085088115137939235e-01,-9.356912233011840940e-03,-1.696914700544464583e-01,2.069560719896436751e+00,2.993105259730683976e-01,7.084479259980355770e-02,-6.699409882644513647e-01,3.111713449736864257e-01,5.451249048980952860e-01,-2.428356071195037214e-01,-2.656632212758036626e-01,8.665709373659395698e-03,-5.744743845772483093e-01,-2.958989697099493887e-01,-6.530332998207155626e-02,8.668988095825340690e-01,-2.568673663941537649e-03,-8.957664672777636717e-04,1.913011350141275921e-02,-6.062683484380152442e-03,6.219289014828670303e-02,1.804187506171696723e-02,-1.939532732769400636e-01,2.146034572842231880e-04,-7.170128438070192105e-04,4.356823997770759363e-03,1.906624862424769612e-02,3.310427904712993225e-03,-4.448979414501311874e-02
2.813067150635208818e-02,2.077059693853164184e-03,2.896883418719271130e+00,1.050709076378062851e-01,1.589687270993035417e-01,2.115799850648866498e-01,9.473972943840655581e-03,3.176043557168783948e-02,-2.738103006011372997e+01,2.680711675060200250e+00,3.251218389577307244e-01,-4.570725467241973927e-01,5.457976502774647409e-01,-3.415230035469141168e-01,-2.467565845079839892e-01,-3.271274392606691728e-01,-9.747113361763762307e-02,-2.433959574692777794e-01,-6.519444970942529505e-01,-1.567478808363064469e-01,-4.970175418416710178e-01,5.412025057197447295e-03,1.618685035896175921e-03,5.665832126466977675e-02,9.974101544657168472e-02,8.143330238512419550e-02,6.198210624539807895e-03,1.903654522807535915e-02,2.417784441654798424e-04,3.439553872146099405e-03,4.408857225742958581e-03,1.130880194305893677e-02,7.923041485482053888e-04,3.336671500001887891e-02,-2.087114337568057865e-02,6.573220505593604154e-04,-2.955423543100343942e-01,-2.558481086449905517e-02,7.432526074013484640e-03,-3.380389852467512446e-01,3.797807086059814055e-03,-3.448275862068965469e-02,2.571781620701685256e-02,6.379830262391643636e-01,8.697751881887649805e-02,1.180466600832740243e-01,2.016342687834922764e-01,-6.559814979871251284e-01,-4.394837191074768556e-02,-2.774668504204602648e-03,-1.420205356849837119e-01,2.582700697256945510e-01,-3.429156158353813821e-01,-1.417520425925589966e-01,-1.259624071766118014e+00,3.829116810751119482e-03,1.095306975274379152e-03,1.600332125667970617e-02,9.521018110514786748e-02,1.152754742319392345e-03,-1.468259480284184529e-02,-5.094337036559582615e-02,-4.077125380681295643e-04,2.237900513135601416e-03,-2.973499174522708892e-03,-1.698354738433948893e-02,-3.538201914317423355e-03,6.465693793936806710e-03
3.901996370235934902e-02,6.340381626985003814e-03,3.303538545475762422e+00,1.001839771429532677e-01,1.258166953568679303e-01,4.073190578544298446e-01,1.169186470256667297e-02,4.174228675136116423e-02,-2.519372038612625531e+01,1.706218028263262632e+00,-1.276077226006078202e-01,-6.778698955596824671e-01,9.475521046724072471e-01,-2.195705555728111880e-01,-6.405955304603141442e-01,-9.829705902086263714e-02,-1.481669198207316018e-01,1.007658587253785765e-01,-2.988549331929897246e-01,-6.046715298813962747e-01,-6.630568871871331815e-01,1.404294931307241250e-02,1.482804183908354063e-02,1.619124451953399269e-01,2.179857064352941701e-02,4.245332181560462076e-03,1.206792735561476896e-03,9.628667504161180293e-03,1.017667535913552822e-02,1.021447311683294085e-02,1.853564571895367037e-03,2.248759753775443019e-03,7.261514850161750190e-03,4.270155473554348990e-02,1.088929219600726084e-02,4.263321933131839631e-03,4.066551267564912919e-01,-4.886930494853017337e-03,-3.315203174243561146e-02,1.957390727895431948e-01,2.217891758726017390e-03,9.981851179673324748e-03,2.187309673987474667e+00,-9.744936467969376181e-01,-4.527295615583385446e-01,-2.207973488354850744e-01,4.017544543949425062e-01,1.219524479741029288e-01,-3.938389459523301550e-01,2.288303802398065356e-01,-5.069578620309397876e-02,3.441618161946563559e-01,3.530895639012632259e-01,-4.479236490450898556e-01,-1.660393453454621637e-01,8.630924255874965201e-03,1.320935680318736406e-02,1.052541239306701570e-01,-7.794244480304227118e-02,-7.718797020356372995e-02,-4.991417888978330782e-03,-9.407877723914178855e-03,9.934896914970047996e-03,6.774919244686841008e-03,-2.555292653847591328e-03,-9.060042189283494182e-03,6.469210701613544584e-03,9.334839735524610993e-03
5.535390199637023334e-02,5.915279231302306151e-03,3.308128412741984548e+00,1.003558448663672970e-01,1.163208675027891242e-01,4.770774570597843822e-01,1.174961833567074107e-02,8.983666061705988803e-02,-2.445152268981991384e+01,8.282892931137104675e-01,-5.806785361901819487e-01,1.884247863183615423e-01,-1.152554799952600628e-01,3.456968919940736629e-02,6.989704427543107224e-02,-1.072254313525330405e-01,4.764251545544516131e-01,-5.392468454599880223e-02,2.097412827604756280e-01,-3.996236579080131301e-01,-2.803564404318379388e-01,4.493010104727020171e-02,8.445070023625682407e-04,2.687511617441547609e-02,1.045958167232082393e-03,2.638114549822975774e-03,1.409438632325746635e-02,1.123901354725084616e-02,7.090375425457580297e-04,1.063083593674627727e-03,3.074728678936411962e-03,4.606280054639055183e-02,4.579605301008578960e-02,1.831563421133138719e-02,1.633393829401088432e-02,-4.251023956826976632e-04,4.589867266222125153e-03,1.718677234140292276e-04,-9.495827854078806030e-03,6.975839920535453764e-02,5.775363310406810002e-05,4.809437386569872380e-02,7.421976963063414701e-01,-8.779287351495521641e-01,-4.530708135895741284e-01,8.662946818780440372e-01,-1.062807584667667227e+00,2.541402447722185265e-01,7.104925747357452304e-01,-8.928372331670403339e-03,6.245920743751831594e-01,-1.546905432713773787e-01,5.085962159534653804e-01,2.050478719733831445e-01,3.827004467552952427e-01,3.088715173419778748e-02,-1.398353483672097261e-02,-1.350373290209244403e-01,-2.075261247629733505e-02,-1.607217631737486302e-03,1.288759358769599010e-02,1.610346043089665863e-03,-9.467637816589770730e-03,-9.151389523158312903e-03,1.221164107041044925e-03,4.381404079261511098e-02,3.853453815992403941e-02,-2.438592052421210271e-02
4.038112522686025663e-02,5.528292473685110855e-03,3.304862483130142081e+00,1.059287287916584747e-01,1.660838566183593934e-01,1.913710613435139207e-01,9.232649264534995362e-03,5.353901996370236116e-02,-2.519207146222798244e+01,1.647585365597758367e+00,-1.668655641519003030e+00,2.820065438314365847e-01,6.904736584509346686e-01,-8.168638111596002727e-01,9.654604181440602784e-03,3.996259750147226342e-01,5.066799828335317724e-01,3.407374335727558767e-01,2.259708172827648576e-01,-1.243789859604442216e-01,-7.521819882413866010e-02,1.986556529954564346e-02,1.499571469169106580e-02,8.363255317998495586e-03,4.160495179386445967e-03,4.462377107319083318e-03,2.485163770826056065e-03,3.800831842085702558e-03,2.584034469847578189e-03,2.823822445405833447e-03,2.604020726790395521e-02,3.879784673198941047e-02,1.341583966576275454e-02,1.099171482766380693e-02,-1.497277676950997671e-02,-3.869867576171952955e-04,-3.265929611842466329e-03,5.572883925291177709e-03,4.976298911557026916e-02,-2.857063957162704337e-01,-2.516969071135745709e-03,-3.629764065335752687e-02,-7.405487724080686007e-01,8.192960724840478992e-01,-1.087977105328821192e+00,9.358175751307504231e-02,8.057291384461947592e-01,-8.514335003590076667e-01,-6.024244009399046945e-02,5.068514063672556746e-01,3.025482827908015926e-02,3.946621181187546790e-01,1.622953452228922955e-02,2.752446719475689085e-01,2.051382416076992787e-01,-2.506453574772455825e-02,1.415120768932849778e-02,-1.851186085641698051e-02,3.114537012154363575e-03,1.824262557496107544e-03,-1.160922255243141028e-02,-7.438181705165143598e-03,1.874996927301820267e-03,1.760738851731205720e-03,2.296547858896754238e-02,-7.264953814401141352e-03,-3.238021334432303333e-02,-7.323919383667580260e-03
4.401088929219600793e-02,2.000501779549663118e-03,2.645099041782705829e+00,1.189112597022719126e-01,1.785883776802718592e-01,2.107309547646036840e-01,7.865061064428004178e-03,4.537205081669691553e-02,-2.698025735631192745e+01,2.067109903162614781e+00,-1.338318994758556091e+00,3.148120818977057089e-01,8.848433454699604628e-01,-2.798462891950886933e-01,-2.705691310715919728e-01,-9.421555909804098239e-02,1.060371116262158186e-01,-5.743207619181792817e-02,2.703710976732986992e-02,1.613713152044433108e-01,2.826203004929466189e-01,5.577967349995971956e-03,3.769003298390538018e-04,7.229793411106319109e-03,4.844459556242010530e-03,1.892493284212771023e-03,2.620108900503884900e-03,4.361736625979613369e-03,3.748956135946549927e-03,4.223701738827114784e-03,8.963619037233250264e-03,1.728376805276440886e-02,6.924689034051290104e-02,1.808820285762845204e-02,3.629764065335751300e-03,-3.527790694135447738e-03,-6.597634413474362525e-01,1.298253091061343789e-02,1.250452106191246582e-02,1.935989342108976330e-02,-1.367588200106991184e-03,-8.166969147005445628e-03,-1.788185894083945016e+00,4.195245375648564146e-01,3.303366467604469392e-01,3.280553806626912428e-02,1.943696870190257942e-01,5.370175219645115794e-01,-2.802237352530325687e-01,-4.938415341127636027e-01,-4.006428712073159537e-01,-3.981695097645738257e-01,-1.989337075154349876e-01,2.857503011648875324e-01,3.578384993170852790e-01,-1.428759794954967063e-02,-1.461881436185201270e-02,-1.133461906892176477e-03,6.839643768555645625e-04,-2.569883823106312512e-03,1.349451296778288352e-04,5.609047838939108105e-04,1.164921666098971739e-03,1.399879293421281336e-03,-1.707658823067070494e-02,-2.151407867922500161e-02,5.583105067475014477e-02,7.096488029964645103e-03
2.241379310344827624e-01,5.368573205588645682e-04,3.005990738375539095e+00,2.738686236725091927e-01,1.665296992753299565e-01,2.100493400316523651e+00,1.332247550694549108e-02,4.047186932849364815e-01,-2.924729506979678106e+01,1.385787880365928704e+00,9.113248545028898584e-02,5.785234873762461483e-01,1.008733225311246040e-01,-2.149495685926628985e-01,7.238365517402949034e-02,3.356463167919475632e-01,4.144683830248884204e-01,-4.151299943361221045e-02,1.653081033468277727e-01,1.750513784882922197e-01,2.704580536189292450e-02,3.305883080015126381e-03,1.634275792475126457e-03,2.340239461508457006e-02,4.005238085113218931e-03,6.622221911247887227e-03,1.601434868113535805e-03,5.294307114857254443e-02,5.065479580689886052e-04,1.119617687003614638e-03,2.070637573745326161e-03,5.930222131476653100e-03,2.598657535456406088e-03,1.455641312125940945e-02,1.801270417422867476e-01,-1.463644458990798550e-03,3.608916965928332665e-01,1.549573639702372940e-01,-1.205867840494190268e-02,1.889762445551919967e+00,5.457414442517486905e-03,3.593466424682395521e-01,-2.267037713484853612e+00,-6.813220227966860776e-01,1.429451480208845160e+00,2.637114054785404393e-01,-7.839700229388358865e-01,6.489672060242579477e-02,3.429527862456214771e-01,4.298618758899885317e-01,3.084312713986726018e-01,1.591907675820571771e-02,1.382709935794979028e-01,1.368006328384890891e-02,-2.555744951310536806e-01,-2.272084269980845575e-03,1.257375462636072709e-03,1.617260120397825268e-02,-8.392214711287915990e-04,4.729728627035116421e-03,-1.018674032390349095e-03,4.858133452259293106e-02,-3.242408177877561214e-03,-3.104084051823500362e-03,-6.892981463487924537e-03,-1.135354592128775576e-02,-6.664823280505649539e-02,-3.531789736369042587e-03
3.189655172413793371e-01,1.542060609988671815e-03,3.246412130503379512e+00,3.169948879642627837e-01,1.500897932754435005e-01,1.995471347701055054e+00,1.572797575720469472e-03,4.228675136116152311e-01,-2.964227759631496895e+01,1.263043669934093005e+00,3.328842165009589515e-01,5.850784362005924111e-01,3.878176478725031129e-01,9.128563046597884534e-02,1.205244711619077452e-01,6.126883005337458582e-02,6.339307614409794844e-02,7.841158256620987810e-02,3.700058178187860536e-01,1.649122626884238496e-01,2.316243073927459414e-02,9.455679374180787303e-04,6.435394053982078887e-04,2.748837621915409257e-02,1.117691286664524667e-03,4.755671622864219780e-03,2.048652957101574409e-03,7.835415006035791746e-03,7.414089761235105125e-04,8.916422394451371108e-04,1.295126035767443871e-03,4.955469428836955202e-03,9.834738419280876932e-04,7.272067977085052738e-03,9.482758620689657469e-02,1.005203289429807247e-03,2.404213921278404165e-01,4.312626429175359100e-02,-1.643990599988645607e-02,-1.050220526154685974e-01,-1.174967793122502074e-02,1.814882032667874956e-02,-3.949825265181878819e-01,-1.227442104318356986e-01,2.417517310506699657e-01,6.554948824346262803e-03,2.869443253413784811e-01,3.062351990586417161e-01,4.814081598787825489e-02,-2.743774867385729843e-01,-3.510753068807904720e-01,1.199245819998220886e-01,2.046977144719582808e-01,-1.013911579986837008e-02,-3.883374622618330357e-03,-2.360315142597047867e-03,-9.907363870769185683e-04,4.085981604069522516e-03,-2.887546798448694264e-03,-1.866550288383667447e-03,4.472180889880386038e-04,-4.510765614253675615e-02,2.348610180545219073e-04,-2.279754475584775276e-04,-7.755115379778822898e-04,-9.747527026396978975e-04,-1.615183693528318394e-03,-7.284345144174356711e-03
2.953720508166969294e-01,1.492249615275212035e-03,3.294098984051917700e+00,3.085397653544008634e-01,1.465439702361920615e-01,1.909905184824056468e+00,1.630035912991886467e-03,4.092558983666061967e-01,-2.998731890299362846e+01,1.526396496922016066e+00,5.405827013485876575e-01,1.152305851878291376e-01,3.892306157707852154e-01,2.260693441235003820e-02,6.962854422747408178e-02,5.946414933673032505e-02,1.533970435932686394e-01,-7.370923308712129529e-02,5.155561134180303151e-02,-1.558763710616112297e-01,3.300350926322574707e-02,1.873634882409263821e-03,2.360673503899897430e-04,2.360138960226473154e-02,1.627963770720399894e-03,1.596314674375900978e-03,8.095247773285803522e-04,7.097641977651631545e-03,6.127352125771482610e-04,2.590959230514779024e-04,6.021719256790009859e-04,3.972109844862138292e-03,4.425557975888646037e-04,6.334021026078127947e-03,-2.359346642468240773e-02,-4.981099471345977990e-05,4.768685354853818836e-02,-8.455122609861920324e-03,-3.545823039251438935e-03,-8.556616287699858603e-02,5.723833727141699503e-05,-1.361161524500903441e-02,-3.450413066786595095e-01,2.633528269879230610e-01,2.076984848476287060e-01,-4.698478510127632735e-01,1.412967898282102563e-03,-6.867869605362880714e-02,-5.089592693443366345e-02,-1.804680716644260774e-03,9.000396744917069092e-02,-1.521208156533311873e-01,-3.184502064769830221e-01,-3.207886337500350793e-01,9.841078523951152929e-03,9.280669449911850902e-04,-4.074720550082181186e-04,-3.886986616889361035e-03,5.102724840558752264e-04,-3.159356948488318585e-03,-1.239128179772994165e-03,-7.377730283841602010e-04,-1.286737635463622515e-04,-6.325463163936592085e-04,-6.929541100884428848e-04,-9.833595839748169101e-04,-5.409180443392230895e-04,-9.380469510069247910e-04
1.352087114337568174e-01,7.553028583244018011e-04,3.082216319731336363e+00,2.370193735759641152e-01,1.605893181060822628e-01,1.623180684199787116e+00,3.405033116848285406e-03,2.849364791288566123e-01,-2.969263920794220724e+01,1.158283942975475433e+00,5.573605575776601206e-01,1.614957512281842422e-01,2.515577512701254181e-01,1.355681383442527976e-01,1.929256645724057861e-01,1.677442770496377356e-01,2.350282226067484381e-01,-2.337109206890063406e-01,2.719611150746885642e-01,2.669052786950305567e-01,7.503656973291555898e-02,7.381151465212670328e-04,6.365041296646724214e-04,2.181899756115178793e-02,1.227830370498475933e-03,2.599150662590395035e-03,1.699575990499489547e-03,2.017375857598438516e-01,1.367438122489525801e-03,9.189028077915017446e-04,1.366528579089724407e-03,2.225578174917325347e-02,5.548845668474368907e-04,5.491335640590616629e-02,-1.601633393829401120e-01,-7.369467569508102341e-04,-2.118826643205813376e-01,-7.152039177843674822e-02,1.404534786989020123e-02,-2.867245006242693517e-01,1.774997203856398939e-03,-1.243194192377495844e-01,2.946796950514212199e-01,-3.681125539465406327e-01,1.677785622907246310e-02,4.626516604035510460e-02,-1.376728645006597973e-01,1.129612039319027594e-01,1.232971203449317044e-01,1.082801277129074036e-01,8.163117901347979877e-02,-1.600016876018850454e-01,2.204055037328855327e-01,4.227816497566417864e-01,4.203306046968981191e-02,-1.135519735887996788e-03,4.004367792746826513e-04,-1.782392041112943609e-03,-4.001334002219239603e-04,1.002835988214494057e-03,8.900512131709091947e-04,1.946399437821922096e-01,7.547029099123775397e-04,6.598068847400238423e-04,7.643566534107234210e-04,1.828367190431111344e-02,1.123287692585722870e-04,4.857933537982803834e-02
3.675136116152449839e-02,5.302419291102711220e-04,2.932984892481513839e+00,1.518458621933550245e-01,1.978473063672351040e-01,2.735714090288824951e-01,9.369419653920685320e-03,1.361161524500907431e-02,-2.959750017088065732e+01,1.836952894449474405e+00,1.741702993997218396e-01,2.432445902388639669e-01,1.056915835093741041e-01,2.009491331902387712e-01,1.485534707804816446e-01,9.474940677447911408e-02,1.785390913798762247e-01,2.193804929310939900e-02,1.306515736311849307e-01,3.076731635187455183e-01,2.685341045397813819e-01,5.245597253913163345e-03,5.041279211727068459e-04,7.839917637488631741e-02,2.159161934108300412e-03,9.391910099198073208e-03,1.119861935223570668e-03,6.356190043574042048e-02,6.823958661308560840e-04,8.293150335743004146e-04,1.105501062820256862e-03,1.847454082581111434e-01,8.205576608546323808e-04,5.347706960007012067e-02,-9.845735027223231906e-02,-2.250609292141306792e-04,-1.492314272498225236e-01,-8.517351138260909060e-02,3.725798826115284124e-02,-1.349609275170904565e+00,5.964386537072399914e-03,-2.713248638838475224e-01,9.513903706154991369e-02,6.786689514739989715e-01,-3.831902581779382810e-01,8.174883901067972469e-02,-1.458661677607513141e-01,6.538099484598597355e-02,-4.437219379192414159e-02,-7.299487027515862148e-02,-5.648913122687221344e-02,2.556489699821157258e-01,-1.413095414435036334e-01,4.076788482371496158e-02,1.934975348068658230e-01,4.507482107391895879e-03,-1.323762084919655755e-04,5.658017881373453295e-02,9.313315636098244785e-04,6.792759436607677739e-03,-5.797140552759188787e-04,-1.381756853241034311e-01,-6.850422563586697168e-04,-8.958777421720133007e-05,-2.610275162694675449e-04,1.624896265089378899e-01,2.656730940071954901e-04,-1.436286805836045621e-03
2.813067150635208818e-02,6.949693510954303233e-04,2.889240045577995186e+00,1.172086113472431967e-01,1.775600218179656242e-01,9.418617478277270527e-02,1.240682024202892537e-02,3.629764065335753034e-03,-3.019162535541469339e+01,1.881173361104867769e+00,-1.278674356948875657e-01,2.102752309917363116e-01,3.459203270334934022e-01,1.900693320435640765e-01,-1.689031645215086780e-02,7.596436381132506965e-02,1.360823333771860877e-01,2.199199280411048563e-01,3.029522370766318251e-01,5.562920615433165905e-02,1.481736395224805269e-01,5.765685268991131663e-04,7.842806250366485699e-05,2.845343888277804267e-01,1.367982153844780674e-03,6.913079050734565779e-03,2.354901442765644471e-04,1.321024624420381322e-01,9.944909493943866481e-05,6.813594516019017954e-04,2.502755921091344427e-03,2.619060567871409409e-02,9.002984732959172206e-04,8.256943069995505147e-02,-8.620689655172410204e-03,1.647274219851592014e-04,-4.374484690351865268e-02,-3.463725084611182781e-02,-2.028728454926947977e-02,-1.793852342461098037e-01,3.037400588108240054e-03,-9.981851179673321278e-03,-5.941251845340360660e-01,4.422046665539336452e-02,-3.020377350946094053e-01,-3.296935924712765531e-02,2.402287435241192981e-01,-1.087980114667469467e-02,-1.654437872326325054e-01,-1.878504296315404443e-02,-4.245675800269013700e-02,1.979818787479954434e-01,1.723006634454468944e-01,-2.520439573644138731e-01,-1.203604650173008550e-01,-4.669028727014050070e-03,-4.256998586690419889e-04,2.061352124528941232e-01,-7.911797802635197382e-04,-2.478831048463507429e-03,-8.843717909470062482e-04,6.854056200629771167e-02,-5.829467711914174599e-04,-1.479555819723986192e-04,1.397254858271087564e-03,-1.585548025793970528e-01,7.974081244128483972e-05,2.909236109988493080e-02
1.996370235934664256e-02,4.093307572197585884e-04,3.017733876111052815e+00,1.087204218565157171e-01,1.581982599888744345e-01,1.295280872030383501e-01,1.088393272953136481e-02,9.074410163339383453e-03,-3.002187040632557924e+01,2.038263266546580521e+00,1.001408231325662812e-01,5.091645359820204941e-01,3.495687379190303701e-01,4.264516436306132752e-01,2.383534583417517838e-01,1.527206372007202662e-01,2.880718600561513187e-02,-8.467111086626703809e-02,3.006379906405504815e-02,2.401711868860885168e-01,1.381865739243799684e-02,3.759517134601939817e-03,6.232495209770649641e-04,1.034961538169618528e-01,4.338772272531189744e-03,5.445756587420202272e-03,1.703783964853750879e-03,1.456334188874562618e-01,1.289979383376566784e-04,1.434462169507526351e-03,2.741294885666011906e-03,1.106810111390636175e-01,4.104409079067082903e-04,5.179126042979234623e-02,-8.166969147005445628e-03,-2.856385938756717349e-04,1.284938305330576291e-01,-8.488189490727479636e-03,-1.936176182909118970e-02,3.534191242026564483e-02,-1.522887512497560561e-03,5.444646098003630419e-03,1.697549490891141488e-01,1.570899054417127516e-01,2.280082588274538469e-01,2.988893049902842103e-01,3.648410885536967907e-03,2.363823115870491987e-01,2.552437747939026447e-01,7.675627338939519650e-02,-1.072751473715709558e-01,-3.045910389073718805e-01,-2.728884380125767839e-01,1.845419807317568717e-01,-1.343549821300425440e-01,3.182948607702826543e-03,5.448214584734001071e-04,-1.810382350108185601e-01,2.970790118686408854e-03,-1.467322463314363508e-03,1.468293820577186350e-03,1.353095644541812970e-02,2.954884339821801356e-05,7.531027179056245559e-04,2.385389645746674794e-04,8.449040546034952692e-02,-4.898575653892089845e-04,-3.077817027016270524e-02
3.629764065335753381e-02,3.038794337634111577e-04,3.043550004296958544e+00,1.108377392161937341e-01,1.526390530641686949e-01,1.556695792965660519e-01,4.075950769868030496e-03,1.361161524500907431e-02,-3.015457106848615965e+01,1.975832662380039295e+00,2.901934797918249986e-02,4.884433238450801018e-01,2.577131256729519038e-01,3.919988760820711793e-01,3.220806008226518302e-01,1.758713207742413076e-01,5.313403578663682125e-02,2.150948348347668793e-01,2.382727165269152847e-01,1.991152252785545196e-01,1.601151870019874579e-01,1.321629872333245298e-03,1.657056941970521833e-03,9.119482434992123854e-02,1.609902765452012616e-03,2.733714475567190771e-02,2.103665019574739838e-04,2.010471061514671753e-01,1.493993804436871816e-03,1.176503854273579361e-03,1.570047820455464614e-03,5.896280547080152978e-02,3.288952922645273593e-04,5.804750412617840777e-02,1.633393829401089126e-02,-1.054513234563474308e-04,2.581612818590572900e-02,2.117317359678017041e-03,-5.559206924705739628e-03,2.614149209352770176e-02,-6.807981959663334318e-03,4.537205081669690859e-03,-1.327006621605804071e-01,-6.243060416654122591e-02,-7.112147515338378134e-02,-2.072121213694039232e-02,-9.185561224607846631e-02,-3.445276754854209589e-02,8.372714248090004641e-02,2.315068357352104145e-02,2.432684978102168938e-02,2.997659457010339312e-01,2.082089174628602435e-01,-4.105596160753399726e-02,1.462965296095494749e-01,-2.437887262268694302e-03,1.033807420993456978e-03,-1.230132946704061425e-02,-2.728869507079177345e-03,2.189138816825170544e-02,-1.493417462896276787e-03,5.541368726401091349e-02,1.364995866099215057e-03,-2.579583152339469908e-04,-1.171247065210547292e-03,-5.171820566826208776e-02,-8.154561564218093094e-05,6.256243696386061537e-03
6.669691470054446569e-02,3.241287110275848163e-04,3.019303038810404960e+00,1.394804429335309293e-01,1.505988330022485777e-01,7.793321300860935885e-01,5.853531489428764369e-03,1.678765880217785722e-01,-2.923531731630822961e+01,1.126457212847328915e+00,3.513736962987210610e-01,6.726460094411150503e-02,2.837806554489468724e-01,1.410646779807332996e-01,2.158078077404843031e-01,6.113283789870306295e-01,2.631177764685780351e-01,2.878528024874019708e-01,-1.632133241604940554e-01,8.474153408487153372e-02,1.606684047231790036e-01,2.002244474753297684e-03,2.213478284537735014e-03,6.987229045399473426e-02,1.050747633369716796e-03,2.701793646376048248e-03,1.276280393748179323e-03,1.566161938113570518e-01,7.078752138665241620e-04,2.867864108635233104e-03,1.425167140509923415e-02,5.782528522984998337e-02,9.026668976012601313e-04,4.551476065978317387e-02,3.039927404718693188e-02,2.024927726417365863e-05,-2.424696548655358441e-02,2.864270371733719511e-02,-2.040220061920117178e-03,6.236625507895274811e-01,1.777580719560733873e-03,1.542649727767695100e-01,9.192537521779300391e-01,-8.493754495327103804e-01,3.223543483195385750e-01,-4.211787229009685829e-01,2.606752977599496868e-02,-2.509341981013378797e-01,-1.062727930821675271e-01,4.354570582127893497e-01,2.099837406819412000e-01,7.275796765263509158e-02,-4.014860406874093401e-01,-1.143736911936829859e-01,5.532177211915456638e-04,6.806146024200523861e-04,5.564213425672131803e-04,-2.132253389592650428e-02,-5.591551320822958204e-04,-2.463535110929586033e-02,1.065913891790705448e-03,-4.443091234011012358e-02,-7.861185905703476544e-04,1.691360254361653744e-03,1.268162358464377040e-02,-1.137520240951546413e-03,5.737716053367328262e-04,-1.253274346639523390e-02
5.127041742286751053e-02,3.496523869744429876e-04,3.088951584869394917e+00,1.420518284561481659e-01,1.710702721294898310e-01,5.213360226559573540e-01,2.820136710580580918e-03,8.620689655172414367e-02,-2.937316965076766806e+01,1.303907610728515465e+00,5.178184583748721703e-01,2.487010413536770714e-02,2.915009238403392655e-01,1.729124649567103655e-01,-1.152446564584490990e-01,3.710559710410705758e-01,2.158118835340484265e-01,3.601762294976701417e-02,-3.231056953393665609e-03,-9.327452243642977980e-02,3.296590504475011701e-02,3.284391618229003367e-03,1.040952571994059909e-03,3.754103462161562793e-02,3.062307042046497150e-03,3.190933215249627114e-03,1.486342753471624374e-03,2.993615667795408442e-01,2.809953474227823043e-04,2.431064497919204273e-03,1.302169903100637051e-02,1.171396097416164614e-02,1.680739721215606438e-03,8.137509046246324540e-02,-1.542649727767695517e-02,2.552367594685817130e-05,6.964854605898995743e-02,2.571385522617236630e-03,2.047143912724125325e-02,-2.579961074301362345e-01,-3.033394778848183451e-03,-8.166969147005442853e-02,-1.378523344594384525e-01,1.774503978811865501e-01,1.664447620761511093e-01,-4.239449680874379789e-02,7.720268391392393070e-03,3.184778697597706598e-02,-3.310524641989334160e-01,-2.402724079459600537e-01,-4.730589293452960864e-02,-2.518351795376349567e-01,1.599822672071004037e-01,-1.780160565213013135e-01,-1.277024996784288935e-01,1.282147143475705683e-03,-1.172525712543675104e-03,-3.233125583237910633e-02,2.011559408676780354e-03,4.891395688735788658e-04,2.100623597234450510e-04,1.427453729681837924e-01,-4.268798664437418577e-04,-4.367996107160288313e-04,-1.229972374092863641e-03,-4.611132425568834070e-02,7.780728236143463067e-04,3.586032980268007153e-02
3.130671506352086797e-02,3.103288713876013586e-04,2.973533281793090843e+00,1.409551114228788649e-01,1.930594506944596778e-01,2.485138213243703320e-01,1.087635928715069943e-02,1.996370235934664256e-02,-2.989700146059083252e+01,1.903965317695549775e+00,2.355718835387984322e-01,2.933751099449116162e-01,1.713658421154020672e-01,1.227263612476846150e-01,-9.479770147185630214e-02,4.487802794295055187e-02,1.309513015318077289e-01,-1.221288108385369386e-01,-3.895264216386167683e-02,2.181619505932145264e-01,3.499470214164710491e-01,2.290926879369789212e-03,5.748178656336969203e-04,9.134465459682061805e-02,3.728428257990531926e-03,1.010639969139288247e-02,2.802801234335199412e-03,6.702012585424917124e-02,8.287299354468827695e-04,8.585068995230696201e-04,1.887064588103445429e-03,1.549361091202911267e-01,2.064760522951084899e-03,4.781399761503120349e-02,-1.996370235934664256e-02,-3.932351558684162897e-05,-1.154183030763040740e-01,-1.096717033269301034e-03,2.198917856496984680e-02,-2.728222013315870220e-01,8.056222576570118074e-03,-6.624319419237750806e-02,-5.238318098231644626e-01,6.000577069670343100e-01,-2.822465748360737381e-01,2.685050058095438952e-01,-1.201350817249371983e-01,-5.018610370902575057e-02,2.044695498659279687e-02,-3.261779430981200378e-01,-8.486058200224069759e-02,-1.581464337883039528e-01,-3.572158521046801122e-02,3.114364730296442785e-01,3.169811163717209390e-01,-9.934647388592141547e-04,-4.661347063603629888e-04,5.380361997520499012e-02,6.661212159440347766e-04,6.915466476143255353e-03,1.316458480863575038e-03,-2.323414409252916868e-01,5.477345880241004652e-04,-1.572557598396134761e-03,-1.113463444290292530e-02,1.432221481461294910e-01,3.840208017354784613e-04,-3.356109284743204191e-02
3.176043557168783948e-02,4.459448978711247650e-04,3.080150024955456090e+00,1.169918113837304097e-01,1.489910739501241754e-01,2.137378295793282978e-01,7.773530316953639399e-03,1.724137931034482735e-02,-2.977255768325458618e+01,1.623770406449287940e+00,-8.757689253548424368e-02,1.076139961835568953e-01,1.940493714638718559e-01,3.681969140635880100e-01,2.551032817767517336e-01,3.273434886817755407e-01,3.330502831355831583e-01,1.285099366594807668e-01,3.939819701154965992e-02,6.635243235974891407e-02,1.770450515577648432e-01,4.070332591115549160e-04,2.067278791234894962e-03,8.367259828286227608e-02,2.055046765064961947e-03,4.378932217082889301e-03,2.076322419296904292e-03,2.340479393374993722e-01,8.016731662182127304e-04,5.598585839887825627e-04,8.803266991506788260e-04,7.150013951573790105e-02,1.397796660178205700e-03,6.666880216016657368e-02,4.537205081669715145e-04,1.356160264835234064e-04,1.066167431623652462e-01,-2.396330003914845519e-02,-4.406837674433550234e-02,-3.477599174504203416e-02,-3.102828970197060027e-03,-2.722323049001815209e-03,1.244437773362463417e-01,-2.801949112462618352e-01,-3.231487760742826620e-01,-1.857611137613547347e-01,2.268352934846978863e-02,2.454705528159034089e-01,3.499009832486080218e-01,2.824654607388250027e-01,2.020989816037754294e-01,2.506387474980177332e-01,7.835083917541132981e-02,-1.518095182334656124e-01,-1.729019698587062059e-01,-1.883893620258234296e-03,1.492460925601198042e-03,-7.672056313958341978e-03,-1.673381492925569980e-03,-5.727467474309993166e-03,-7.264788150382951205e-04,1.670278134832501871e-01,-2.705676922867003911e-05,-2.986483155342870574e-04,-1.006737888952766603e-03,-8.343596960455322564e-02,-6.669638627728791992e-04,1.885480454513537019e-02
5.308529945553538965e-02,2.681690934145076425e-04,3.015201731043854583e+00,1.479489699188765717e-01,1.929790661672499408e-01,3.916933305380199126e-01,4.916027017284335318e-03,3.811252268602540599e-02,-2.960045311385203348e+01,1.741283361349600156e+00,3.105111470530028117e-01,9.158849890711920350e-02,2.717639637653707640e-01,2.718552451237622458e-01,1.101449773413336608e-01,3.445034280402538007e-01,2.524654593177614870e-01,2.574716529192667136e-01,4.634023835104736366e-02,8.658381445464224946e-02,1.826389518305548409e-01,1.330703682435288755e-03,1.361336810433260531e-03,1.601888182975521879e-01,2.779524466845038986e-03,1.899483343510770597e-02,1.299424041425677754e-03,1.188743806864682312e-01,6.909161997931957374e-04,1.452254872177480239e-03,3.985120450561532510e-03,3.333542704117831157e-02,2.669214302371920085e-03,5.104767192667011150e-02,2.132486388384755016e-02,-1.777758044566171225e-04,-6.494829391160150678e-02,3.095715853514616200e-02,4.398799221712576535e-02,1.779555009586916148e-01,-2.857503299669304081e-03,2.087114337568057865e-02,1.721045694025526984e-01,1.175129549003122165e-01,3.980880395884870415e-01,-1.602549727643769184e-02,7.771459230149890818e-02,-9.634166893982576418e-02,-1.449583044354180728e-01,1.715993935847826002e-02,-8.058482381782167137e-02,1.289617162597859468e-01,6.942041339497703745e-03,2.023138209489333539e-02,5.593900272789997796e-03,9.236704233237338392e-04,-7.059419808016344309e-04,7.651622001468991185e-02,7.244777017800770394e-04,1.461590121802481754e-02,-7.768983778712265382e-04,-1.151735586510311410e-01,-1.107569664250169931e-04,8.923962881886976766e-04,3.104793751410853467e-03,-3.816471247455958948e-02,1.271417642193714385e-03,-1.562113023349646218e-02
3.811252268602540599e-02,3.384693835530866858e-04,3.165785282843278647e+00,1.355527892229145825e-01,1.659977950128067314e-01,4.276276835891169581e-01,3.810241051630175631e-03,4.990925589836660292e-02,-2.960979154106468769e+01,1.401680176235477582e+00,-4.687770188849083031e-03,5.633540106187857888e-02,-1.704576268767721003e-01,5.498542039189779906e-01,3.786530633484225250e-01,4.277353705227603387e-01,6.717558001719872718e-02,3.537288549962211981e-01,-1.485416057789677724e-02,1.171611404797191086e-01,1.100461972928536286e-01,3.228411962356571643e-03,4.785166989900674979e-04,1.513031596242087884e-01,1.540983212040673107e-03,8.827945592906893957e-03,3.928534457161839653e-03,4.921468255927795993e-02,8.421683432183526283e-04,1.502324879431176079e-03,4.207428064864987549e-03,1.229106268711593619e-01,2.507628732843067507e-03,5.026432209959982161e-02,-1.497277676950998365e-02,7.030029013857904329e-05,1.505835517994240647e-01,-1.239618069596198913e-02,-2.698127115444320934e-02,3.593435305109704547e-02,-1.105785965654159687e-03,1.179673321234119693e-02,-9.338427212654210052e-03,-3.396031851141225744e-01,-3.151989172418518947e-01,-3.525309784524062462e-02,-4.422215906421428366e-01,2.779989587952157448e-01,2.685080860070888642e-01,8.323194248250653793e-02,-1.852898793005627598e-01,9.625720207695448449e-02,-6.119439892894414090e-02,3.057732602507685915e-02,-7.259275453770121234e-02,1.897708279921282888e-03,-8.828201114431930875e-04,-8.885658673343399538e-03,-1.238541254804365879e-03,-1.016688784220081201e-02,2.629110415736162117e-03,-6.965969812719027821e-02,1.512521434251568909e-04,5.007000725369584009e-05,2.223076143034550395e-04,8.957519982998105035e-02,-1.615855695288525781e-04,-7.833498270702898836e-04
5.943738656987295615e-02,3.115115522204161972e-04,2.731572948716432414e+00,1.358248413235470520e-01,1.687303887324931584e-01,3.517182061832617168e-01,3.220058322826112665e-03,5.807622504537204855e-02,-2.947543709099396025e+01,1.522329229417921814e+00,-6.436350384242284228e-02,2.704347170947226653e-01,1.197659068248073388e-02,3.992403493727194608e-01,7.210945054259615405e-01,6.812348885851582381e-03,-7.203203307316069504e-02,1.389164047047141692e-01,-6.614459438323892770e-02,3.668964517774259138e-02,2.777899959107644756e-01,6.056278742795027752e-03,1.948510718372067647e-03,1.467918867207839428e-01,2.363471736259378352e-03,1.478408967050734435e-02,6.689257981558030704e-03,7.409369828195848384e-02,5.702772868076266951e-04,2.614976947780558222e-03,1.794461031605273753e-03,6.097728549856679808e-02,5.391639038423277517e-04,4.338207344195699200e-02,2.132486388384755016e-02,-2.695783133267048862e-05,-4.342123341268462333e-01,2.720521006324694291e-04,2.732593719686426947e-03,-7.590947740585524128e-02,-5.901827288040629657e-04,8.166969147005445628e-03,1.343544500707274381e-01,1.206490531824442325e-01,-5.967573365357375925e-02,2.140993160328441003e-01,1.824342175592528204e-01,-1.506138545462585299e-01,3.424414420775390155e-01,-4.209230216369087563e-01,-1.392076130903594222e-01,-2.148124502915070289e-01,-5.129043380534215046e-02,-8.047149530197651723e-02,1.677437986179108331e-01,2.827866780438456108e-03,1.469994019382000203e-03,-4.511272903424845548e-03,8.224885242187052452e-04,5.956144077600450393e-03,2.760723524396191050e-03,2.487901572268052391e-02,-2.718910564107259332e-04,1.112652068349382142e-03,-2.412967033259713796e-03,-6.193334137259256383e-02,-1.968464829000739647e-03,-6.882248657642829615e-03
6.125226860254083527e-02,5.744711188829489589e-04,3.228920593872139477e+00,1.667034930134208559e-01,1.892598873547690630e-01,7.229324528674205830e-01,2.527611122449625880e-03,1.506352087114337657e-01,-2.848779930431122409e+01,9.416421791476400349e-01,2.000629887239695481e-01,4.806979852099089179e-01,-1.111436464323952295e-01,7.607389411682919933e-01,4.984825720606018140e-01,2.201444817116357255e-01,3.675267430984199835e-01,9.173111147814259902e-02,7.301612004075479223e-02,-3.163208402475278791e-02,3.416249784139638868e-01,1.305048668712200689e-03,2.025926864187899568e-03,1.419366317505447173e-01,1.693667594303371752e-03,1.753459715842737091e-02,1.572114802288011740e-03,6.119691625016603770e-02,2.956498339642220710e-03,1.329487033334998463e-03,1.262813747640308387e-03,5.362940336458951046e-02,6.074145326064451893e-03,4.082917914164443246e-02,1.814882032667879119e-03,2.629595666625327618e-04,4.973476451557070632e-01,3.087865168987380393e-02,2.052949862227590461e-02,3.712142466841588662e-01,-6.924472003764867850e-04,9.255898366606171712e-02,9.876377866827361629e-01,-5.806870502702817793e-01,2.644264925663923904e-01,2.102632681151862526e-01,-1.231202371148759633e-01,3.614985917955725325e-01,-2.226119333653597265e-01,2.133321328257841432e-01,4.395587761715806785e-01,-4.718529322657157021e-02,1.391607144239937199e-01,-6.832172920249537929e-02,6.383498250319941114e-02,-4.751230074082827062e-03,7.741614581583192156e-05,-4.855254970239225587e-03,-6.698041419560066007e-04,2.750507487920026556e-03,-5.117143179270019181e-03,-1.289678203179244614e-02,2.386221052834593907e-03,-1.285489914445559758e-03,-5.316472839649653663e-04,-7.347882133977287622e-03,5.534981422222124033e-03,-2.552894300312559539e-03
3.584392014519056230e-02,7.885596834579795388e-04,3.143924329019611275e+00,1.532083720686384654e-01,1.963200223516878284e-01,4.247437900089791052e-01,2.757545341222304453e-03,8.166969147005444241e-02,-2.836261886321930348e+01,9.625247503176592723e-01,2.933242445729845604e-01,7.219207791277850728e-01,-2.321854030915250222e-01,7.874822180719832643e-01,3.551030140413962144e-01,4.087799687747466493e-01,5.859990126020707402e-02,-4.604628643845018465e-03,3.221344444490109593e-02,-3.138292671947243498e-03,2.612704648345994807e-01,1.610537505979414826e-03,1.322705957253317169e-03,1.387940427130483489e-01,2.691286477538755700e-03,4.093235653268639460e-03,1.529132206316277101e-03,7.292949931892478421e-02,9.974287727223950413e-04,4.553624961306407563e-04,1.986675876738958155e-03,1.048830051347359044e-01,1.456498573486299437e-04,4.696141954550485387e-02,-2.540834845735027298e-02,2.140885645750305799e-04,-8.499626485252820274e-02,-1.349512094478239055e-02,7.060134996918765449e-03,-2.981886628584414778e-01,2.299342187726785731e-04,-6.896551724137932327e-02,1.251804410919206134e-01,2.088257117001923735e-02,9.326125584901501231e-02,2.412227939178761549e-01,-1.210417566591297928e-01,2.674327690369127097e-02,-1.433795580192055996e-01,1.886354870631109237e-01,-3.089268418382128956e-01,-9.633574012198761749e-02,-4.080267559585369630e-02,2.849379135280554615e-02,-8.035451357936440608e-02,3.054888372672141372e-04,-7.032209069345823991e-04,-3.142589037496368309e-03,9.976188832353839481e-04,-1.344136150515873145e-02,-4.298259597173463911e-05,1.173258306875874651e-02,-1.959069566919825669e-03,-8.741245372043577070e-04,7.238621290986497689e-04,5.125360177014639390e-02,-5.928495468715822003e-03,6.132240403860421407e-03
5.490018148820326876e-02,5.730260077954449794e-04,2.924403826190733469e+00,1.253766767892734724e-01,1.664269118052914831e-01,3.472967558514417075e-01,3.498662560950686114e-03,7.168784029038112460e-02,-2.859073953044238436e+01,9.515192654074879908e-01,1.670980564591303674e-01,6.501875355214143948e-01,-2.704736235477324668e-01,6.238741307933584057e-01,4.021944446334380641e-01,-7.305325164747926425e-02,-2.680207281519399534e-02,4.245433743529967163e-01,1.218607341216725037e-03,8.063299704279736080e-02,-2.364703992886041939e-01,2.176499237885289734e-03,7.512319680429889674e-04,7.499530943044768749e-02,1.675706512150523710e-03,8.839236168808476193e-03,1.489494448748768891e-03,1.974296281181800172e-01,9.801458950293867340e-04,1.868779082831628158e-03,2.705835812823417699e-03,4.669882265141991201e-02,9.511759746907060345e-04,5.569221619954096980e-02,1.905626134301270647e-02,-2.155336756625345594e-04,-2.195205028288778060e-01,-2.783169527936499299e-02,-2.989311054639634535e-02,-7.744703415753739772e-02,7.411172197283816612e-04,-9.981851179673317809e-03,-2.281206672230808863e-01,-1.100548491017128150e-02,-1.262261881138541930e-01,-7.173324360637067798e-02,-3.828822045620744463e-02,-1.636080872786248586e-01,4.709143059204184967e-02,-4.818332204222259274e-01,-8.540197407540106589e-02,4.291480029968417487e-01,-3.099483710368437089e-02,8.377128971474460950e-02,-4.977408641232036746e-01,5.659617319058749072e-04,-5.714739892103282018e-04,-6.379873328260066145e-02,-1.015579965388231989e-03,4.746000515539836734e-03,-3.963775756750820972e-05,1.245001287992552330e-01,-1.728287769300830730e-05,1.413416586700987510e-03,7.191599360844595432e-04,-5.818418248331599235e-02,8.055261173420761450e-04,8.730796654036115934e-03
3.584392014519056230e-02,4.221609223894547840e-04,2.791172657625337283e+00,1.297343969297558020e-01,1.686777833317923692e-01,3.186197665249904665e-01,5.320286072280976802e-03,5.626134301270417637e-02,-2.915877804589223743e+01,1.351494537953590980e+00,2.142181826450870186e-01,5.938447987837810471e-01,1.149012533598672281e-01,5.390838500963707203e-01,4.000257334146242183e-01,2.119233028258019069e-01,3.766440408653434213e-01,1.755218350541994932e-01,-2.557484143490356687e-01,1.829924773292128104e-01,5.021439204494404507e-02,3.700775548603410861e-03,1.890820488837407706e-03,2.604144968010898009e-01,3.692980023717553316e-03,2.687260482268910219e-02,7.969941005526005135e-04,3.410969725489162302e-02,9.892594653771041857e-04,1.032782874096230610e-03,7.343653704754408811e-03,2.616324815236432261e-02,2.738373605881885570e-03,7.017133520528651136e-02,-1.905626134301270647e-02,-1.508650854059901954e-04,-1.332311685653961852e-01,4.357720140482329585e-03,2.250871526500886066e-03,-2.867698932645124099e-02,1.821623511330290688e-03,-1.542649727767694823e-02,-5.680385154498530653e-01,3.999752725461029890e-01,4.712012618595665114e-02,-5.634273673763334767e-02,3.853748769075996949e-01,-8.479028069698768544e-02,-2.168711218813845765e-03,2.849765544732811851e-01,4.034461136805373993e-01,-2.490215392987972232e-01,-2.569670216902523729e-01,1.023594802864154496e-01,2.866847913335482390e-01,1.524276310718121127e-03,1.139588520794418847e-03,1.854191873706421134e-01,2.017273511567029606e-03,1.803336865388062427e-02,-6.925003481961683775e-04,-1.633199308632883873e-01,9.113570347717451711e-06,-8.359962087353975477e-04,4.637817891930991546e-03,-2.053557449905558940e-02,1.787197631191179536e-03,1.447911900574554156e-02
3.992740471869328511e-02,3.641693828626656865e-04,2.808074660937248446e+00,1.143600982637038022e-01,1.478437281516892798e-01,2.252496262767441915e-01,5.203942511468369857e-03,2.177858439201451821e-02,-2.985191115389202565e+01,1.764653199722494126e+00,1.683347842072476785e-01,3.439665738567261322e-01,2.816423759701385254e-01,3.441225116826430730e-01,4.302997071496218462e-01,1.179260636337609025e-01,-3.353952319592817810e-02,3.506042415987318389e-03,-1.464348065618145123e-01,-1.560187813086322262e-02,-5.453333100247913234e-02,1.905396683909751704e-03,1.763923428866354245e-03,1.925874832780893886e-01,4.288449369872426691e-03,2.018730338204566179e-03,4.587645544449572453e-04,9.614019389539904537e-02,2.004358178704309518e-03,1.495943447247723027e-03,4.130342771192016017e-03,7.471544621023534782e-02,5.138435881562228823e-04,5.759519747291070441e-02,4.083484573502722814e-03,-5.799153952678909752e-05,1.690200331191116234e-02,-1.537429866605199980e-02,-2.083405518010308932e-02,-9.337014024824627501e-02,-1.163435608126069457e-04,-3.448275862068965469e-02,-6.931331079997882227e-01,4.131586617689031460e-01,-4.588339843783934002e-02,-2.498782249270549150e-01,1.667411226102712973e-01,-1.949613384137276473e-01,3.027397373499762789e-02,-9.399723919204100442e-02,-4.101835640612715994e-01,-1.720157926382121782e-01,1.093136077872211565e-01,-1.985943554600760330e-01,-1.047477230474231774e-01,-1.795378864693659158e-03,-1.268970599710534611e-04,-6.782701352300041231e-02,5.954693461548733746e-04,-2.485387448448453732e-02,-3.382295461076432683e-04,6.203049664050742235e-02,1.015098713327205332e-03,4.631605731514924166e-04,-3.213310933562392793e-03,4.855219805787102522e-02,-2.224530017725662688e-03,-1.257613773237580695e-02
7.168784029038112460e-02,3.511011923148875239e-04,2.971468126667871523e+00,1.346241220382333459e-01,1.518886552284855473e-01,6.753732617875357613e-01,5.979943104075540437e-03,1.270417422867513579e-01,-2.873256175205112228e+01,1.224995794154218443e+00,2.952839331959900004e-01,-3.702235014181014250e-02,2.794389274553523150e-01,7.983629638574107901e-01,3.956287025963621806e-01,4.681643062614010420e-03,6.495972203630709374e-02,-5.185850099704521210e-03,8.094671780132840777e-02,-4.561587287746671215e-02,-1.739967501889063684e-01,1.007395136605875041e-02,3.209371332192554639e-03,7.092785417668980019e-02,2.864973258158655302e-03,9.428655201431709182e-03,1.678468195959440532e-03,1.982287621490366192e-01,2.951400739511315322e-03,5.261310844604388109e-03,4.559653713262445084e-03,1.441664827935316279e-02,1.387997656876583698e-03,5.477421146699956028e-02,3.176043557168783948e-02,-1.306819054777816260e-05,1.633934657306230775e-01,2.026402377452954373e-02,4.044927076796267507e-03,4.501236355107915976e-01,7.760005926071705806e-04,1.052631578947368363e-01,1.119349401840903369e+00,-5.396574055682756832e-01,1.269491489887423219e-01,-3.809889239985362885e-01,-2.203448514786210399e-03,4.542404521747677171e-01,-3.467100455325966557e-02,-1.132444205711468921e-01,9.849924523223527184e-02,-8.691892515691839599e-03,2.273815243631429062e-01,-3.001399474660348954e-02,-1.194634191864272360e-01,8.168554682148998491e-03,1.445447903326200394e-03,-1.216596291013995884e-01,-1.423476111713771388e-03,7.409924863227142569e-03,1.219703641514483395e-03,1.020885682536375738e-01,9.470425608070058045e-04,3.765367397356665299e-03,4.293109420704290663e-04,-6.029879793088218504e-02,8.741540687203608155e-04,-2.820986005911144123e-03
7.168784029038112460e-02,8.514755358241973783e-04,3.157180954518730598e+00,1.302606327480825277e-01,1.266507192022787998e-01,8.933836691266339169e-01,3.042386828145402736e-03,1.687840290381125152e-01,-2.721767614125409551e+01,1.424330270214062111e+00,2.921663755041274957e-01,6.801990243829715566e-02,2.089416569799364964e-01,3.607242524250924842e-01,2.835758735234656935e-01,-4.311570520066965173e-02,-7.869466151921054864e-02,-5.025831872513870924e-02,1.955843484172166136e-01,-1.947868512504413729e-01,-5.385845858918938411e-01,2.747696315142832135e-02,8.302398820582397934e-04,1.193945088889030587e-01,6.664438606444143993e-03,1.503165317231842761e-02,2.814411344327262185e-03,4.014698386709597555e-02,2.332167002093830759e-03,7.082329369112675375e-03,1.875788500494726327e-02,1.644759307879085919e-02,6.893644974767513221e-03,3.138986708210923099e-02,0.000000000000000000e+00,5.003743435093098001e-04,1.857128278508590746e-01,-4.363489290150818212e-03,-2.523793602620674759e-02,2.180104073390981556e-01,-2.937556275930137701e-03,4.174228675136115729e-02,1.514885610797026771e+00,1.993344760598436682e-01,-3.117557691862504754e-03,1.050422525801072982e-01,-7.049727047541581859e-02,-4.376387114323183058e-01,-1.120528290728964871e-01,-4.779734826328366215e-02,-1.436543835555176285e-01,-4.507246862543418803e-02,1.146376306158882058e-01,-1.491709783729746608e-01,-3.645878357029874728e-01,1.740301178536957094e-02,-2.379131450134314846e-03,4.846665471221325849e-02,3.799465348285488691e-03,5.602997970886718429e-03,1.135943148367821653e-03,-1.580817782819406436e-01,-6.192337374174845636e-04,1.821018524508287266e-03,1.419823129168481732e-02,2.030944799437696402e-03,5.505647317890929524e-03,-2.338434438489032929e-02
6.488203266787659351e-02,6.437664677356240385e-04,2.756568547746907072e+00,1.493236653790764590e-01,1.755604207586217991e-01,6.433317160478234653e-01,3.541601771239816059e-03,1.125226860254083527e-01,-2.766763312614199322e+01,8.750162836288750690e-01,-3.486661516422863150e-01,6.334530985645578927e-01,6.787619553967405572e-01,6.492355215607055197e-01,4.082035269359121088e-01,-1.067156915389138316e-01,2.850910061181844424e-01,8.845231703112521604e-02,-3.969236233753654641e-01,-6.836642928684244502e-02,-1.377898691538871623e-01,9.485381812620791164e-03,1.426497812210787003e-03,3.300084522011927091e-02,3.657278141394086461e-03,6.020418952464199995e-03,4.430984354140680113e-03,1.092007221253596672e-01,2.031663091867004847e-03,3.767607948719083402e-03,1.295317811125185591e-02,7.108093032111238718e-02,2.364213384481397666e-03,3.267401508074529309e-02,-6.805807622504531085e-03,-2.077090680885733398e-04,-4.006124067718235260e-01,1.906303263099393130e-02,4.890970155634299932e-02,-2.500519530788104516e-01,4.992149430944133222e-04,-5.626134301270416249e-02,-4.499569848878977041e-01,-5.493139865851870418e-01,-6.408325271464138106e-01,5.654331961262607509e-01,4.698202984168040608e-01,2.885112691356130354e-01,1.246276534124464153e-01,-6.359998633824417991e-02,3.637856676373950049e-01,1.387106357562639114e-01,-5.925079717925820777e-01,1.264204219635989279e-01,4.007947167380067066e-01,-1.799158133880753019e-02,5.962579301525472095e-04,-8.639366366878378778e-02,-3.007160465050057532e-03,-9.011234219854228483e-03,1.616573009813417929e-03,6.905373825826369161e-02,-3.005039102268259113e-04,-3.314721420393591973e-03,-5.804706893695407363e-03,5.463333724232152799e-02,-4.529431590286115555e-03,1.284147998636062105e-03
6.760435571687840872e-02,2.045144510030866281e-02,2.809267873572399932e+00,1.050379546553407983e-01,1.261576745839894376e-01,4.825437131084301945e-01,6.128951117891765464e-03,9.255898366606170324e-02,-2.322432230663238073e+01,-6.047061776033205854e-02,-1.807782020034313319e+00,4.934821186235620327e-02,3.739816305521380113e-01,-8.775964548605191817e-02,5.434543846748109974e-01,-7.598490972877385285e-01,6.787086003787780319e-04,2.322680888777192143e-01,-1.842534221504529279e-01,5.192255122442454018e-01,2.778722555428127516e-01,2.881216907036709875e-03,4.576096046103285235e-03,2.358687682917247428e-03,3.370486649209687106e-03,3.268668215152244726e-03,1.814357335875448410e-02,1.033884632500981296e-02,7.010764332604928033e-03,7.084239771533532362e-03,1.029379989304677126e-02,1.346540472629263914e-02,3.373713593682929612e-03,4.762892593680460168e-03,2.722323049001815209e-03,1.980767863257303779e-02,5.269932582549285982e-02,-4.428571072373566064e-02,-4.940274617463236151e-02,-1.607880029393932708e-01,2.587349346651949406e-03,-1.996370235934664950e-02,4.443310819509612486e+00,-9.354869013892070928e-01,-1.459115868392026893e+00,-5.841048867022017310e-01,-3.047803248446025459e-01,-7.369951670467573823e-01,1.352508577388988886e-01,-6.531334057488247247e-01,-2.844122975178056678e-01,1.438157718465939983e-01,2.126702012249125362e-01,5.875919415310878469e-01,4.156621246966999417e-01,-6.604164905584080855e-03,3.149598233892498232e-03,-3.064215753720202218e-02,-2.867914921843993555e-04,-2.751750737311955269e-03,1.371258900461380312e-02,-9.886187580034985767e-02,4.979101240737923185e-03,3.316631822814448960e-03,-2.659378218205084646e-03,-5.761552559481974978e-02,1.009500209201531946e-03,-2.791112248706483293e-02
4.174228675136116423e-02,3.354444086216710336e-02,3.212109169962146460e+00,9.748290328519990111e-02,1.135623614256188879e-01,3.863726022275532634e-01,1.289114754818494572e-02,6.805807622504536636e-02,-2.342195347081180046e+01,7.473815094206881504e-01,-1.131469991925334817e+00,-3.669477151005071658e-01,1.135924542232747414e-01,-1.351601318759280412e-01,9.085795435570344081e-01,-2.956670826135830987e-01,-2.481473983112638670e-01,1.727162742632094294e-01,4.420667519609823293e-01,9.344733794298714091e-01,2.129600748984270819e-01,2.489780197018111492e-03,1.553599407308312377e-02,1.835588464294479576e-03,8.618072761990861960e-04,1.736608394157650908e-03,3.930696107360296017e-03,2.259249046004686151e-02,2.611184970403633652e-03,2.055823727991605392e-03,6.683196946179168624e-03,1.439138502052311362e-03,2.314591061406955108e-04,6.570307321116270784e-03,-2.586206896551724449e-02,1.309299576185844055e-02,4.028412963897465282e-01,-7.555051370140897227e-03,-1.259531315837054966e-02,-9.617111088087693105e-02,6.762196430293180259e-03,-2.450090744101633689e-02,-1.976311641794197271e-01,8.078521271810201743e-01,6.763120281089785024e-01,-4.162959269628633829e-01,-2.603891763288632699e-01,-4.740048638987612306e-02,3.651251588822234107e-01,4.641820146741554298e-01,-2.488261069116426416e-01,-5.955181461450978486e-02,6.263201741114352572e-01,4.152478671856260073e-01,-6.491218064438566970e-02,-3.914367100185983835e-04,1.095989802697983767e-02,-5.230992186227678524e-04,-2.508679373010600910e-03,-1.532059820994593818e-03,-1.421287725139418895e-02,1.225364413503704855e-02,-4.399579362201293947e-03,-5.028416043541926971e-03,-3.610602946867602636e-03,-1.202626622424032843e-02,-3.142254487542234156e-03,1.807414727435810615e-03
2.313974591651542581e-02,1.075200217691310578e-02,2.926089237977630209e+00,9.564122132151767208e-02,1.465429978677210976e-01,1.212711203673494942e-01,2.629782944417278362e-02,4.627949183303085162e-02,-2.557140102748391186e+01,2.045899888550809731e+00,-1.262274949217379927e+00,-5.309629517375729080e-01,-1.985694080980932030e-02,-1.202284210246278295e+00,-2.068158387057722827e-02,-3.264952842696849378e-01,-3.612923578194220386e-01,6.621967288945460606e-01,1.119013242097336658e+00,8.958529245160309351e-01,1.830334917757818480e-01,7.072480419069029174e-04,6.513251341035386196e-04,4.552534986916711990e-03,1.291304607239135600e-02,5.964057417101191515e-04,4.102560546009395570e-03,2.042240263974096082e-02,1.496145572827564836e-03,1.898983582414912746e-02,5.986606866571623359e-02,1.890923455885858443e-03,8.799086550810977575e-04,1.640191726226949281e-02,-1.860254083484573842e-02,-2.279243868525399758e-02,-2.860199319845162513e-01,-1.841681963682229028e-03,3.298063644210220968e-02,-2.651014818602037693e-01,1.340668189598783790e-02,-2.177858439201451474e-02,-2.149447556672111403e+00,1.298518379130121581e+00,-1.308049572920451098e-01,-1.640152366370657422e-01,-1.334493950330840617e-01,-1.067124078370350171e+00,-9.292611274276116884e-01,-3.082820165610183905e-02,-1.131449595081581716e-01,4.894804546313366034e-01,6.769464901363543285e-01,-3.862045491384047402e-02,-2.992658312264523390e-02,-1.782532155111208466e-03,-1.488466893897958526e-02,2.716946522622232414e-03,1.205123879619227067e-02,-1.140202652447531648e-03,1.718644386490995532e-04,-2.170087820305900694e-03,-1.115039397576068816e-03,1.693401209615752120e-02,5.318287171953706149e-02,4.517849538335470816e-04,6.484495489404021925e-04,9.831609941153222898e-03
6.760435571687840872e-02,7.279100536518190055e-04,3.057272152896803430e+00,1.786919500594784382e-01,1.954042614558473279e-01,8.004295126560355689e-01,1.456246453319120886e-02,1.914700544464609799e-01,-2.724105424061094993e+01,1.381649810862952243e+00,-4.134977567311968194e-01,3.240868779423716761e-01,-5.894041598219887934e-01,-7.090922060653891135e-02,2.971446602414776761e-01,-8.052553111019693510e-01,-1.276994515271868968e-01,1.912990836422331919e-01,4.874377538387226760e-01,4.106635405677434569e-01,-5.088546354964924856e-02,1.714035378129480239e-03,1.547147260005493066e-03,1.977485929043047014e-02,1.089175645839608958e-03,1.387069550726445499e-02,4.378732441241654956e-03,6.739887193381799424e-02,4.004916610445011238e-03,3.561038610568985439e-03,1.640325904417501077e-02,2.379211442965973797e-02,3.078045502114792192e-03,1.797071296754759046e-02,4.446460980036298638e-02,-1.002409212326128667e-02,1.311829149191732213e-01,8.305072873796076616e-02,4.886126358812623027e-02,6.791583922886861302e-01,-1.173536491098157476e-02,1.451905626134301353e-01,-1.669653213127038072e+00,-6.642500776878574875e-01,8.487771924861831074e-01,8.550498296799445841e-01,-5.695472190121795286e-01,1.131374989639739370e+00,3.178262441120549009e-01,-4.787600268322844133e-01,2.335929062922351418e-01,-4.708976452523128686e-01,-6.315754882586139818e-01,-4.851893839482874782e-01,-2.339189553254311105e-01,1.006787336222577430e-03,8.958221259019544464e-04,1.522232430351375815e-02,-1.182387042655174726e-02,1.327428976555433508e-02,2.761718952322593859e-04,4.697646929407703342e-02,2.508771037617446402e-03,-1.542879721358014246e-02,-4.346280962154122629e-02,2.190119097377387844e-02,2.198136847033694326e-03,1.568795705278097641e-03
5.989110707803992767e-02,2.347372945497610761e-02,3.027765950399790906e+00,1.321270733989905188e-01,1.462668133749574495e-01,8.362614686439915346e-01,1.159595645437425798e-02,1.306715063520871023e-01,-2.429843573060594508e+01,5.740234613890112803e-01,-1.073176972524808870e-01,-9.338287157032469921e-01,-1.133786846769597068e+00,-6.128509560834550784e-01,-3.574124440706956674e-01,8.300335118632470865e-02,1.318688525747502505e+00,8.282944447069313654e-01,3.669957464455098073e-02,-2.919908949907914497e-01,-1.593404092342660117e-01,7.792418371628298535e-02,6.785838911713491794e-03,1.930924204761027239e-03,4.663131402963472858e-04,2.448423830099334458e-04,4.150985369002076989e-04,1.967641500753997737e-03,5.012875697819469116e-05,1.420134021731868671e-03,7.337763625911456096e-03,1.825470856252141283e-02,4.828777100396597355e-02,2.340937026814233698e-02,-7.713248638838481053e-03,2.274581940132429023e-02,-2.950620249701252362e-02,-4.656487666048791940e-02,-4.913744808088987837e-02,3.583195598795596570e-02,-2.966508078816950875e-03,-6.079854809437387764e-02,2.942618510005004850e+00,-8.076263494739409632e-01,3.061800594787159602e-01,-1.257915593645618557e+00,-5.443826869476082742e-01,-5.419417354769161532e-01,-6.545571043121733990e-01,8.882586622882940874e-01,1.446387977274689485e+00,6.369953610646981179e-01,-4.507381791941716953e-01,-7.026544355585349066e-01,-1.084549456846167631e-01,7.621014833815351053e-02,5.238691651707998512e-03,-1.784393508566944203e-02,-6.228625055432616183e-04,-1.362585312425452187e-02,-3.963633904341447474e-03,-6.543123043306399433e-02,-3.954787853466816723e-03,-2.140904588837116984e-03,-9.065495418263555538e-03,-5.537405867138325138e-03,4.520972550185117789e-02,5.438657300594746530e-03
8.620689655172414367e-02,1.267911577862711886e-02,2.813642919733925662e+00,1.434480804420240063e-01,1.454609775258455528e-01,1.237621341100142658e+00,5.644765566252035217e-03,1.823956442831216052e-01,-2.412482573977960243e+01,5.065897757761993470e-01,2.233751196865189914e-01,-8.401569325507922681e-01,-6.982521292656824752e-01,-2.653592716002145524e-01,-4.239734517246923629e-01,-1.356810658376353951e-01,6.914177941204252553e-01,5.836128602825906286e-01,3.711616624080443794e-02,-4.692475303427145333e-02,1.914886985867042535e-01,8.782316104572753315e-03,4.036610333391304518e-03,9.893300816610654802e-03,1.524474211283309262e-03,1.161733794571158298e-03,1.380264217586618181e-03,9.252580716640403102e-03,7.284544189023291812e-04,2.669862926057966004e-02,2.549227447837368581e-03,9.930808745105891219e-03,4.388545705919501272e-02,1.235047338107849585e-02,2.631578947368421600e-02,-1.079461367634898875e-02,-2.141230306658652438e-01,1.132100704303348748e-02,-8.058358491118966516e-04,4.013598724561511233e-01,-5.951190888122222765e-03,5.172413793103450286e-02,1.736099908263426528e-01,-6.743368561281193330e-02,3.306928169389998784e-01,9.367178315245472398e-02,4.355347175039145924e-01,3.474916844832405260e-01,-6.656100765399669550e-02,-2.186844170239601037e-01,-6.272707316270772493e-01,-2.446815844243407367e-01,4.165915962534572081e-04,2.450661419565199894e-01,3.508291078209702651e-01,-6.914186761171023377e-02,-2.749228578322187276e-03,7.962376611849626695e-03,1.058161070986961922e-03,9.168914115612248521e-04,9.651656806864104821e-04,7.284939215886404931e-03,6.783256619241344494e-04,2.527849523884779029e-02,-4.788536178074087948e-03,-8.323899817415521610e-03,-4.402313944770960830e-03,-1.105889688706384114e-02
9.618874773139746148e-02,2.958461669749856693e-02,3.104572902649736843e+00,1.188065888520844632e-01,1.048366048975704901e-01,1.014477303329287317e+00,7.781156982627648530e-03,1.397459165154265048e-01,-2.298105295691722105e+01,-4.025948538573355107e-01,-9.515117286672720720e-01,-8.267218142795728086e-01,-3.498916811027247276e-01,1.661758552959509139e-01,3.190765686538008516e-01,-6.490905450411766919e-01,1.881195338430232122e-01,-1.364507190330008224e-01,8.975853904230239877e-01,9.114660099717315500e-01,2.694664294986959252e-01,3.341514019345893233e-03,3.942547198145246110e-03,2.494686426234241344e-03,5.348466205904721946e-04,4.607470591346250408e-03,3.321799147202100788e-02,4.200195251014034181e-02,1.541977221239994832e-02,4.883748331268190218e-03,1.992204410449303909e-03,3.392485823100518071e-03,2.833989861369993427e-03,1.301845893302155076e-02,9.981851179673317809e-03,1.690550091887144807e-02,2.909299829158111805e-01,-2.464149158993954314e-02,-4.062437262827506279e-02,-2.231440377708553413e-01,2.136391416375613313e-03,-4.264972776769510032e-02,1.143772782862381376e+00,-9.091846296335348576e-01,-1.174886848353791091e+00,1.343511827121945945e-02,3.483604481629577476e-01,4.315351268961654663e-01,7.430500203784932145e-01,-5.134094792035412969e-01,-5.032982602774020986e-01,-7.200635793155913955e-01,8.604692241822196053e-01,9.583907630060030103e-01,7.797773091199167173e-02,-5.440802085226860083e-03,-9.406313524605840887e-05,-7.398614390376413025e-03,-9.896275906928369594e-04,3.445736796775092110e-03,3.183772725443438645e-02,3.274937179349993871e-02,1.469131779349761892e-02,-2.181488092931146983e-02,-5.570230373880646728e-04,-6.538322922005373149e-03,-4.105146719782502146e-02,6.679855519430549088e-04
6.987295825771325242e-02,3.913685707623151822e-02,3.075819441761886708e+00,1.065813023324425624e-01,1.172973713963715026e-01,4.973094584824384046e-01,6.167055114539223871e-03,7.259528130671506763e-02,-2.277849573914178194e+01,9.811249921650556927e-02,-2.057445824161594494e+00,1.112544310205024617e-01,2.327363747374283642e-01,-1.053293455674040452e-01,1.351985047622714209e+00,-6.368645928850817928e-01,-6.588660660746731290e-02,-8.304537211636882355e-02,9.434121146137683378e-02,2.380812127825617242e-01,6.262674154416640881e-01,4.239265750961004192e-03,1.613783959828042494e-03,1.364020618593559699e-03,3.240481269230472468e-03,2.738935195661945481e-03,4.180339757141175033e-02,1.033639404029632232e-02,2.878816231565346426e-02,2.296083222179856522e-03,5.395107090427172375e-03,1.002635543085452982e-02,2.165011898320596834e-03,1.217929723994900550e-02,-2.631578947368420907e-02,9.552240378732951287e-03,-2.875346088785013521e-02,-1.222528651964190083e-02,1.246076649880101250e-02,-5.171678448468488565e-01,-1.614101868088424659e-03,-6.715063520871143721e-02,2.025572177754391134e-01,5.007073530738410660e-01,-1.105934095494322422e+00,9.379762453000752842e-01,5.826280558401530918e-01,-2.715052008633549452e-01,1.032908478968913357e+00,1.222595215609489916e-02,-2.540061404504905251e-01,5.340534691663199884e-02,-8.032441789616471262e-01,-6.733847971891697703e-01,3.568009859429681629e-01,8.977517316151109594e-04,-2.328763238317203832e-03,-1.130665807640681645e-03,2.705634648640000382e-03,-1.868535395684304927e-03,8.585406099390742451e-03,-3.166555846984402123e-02,1.336839010325351594e-02,-2.587665109088333696e-03,3.402902679977868466e-03,6.633869607754011750e-03,-6.689779630493965928e-04,-8.391616930725452617e-04
5.490018148820326876e-02,5.486421341772333704e-02,3.103991840538101066e+00,1.118961258868421682e-01,1.533500020317008494e-01,1.939634695596948455e-01,9.144198561043807849e-03,5.626134301270417637e-02,-2.318193659251517147e+01,8.821403909807941091e-01,-2.450731833363247070e+00,-8.782552946354993395e-02,9.554437629155608791e-01,-6.021965828014590461e-01,4.519280733961684171e-01,-4.288336312108229631e-01,-1.339450285577965805e-01,7.049317708177076369e-01,9.768238043712109686e-01,-3.957405102231887906e-01,-2.600977246930588072e-01,1.783903190807428979e-03,2.533270217153376670e-04,1.741283336873534430e-03,1.355301590684511448e-03,2.045585485882981877e-02,5.705064299417340890e-03,1.784569926060782311e-02,3.784096654181373642e-02,1.580945274494600927e-02,6.670778890044783138e-03,1.196952429002257588e-02,1.109054181371734761e-02,1.043519911236885818e-02,-1.497277676950998365e-02,1.572735634149181883e-02,2.817239877621435795e-02,5.314823554399605854e-03,3.605263063532934686e-02,-3.033459889227435591e-01,2.977143446504583978e-03,-1.633393829401089126e-02,-4.034408533733895297e-01,7.840278917642885537e-01,-3.932860092016525755e-01,-1.990799604840524095e-01,7.227073881781325149e-01,-4.968672372340550147e-01,-9.000569742265458473e-01,2.080309616742588297e-01,-6.805842195032926756e-02,7.879771429340765021e-01,8.824825929098341071e-01,-6.338217230057505702e-01,-8.863651401347228953e-01,-2.455362560153575430e-03,-1.360456938112704827e-03,3.772627182799747313e-04,-1.885179678545961020e-03,1.771691966316787242e-02,-3.609833327199440944e-02,7.509305220311500786e-03,9.052804226160272166e-03,1.351336952276615232e-02,1.275671799617610763e-03,1.943168859168046061e-03,8.925529915396751210e-03,-1.744098127580147317e-03
3.992740471869328511e-02,4.948179987628355259e-02,3.106832680328414753e+00,1.110338654912623874e-01,1.331377751074721005e-01,2.465388180101298898e-01,2.394629642004839423e-02,4.446460980036297944e-02,-2.381718385521355330e+01,1.337252618294319406e+00,-2.026474597006981959e+00,-1.099236393908494147e+00,1.901043702304949234e-01,-6.592169651386671214e-01,7.390464799060418866e-01,9.133926678697519286e-01,9.504138734612919137e-01,-5.245966819738020481e-01,-3.740640854975392227e-01,-1.540943656612016044e-01,3.461154531600925122e-01,4.371402691279823241e-03,4.009452668335663356e-02,8.884960055382180866e-02,1.985693367838675671e-02,1.580145824275790666e-03,7.906545611531958602e-04,8.958047027677883438e-04,8.101561037725762797e-04,1.026495340177290081e-03,4.969897125053625254e-04,1.128199070494408139e-03,1.126455578040704876e-03,2.543428645525642670e-02,-1.497277676950998365e-02,-5.382413541439784455e-03,2.840839790313687274e-03,-8.622603955797808473e-04,-2.021222692422874889e-02,5.257534845043504435e-02,1.480209785900458638e-02,-1.179673321234119693e-02,-6.352472626983818316e-01,4.551122273135252971e-01,4.242572363562651105e-01,-1.011410864444944213e+00,-7.653393926850660112e-01,-5.702038233720807536e-02,2.871184065098734695e-01,1.342226299080574892e+00,1.084358902019088466e+00,-1.229528452791509796e+00,-1.350887889868750191e+00,2.416461445619871862e-01,6.062131778531513193e-01,2.587499500472394479e-03,3.984119966164129806e-02,8.710831721694826946e-02,1.850163208770224527e-02,-1.887570903455402724e-02,-4.914409738264144921e-03,-1.694989455784003465e-02,-3.703081043804116318e-02,-1.478295740476871963e-02,-6.173789177539420504e-03,-1.084132521952816709e-02,-9.964086235676641867e-03,1.499908734288756852e-02
2.540834845735027298e-02,6.117048758853370349e-02,3.199130566230001360e+00,1.091350020595325265e-01,1.490551025665660390e-01,1.114371746494281085e-01,1.211356485011383204e-02,2.540834845735027298e-02,-2.479789256782465756e+01,2.414109110906647704e+00,-1.788536480686016894e+00,-1.314734299647664528e+00,-2.519990751888202540e-01,-9.925736739137602793e-01,4.883433366279041898e-01,1.223277479915719335e+00,1.126303409648404807e+00,-3.505479502063588715e-01,-2.053214806743716703e-01,-2.093999903042987609e-01,1.316267467847864747e-01,4.099262183053322545e-02,1.049434827515389745e-01,2.706496777146056437e-02,4.132466332673516776e-03,7.970777081465044199e-04,2.602253586304273262e-04,1.738410071770430873e-03,1.518095746888253460e-04,3.317613439206123908e-04,2.029757331226756723e-04,7.896953805855358314e-04,5.698273965433505069e-03,2.966871868763823819e-02,-1.451905626134301214e-02,1.168868771225015091e-02,9.229788590158660710e-02,-1.898863431729860829e-03,1.591732745909393842e-02,-1.351016433607017952e-01,-1.183273156993456220e-02,-1.905626134301270647e-02,-9.807087126111042608e-01,1.076856492612328298e+00,2.379381163209650651e-01,-2.154979057391703812e-01,-4.421034454193151775e-01,-3.333567087750931579e-01,-2.507031432781376967e-01,3.098848120459674060e-01,1.758895361871128937e-01,1.740487317674431766e-01,1.687426048231675524e-01,-5.530562464309715653e-02,-2.144887063753060374e-01,3.662121913925340394e-02,6.484895606818233404e-02,-6.178463278236124429e-02,-1.572446734571324167e-02,-7.830681161292862456e-04,-5.304292025227685340e-04,8.426053690026425293e-04,-6.583465290837509608e-04,-6.947339962566777445e-04,-2.940139793826868531e-04,-3.385036899088723081e-04,4.571818387392800193e-03,4.234432232381811489e-03
2.631578947368420907e-02,8.768237826068531193e-03,3.128860137003254938e+00,8.343511662121348704e-02,1.200532260195321943e-01,9.641989479819988718e-02,2.731354764097053758e-02,2.177858439201451821e-02,-2.579491008629355520e+01,2.849056263513837450e+00,-9.502315855712024639e-01,-1.023687874740254466e+00,-3.681648212283902266e-01,-1.011911607712189465e+00,-2.461244681775175691e-01,9.324751409060917651e-02,5.920327583153777162e-01,5.113499890145765114e-01,9.263758347774031510e-01,6.441291996357431660e-02,7.043449056416656306e-02,1.111368874299098301e-02,1.616061260904456606e-02,8.750605053752602905e-03,1.175514502753536618e-03,7.525009026757271567e-04,3.644996651384097876e-03,9.646964476207020925e-03,1.985834928892108320e-03,4.114536535754951402e-02,6.282261992306309439e-02,9.947494822981729073e-03,1.387226620886663001e-02,1.773383969893559467e-02,9.074410163339360902e-04,-5.240224976246517230e-02,-7.027042922674642256e-02,-2.569988543831903949e-02,-2.900187654703384466e-02,-1.501727985122822129e-02,1.519998279085670555e-02,-3.629764065335754769e-03,-9.970175184688976344e-01,4.349471526071897465e-01,8.383048951148144301e-01,2.910464249074100618e-01,-1.161657460395699726e-01,-1.933793379842918547e-02,-7.344678048054217312e-01,-1.130029965825110061e+00,-5.342706513330270912e-01,8.618979392209353829e-01,1.131697315451774877e+00,2.738129102678730775e-01,-6.119225622061991166e-02,-2.987893308754224070e-02,-8.878287014249440501e-02,-1.831436271770796320e-02,-2.956951829919980158e-03,-4.457680547077726325e-05,3.384771292753670658e-03,7.908554404436590052e-03,1.834025354203283002e-03,4.081360401362889995e-02,6.261964418994041270e-02,9.157799442396193784e-03,8.173992243433125804e-03,-1.193487898870264352e-02
9.119782214156080258e-02,2.303385981013229659e-03,3.153177555239709662e+00,2.063863735886823092e-01,2.010559964925294485e-01,1.072949413461969925e+00,1.511727271810869855e-02,2.577132486388384880e-01,-2.626675797182290850e+01,2.070986706560839608e+00,-1.341948533001578736e-02,-5.104809556734491993e-01,-4.532227039962332116e-01,-4.992965932465470158e-01,-5.052425230416666968e-02,2.840392735068119068e-01,2.361618571289175184e-01,-3.766579861480712221e-02,2.261135647492263159e-02,-6.404136474040153515e-02,1.414139784413531997e-01,1.409828651975349526e-02,1.348158787887238953e-02,8.188343517969724761e-02,2.771536024039505421e-03,8.223518528871234107e-03,2.427437227187525734e-02,4.874797094902346556e-02,6.938965346995309069e-04,4.089182091472995211e-03,5.008857168050210272e-03,1.875707093035615045e-02,8.493845792169484391e-03,2.266452449836029587e-02,6.488203266787659351e-02,-6.464851845055301534e-03,2.431741823645472422e-02,1.229512569674688222e-01,8.100277047299725419e-02,9.765295186637700242e-01,-1.219627492286183904e-02,2.359346642468239663e-01,-4.718478855293533059e-01,-7.780695569529978428e-01,9.368121002411866627e-01,5.132069190668052672e-01,-8.505788276784298496e-02,5.126150144656425045e-01,1.956002158733509133e-01,1.907917594162027441e-01,-3.558709011864601979e-01,-5.490157876293836337e-01,-9.037644783024805228e-01,-1.284542847039758517e-01,7.097948787718663666e-02,2.984597776762512242e-03,-2.679024730172176530e-03,7.313283012594463950e-02,1.596021521285968803e-03,7.471017626195506842e-03,2.062937562049116033e-02,3.910100647281644637e-02,-1.291938394192577305e-03,-3.705618326607652141e-02,-5.781376275501288325e-02,8.809576107374421372e-03,-5.378420416697145615e-03,4.930684799424701198e-03
1.261343012704174149e-01,1.423200849955023016e-02,2.820287575759421905e+00,1.631887975139240665e-01,1.379837882721682840e-01,1.108694291535840204e+00,3.177691924707720401e-03,1.878402903811252356e-01,-2.405469597119703806e+01,1.274408658383950677e+00,2.301988400063427753e-01,-9.424649629613601753e-01,-5.263367079358433065e-01,-7.686676111367920505e-01,-5.741203504944688563e-01,3.586794357263322075e-01,8.882061633483930851e-01,4.395420300254384571e-01,2.594599187801928108e-01,-1.589728268740626393e-01,9.680774917664244916e-02,2.272984359901465343e-02,1.587281172611067562e-02,5.927532014729285613e-03,1.663987370620718595e-03,1.295024383787947908e-03,2.074913717626924309e-03,8.065089685026234634e-03,4.203898719605050102e-04,7.817521382661774682e-03,2.378237151586031980e-02,5.626867200972501815e-02,3.267795594600073766e-02,1.602180971384154981e-02,3.493647912885661233e-02,1.192862251853700137e-02,-3.328899794802877565e-01,-4.319757607475824268e-02,-6.307220822036116448e-02,3.574487807387027871e-02,-1.193958079340097858e-02,-6.987295825771325242e-02,2.212062000625870439e+00,-7.965780481768889310e-01,2.436183253363585766e-01,-4.319840072879109760e-01,-7.311400393961009492e-02,-2.693710178902450347e-01,-5.235960981903021727e-01,7.464016221952030072e-02,6.520443062194756223e-01,4.772078286402455793e-01,2.368485623052701827e-01,-9.493146213366110420e-02,-4.460622926471075056e-02,8.631557079261158172e-03,2.391223847238286085e-03,-7.595590316496796113e-02,-1.107548653418786826e-03,-6.928494145083285982e-03,-2.219945855424833303e-02,-4.068288126399723093e-02,-2.735066627390258967e-04,3.728339291188779471e-03,1.877351434781010867e-02,3.751160107936886423e-02,2.418411015383125501e-02,-6.642714784518746057e-03
3.992740471869328511e-02,5.282794130245090786e-02,3.280488065948876653e+00,1.040310710880082146e-01,1.409772617022501118e-01,1.041518705893243191e-01,2.204382139240072466e-02,6.079854809437386376e-02,-2.373453768640972328e+01,6.244876884642477366e-01,-4.303427364375121411e-01,2.395476043085503770e-01,-1.081671917399034566e+00,-7.703005665139771585e-01,1.161963938954120867e-01,1.000130965233674729e+00,1.030032322490798569e+00,-1.344157304586134083e-01,-3.529640468871246828e-01,-2.250007695984201361e-01,1.045219065670463521e-02,6.379275518447942439e-02,1.371770812660235705e-01,2.098667085162170525e-03,7.568892754633153083e-04,4.157390632670072863e-04,3.927945059322027286e-04,2.148875353144950092e-03,1.024711683798045642e-02,1.831787922171050815e-04,7.422339790689245868e-04,1.042248363606810202e-03,3.967504553105930150e-03,3.966171414329525136e-02,-8.620689655172412980e-02,3.859593280290067596e-02,4.602004901894547473e-01,-5.915772642591585195e-02,2.993473430081827757e-03,-1.004542420946515913e+00,1.886612946769300470e-02,-1.270417422867513579e-01,3.201582847873147841e-01,-6.499209699197029400e-01,-6.605415764438549164e-01,1.182012567269910441e+00,-5.553352094631912594e-01,-1.632955377185107970e-03,6.903167443898809985e-01,6.414515295073425216e-01,1.418261591424054835e-01,-5.739577604840518932e-01,-6.124239656673174936e-01,-6.602794272435749678e-02,-8.635555851993781395e-02,4.106291158546476749e-02,1.213042695399128984e-01,-3.828864929567115088e-03,-9.070980951574032867e-04,-8.792853205209405672e-04,-1.682119211694721580e-03,-5.916214331881284108e-03,9.826726966019950701e-03,-7.634342590444669410e-03,-2.304013753679139478e-02,-5.522642364611821120e-02,-2.871045139289480838e-02,2.363990442945370155e-02
3.901996370235934902e-02,3.268338238286982306e-02,3.294892895071310335e+00,9.532483596964985706e-02,1.518344998225200082e-01,3.904544521403881946e-02,1.483246956380036320e-02,5.898366606170599158e-02,-2.432859647425323502e+01,1.575748762507015233e+00,-1.921961483503541235e+00,1.721905296402946595e-01,-6.896884309512012479e-01,-1.089862483021937889e+00,3.990399113264751496e-01,5.509791854871826100e-01,6.953267560431526384e-01,3.370541742826844711e-01,-5.206550628968608097e-01,-4.009896209991287153e-01,1.657444448126970671e-01,3.071258512501203949e-02,7.107234606898761575e-02,3.715900040037884745e-03,9.070979137849171378e-04,1.470184988629021127e-03,8.352444961412728826e-04,1.013103740585628854e-02,1.251058949615666514e-02,7.305266827885075961e-04,6.186181982710232214e-04,1.073930268580026558e-03,3.114599896785023858e-03,1.983540791525631106e-02,-9.074410163339360902e-04,-2.014455891958108480e-02,1.440482912243368219e-02,-8.706235118358357505e-03,1.085723812026989643e-02,-6.510642537528549267e-02,-7.211351828600361460e-03,-1.814882032667872180e-03,-5.940587878435117375e-01,9.512610740427674960e-01,-1.491618747066029149e+00,-6.735707466825571754e-02,3.919834864478333181e-01,-3.195619165079607304e-01,2.828435174310630629e-01,-4.491517797464921191e-01,-3.347055664476459302e-01,4.714699047412979072e-01,-1.676910160097361269e-01,-1.759888514007085791e-01,1.552922541559924319e-01,-3.308017005946738143e-02,-6.610473519703595480e-02,1.617232954875714220e-03,1.502086383216018296e-04,1.054445925362013786e-03,4.424499902090701540e-04,7.982162052711338010e-03,2.263472658176208727e-03,5.473478905714025417e-04,-1.236157807979013654e-04,3.168190497321635678e-05,-8.529046563209062917e-04,-1.982630622803894030e-02
4.900181488203266683e-02,2.694388801802469896e-02,3.291118748640696090e+00,1.013893891961437643e-01,1.074165617598493994e-01,3.340160520839369762e-01,1.670255991274960383e-02,8.257713248638838544e-02,-2.439755054137848944e+01,-5.973372553391608220e-01,-8.283736490446125256e-01,-1.017855455297601575e-01,-1.026518681231115782e+00,1.531948320292862153e-01,3.006244731367198608e-01,7.332211899108378450e-01,1.020494133079559163e+00,1.074415167402096971e+00,-4.223286389864623347e-01,-4.058022394245648368e-01,-1.427046489229505388e-01,1.205653063196747005e-01,6.847683417310440786e-03,7.396366416510601971e-04,4.274850192500424632e-03,4.592347004250060686e-04,3.906294994315945811e-04,1.038923353780429708e-02,6.384093235486644480e-03,9.843440555304153964e-04,3.587322230411659472e-04,1.018064037205137573e-03,4.411577466693894327e-03,3.256134357798075307e-02,9.981851179673317809e-03,-5.739494364845124097e-03,-3.774146430614244707e-03,6.064553226493907268e-03,-4.441793806267060885e-02,2.949706068698981776e-01,1.870090348949240630e-03,2.359346642468239386e-02,-6.895406712525442572e-02,-2.173086017846176166e+00,1.093587834458928709e+00,-2.739760751700548447e-01,-3.368302502799145337e-01,1.243057315051224077e+00,-9.841543818975528879e-02,1.822420044236552350e-01,3.251673770364065241e-01,7.373609931194125000e-01,9.832642391039847496e-02,-4.812618425436121505e-03,-3.084490937356476059e-01,8.985272119466265750e-02,-6.422466265167717236e-02,-2.976263398386824657e-03,3.367752278715507603e-03,-1.010950288204014950e-03,-4.446149967096783015e-04,2.581961319480085421e-04,-6.126496260670020663e-03,2.538173727419078003e-04,-2.598859752298572742e-04,-5.586623137488898501e-05,1.296977569908870469e-03,1.272593566272444202e-02
9.119782214156080258e-02,2.782827399835269278e-02,3.309075942044894081e+00,1.341399325122517583e-01,1.504055770841769835e-01,1.053625566889595744e+00,1.734385489870348199e-02,1.288566243194192440e-01,-2.390063778734862510e+01,4.072763437160544231e-01,4.873398540752724162e-01,-1.213165933501516580e+00,-3.653514296704665210e-01,-4.668232744553826308e-01,-5.333323553271991369e-01,5.295859606778738904e-01,4.142145979155972269e-01,6.869011070792202522e-01,-2.983434617661887001e-01,-3.968515298941507341e-01,-4.535910272640925056e-02,1.715703722946777809e-02,4.958148263153663686e-03,3.680991360099387585e-03,5.801896500838766473e-04,7.069392086795005074e-04,1.252973232188821012e-03,4.238090902011088131e-03,6.109460946637743388e-04,8.038301048277598365e-03,1.666021909070896419e-03,4.058544647278933444e-03,6.652389760249130535e-02,1.777061182511992243e-02,4.219600725952813575e-02,8.843859803279938148e-04,1.795719340419799082e-02,3.275054331610799396e-02,4.298901532432758410e-02,7.196095148056587121e-01,6.412949859538781550e-04,4.627949183303085856e-02,4.969127540298643453e-01,1.004613599055215190e+00,1.315713503119884997e+00,-1.111380387971756534e+00,6.611672515606492606e-01,-6.200181064846688184e-01,-8.339568284639189422e-01,-2.036352292329639546e-01,-6.062795351639619357e-01,-3.875140603228767189e-01,1.239851772202736346e-01,8.950709530414102666e-03,9.734554619654128826e-02,-1.034082690902069224e-01,-1.889535154156777100e-03,2.941354718448327497e-03,-3.694660542416548094e-03,2.477045082544944389e-04,8.623437327572264308e-04,-6.151142635793208947e-03,-5.773147140822870033e-03,7.053956992747183186e-03,1.307289686029730526e-03,3.040480610073796088e-03,6.211232013579741362e-02,-1.479073175286083064e-02
9.346642468239564627e-02,5.883253889347765317e-03,2.771063917378961516e+00,1.183185733705641174e-01,1.175533448156605015e-01,1.014657574705136289e+00,6.259172336785392456e-03,1.460980036297640783e-01,-2.441085323386028705e+01,7.901894115045855482e-01,3.226937147491266700e-01,-4.526509278954837789e-01,-2.193453682103022329e-01,-5.931988937374897963e-01,-4.502050457881570100e-01,4.357222303822775866e-01,5.275140388708600137e-01,4.964459270598218787e-01,-2.360364090450844943e-04,-1.996828693394415710e-01,2.258230998198149792e-02,3.077631842537953844e-03,1.086258883214755687e-02,1.075398436849648101e-02,1.698874665189370340e-03,4.161091495690800481e-03,4.863616137011065113e-03,1.606768703291069217e-02,3.716839586844236610e-04,8.158099936451732384e-03,1.971114733668796054e-02,3.417217734635053655e-02,2.310147299382315014e-02,9.736936722888811166e-03,2.268602540834843695e-03,-2.194502010900492572e-02,-5.380120246659325645e-01,-1.582135914168764090e-02,-3.285223226851648193e-02,-3.896799218445945456e-02,-1.108468256191809040e-02,1.724137931034483429e-02,-5.102154465116619519e-01,3.829130677885311251e-01,-1.646461393261457462e-01,7.605150056060328012e-01,1.460060614601642881e-01,-1.263756192821071656e-01,8.312730953904212683e-02,-9.386373029559630377e-02,1.132994409552627868e-01,-1.904551800193983735e-01,2.981074253571436294e-01,1.971686605547091631e-01,6.794141270839074154e-02,-1.407940538692982468e-02,5.904440568993893183e-03,7.072993008397093426e-03,1.118685015105493584e-03,3.454152287011299973e-03,3.610642904822243884e-03,1.182959613089960491e-02,-2.392621359793506777e-04,1.197988881741340189e-04,1.804512542761706542e-02,3.011363269907160398e-02,-4.342242460866815867e-02,-8.033675102231111267e-03
1.864791288566243210e-01,2.206968704200559534e-03,3.208717943055082955e+00,2.375176633147459970e-01,1.878708459410377007e-01,1.827306048397999927e+00,4.318198492923395332e-03,3.502722323049001774e-01,-2.660958595263068815e+01,1.083216908277566226e+00,3.533203738647413550e-01,-4.419951964080309770e-01,-4.496418352192641521e-01,-6.826989752623667806e-01,-5.178027852357733885e-01,7.061691778889699067e-02,2.620124863497503842e-01,1.116824040852503197e-01,1.009734219838237523e-01,3.137563541381100940e-01,4.191940428462173629e-01,1.028981927628503691e-02,2.025392411303970040e-03,3.379151725918420196e-02,3.485388417940739163e-03,4.706770618353296395e-03,7.294069955460981847e-04,4.546473156109997332e-02,3.434843433914148243e-04,2.175095059374873227e-02,1.622785392405994009e-02,1.317170216996661584e-02,1.536200405345604890e-03,1.385047701003687577e-02,9.301270417422867476e-02,-3.676285185147205783e-03,4.376540256761214387e-01,1.191990899441818796e-01,7.031750112537719921e-02,8.126484736928636377e-01,-1.940973843861997124e-03,2.041742286751360991e-01,-2.198732718770401107e+00,2.930274967729806779e-01,3.062665911561468501e-02,1.065573148745280196e-02,-2.302964670089619192e-01,-8.950008152487698432e-02,-6.759773944761637843e-02,-3.651053125933805821e-01,-2.655015525211096294e-01,-3.847635229745715590e-01,1.012094583928688368e-01,5.134392234775516650e-01,3.966117328642358442e-01,7.212187433747083501e-03,-8.837196420843587696e-03,2.303753289068772095e-02,1.786513752751368823e-03,5.456791226624959149e-04,-4.134209141464967145e-03,2.939704452818928115e-02,-2.819961529300883674e-05,1.359285065729699989e-02,-3.483293412628020447e-03,-2.100047517638391897e-02,-2.156527258847754439e-02,4.113540287148064606e-03
2.445553539019963696e-01,5.220868077700910846e-03,3.016108178638751802e+00,2.541758971313579085e-01,1.283191265396231850e-01,1.901275403195661351e+00,2.716659330461754489e-03,3.457350272232305177e-01,-2.779311952145482323e+01,2.092702049880711124e-01,5.789291876365479927e-01,-7.022612866148891797e-01,4.009226149748832402e-01,-1.916049675724589285e-01,7.374373727020960834e-02,4.009088697354469544e-02,2.541537729130298739e-01,1.903577636537588658e-01,-4.013871779154463970e-02,1.325774142574972503e-01,3.304085951221572004e-02,1.156570449193172019e-03,3.173206161022579415e-03,1.843903606299473683e-02,9.932510753672947699e-04,8.660389685958638523e-04,1.779952413446974800e-03,6.561549057380356396e-03,7.895506427377013605e-04,4.869859240792770200e-04,4.378941608666411128e-04,1.886037686039745542e-03,3.761001614507869864e-03,4.852564703720133564e-03,5.807622504537204855e-02,3.013899373500351312e-03,-1.926097644163311529e-01,1.665823381661191149e-02,-5.955171940141451570e-02,7.396935479766142407e-02,-1.601539162461640842e-03,-4.537205081669659634e-03,-1.183533568824135074e+00,-8.739467032894950860e-01,2.256088137718066378e-01,-2.602660902068582027e-01,8.505644501941473923e-01,4.910940076899078521e-01,5.915465225059830523e-01,-3.052603081535229523e-02,-7.858713436720510259e-03,7.867535956850854606e-02,-1.411121397753684059e-01,-1.811789398806128437e-01,-3.861531833340016151e-01,-9.133248827091865543e-03,1.147813749718609375e-03,-1.535248119618946513e-02,-2.492137342573444610e-03,-3.840731649757432760e-03,1.050545417900876615e-03,-3.890318250371961606e-02,4.460662993462865362e-04,-2.126396466966945509e-02,-1.578995976319329947e-02,-1.128566448392686987e-02,2.224801209162264974e-03,-8.997912306316743075e-03
5.898366606170599158e-02,7.686575553543576605e-03,3.182475148229773065e+00,1.309592575362690525e-01,1.436666950052725433e-01,6.373413583385282299e-01,9.769234425473366512e-03,1.079854809437386515e-01,-2.509548758598803886e+01,1.276269778777771702e+00,1.873997651804819031e-01,-8.083623594333126938e-01,4.427321394131846222e-01,-3.552808151318773700e-01,-6.350619687404283065e-01,3.336221422088694322e-01,9.988863831853425079e-01,1.027531282390895750e+00,-8.255517035249701485e-02,-3.589943191209304940e-01,-5.265286889312782020e-02,7.049554056733478569e-03,4.922699465272874914e-03,9.017778477333825843e-03,7.260507270320017701e-04,4.324688605786086368e-03,2.505831420006001363e-03,1.835588033277768538e-02,1.173966598110362481e-03,3.495237027806860977e-04,1.932953806433036770e-02,8.386653661755424927e-02,4.886570808690571949e-02,2.409126782689645710e-02,-1.855716878402903780e-01,2.465707475842665759e-03,1.663669695910212631e-01,-1.232166395950888560e-01,1.534756846564935828e-02,-1.263934044857133010e+00,7.052575095011611589e-03,-2.377495462794918524e-01,2.697631935466784370e+00,1.066999573789700673e+00,-3.915294224560660896e-01,-1.061010728184235141e-01,4.180952443830138199e-02,-1.636758475594184414e-01,-7.088057060106378593e-01,2.935312552353247506e-01,7.447326102723126340e-01,8.371735187371368569e-01,-4.241645256095237515e-02,-4.915717333784277443e-01,-8.569372840534353331e-02,5.892983607540306333e-03,1.749493304250295499e-03,-9.421257585660910983e-03,-2.672003483352929998e-04,3.458649637190222732e-03,7.258790065590265631e-04,1.179433127539732812e-02,3.844159553726611209e-04,-1.374622212985909223e-04,1.889164390346372707e-02,8.198049893151450329e-02,4.510470647239785136e-02,1.923870312317632267e-02
6.624319419237749418e-02,2.587428892376952491e-02,3.253998877556501412e+00,9.890335073966662061e-02,1.187529852784485473e-01,2.264263244819804677e-01,9.013116827381964860e-03,8.892921960072595888e-02,-2.365969707720718773e+01,1.651580208157805152e-01,-1.002533037579187880e+00,-5.422464861196553410e-02,-6.091174230956848401e-01,3.846059994205004023e-02,-3.978714353652166857e-01,-4.619499499246990104e-03,6.570244673345695396e-01,7.943513644087520920e-01,1.985493461034863460e-01,-5.539018212731596780e-01,-9.466524765430800459e-02,2.103065316717641579e-03,1.158449784004360978e-03,5.475962906589159664e-03,3.034018461253856487e-04,2.112631593394195123e-03,2.395172356391660554e-02,2.067606468070563690e-03,5.329817721134367430e-04,5.410183012799112730e-04,4.909641978129688535e-03,7.057541759025189043e-02,1.953904052955676360e-02,1.941974099993414027e-02,7.259528130671502599e-03,1.818771337022594831e-02,7.152372932672834693e-02,-3.205590679660243192e-02,-2.491370972682399598e-02,-4.109150338565477623e-01,-7.561175980914016520e-04,-1.905626134301269259e-02,1.435790508780851127e+00,-1.111111757961991131e+00,-1.189932802759669839e+00,7.541377108213471736e-01,-1.051849562508869518e+00,3.937414150739274032e-01,2.371905333752116207e-01,-3.382416417081164361e-01,-3.418619158507729683e-01,-2.331799179821436585e-01,2.811045164559833331e-01,-1.949075021522291840e-01,-4.201237876118018438e-02,-4.946488740015837424e-03,-3.764249681268513718e-03,-3.541815570744666179e-03,-4.226488809066161214e-04,-2.212057012391891245e-03,2.144589214391060331e-02,-1.628827386470712082e-02,-6.409848259969257384e-04,1.914945984992251753e-04,-1.441989608620068003e-02,-1.329111902730235883e-02,-2.932666755734895589e-02,-4.671526826962316831e-03
5.263157894736841813e-02,1.507260649604067089e-02,2.775721182778560170e+00,9.171025126333851030e-02,1.094255929110390935e-01,1.465320637896409539e-01,1.711197856303058387e-02,6.896551724137930939e-02,-2.476979204977455495e+01,4.654847428690964684e-01,-1.171655414430297970e+00,3.526854868507233176e-01,-6.180713084189275452e-01,-1.297335629162598147e-01,-7.402732353803570531e-02,-1.139369849410018232e-01,5.071035125716054637e-01,9.713774495657754304e-01,3.705162791796943189e-01,-8.609171389294296983e-02,-4.852648460714864553e-02,4.571987877658678602e-04,1.897529352441310307e-03,5.538315105318761776e-04,5.541405603164743744e-04,2.929927778453930709e-02,9.423138013027880814e-04,1.076686571673832497e-03,2.267074911522292487e-04,5.376620048306701011e-04,8.061261814126575997e-02,8.068756254453511925e-03,2.708551849627855064e-03,2.253401215802705929e-02,-1.361161524500907605e-02,-1.080168242772885402e-02,-4.782776947779412424e-01,-7.193099476328110309e-03,-9.327392367409453877e-03,-7.989426069233951377e-02,8.098861735648619012e-03,-1.996370235934664950e-02,-1.110094972567367222e+00,3.003267220533159532e-01,-1.691223768511100900e-01,4.069101354626888378e-01,-8.953885323242705141e-03,-1.681941628583098480e-01,3.238441118271809804e-01,-1.093174854417548331e-01,-1.499209547629640760e-01,1.770260851570233385e-01,1.719669330762079729e-01,4.678101073802167220e-01,4.613876304715935905e-02,-1.645866528951773610e-03,7.390795684369493284e-04,-4.922131396057283920e-03,2.507387141910887257e-04,2.718664619114511197e-02,-2.300940976261381735e-02,-9.909198963967311927e-04,-3.062742809612074672e-04,-3.356296449241171972e-06,7.570297616313606537e-02,-6.250666133579838024e-02,-1.683048867992890940e-02,3.114271158092919017e-03
3.266787658802177557e-02,4.251869065910495946e-03,3.110652384578362906e+00,1.081946307852422601e-01,1.506106260725799395e-01,1.605637828446940529e-01,1.593709759995879174e-02,6.624319419237749418e-02,-2.560846809550098158e+01,1.033796000294995077e+00,-8.721243213486286061e-01,4.574145216237621159e-01,-3.335624446813316712e-01,-2.319278482352334914e-01,-3.769795840774424756e-01,-5.843970883068128064e-01,3.047969391719069776e-01,6.961019714586202944e-01,6.731751660227996981e-01,-3.306519270273253902e-02,-2.956181445011469844e-01,4.386765853163760928e-03,1.474559586548632650e-03,6.944639694291493068e-03,3.277374744380895464e-03,1.972385248208457370e-03,2.054806632018576096e-03,4.153938511821927970e-03,1.658028547758323592e-04,7.473608736564424544e-03,1.294188631643001519e-01,5.835826527369521871e-03,1.838977867658179782e-03,3.484286613722618886e-02,-1.996370235934664256e-02,-1.082073743013017494e-02,3.349312017998027358e-01,1.648437952190374978e-02,4.118503316154084604e-02,1.403171905505309902e-02,-1.174880963071792128e-03,-2.722323049001815209e-03,-8.386760457264266222e-01,5.683112574258986083e-01,2.995310930816693640e-01,1.047290347730387983e-01,2.845088637375958740e-01,-1.021942853189736766e-01,-3.029522605394067702e-01,-4.704601033658110110e-01,-2.023065733996984861e-01,-2.752754781071551360e-01,3.026588868431053791e-01,5.302652119021043081e-02,-2.470916598939983388e-01,3.929567065397892960e-03,-4.229697658926776568e-04,6.390808183759616456e-03,2.723234184064420981e-03,-2.732689253633084972e-02,1.112492830715787907e-03,3.077251940148095256e-03,-6.090463637639688941e-05,6.935946731733754443e-03,4.880624502303439194e-02,-2.232929727083990054e-03,-8.695739819696752821e-04,1.230885397919912957e-02
7.123411978221415308e-02,1.781069899410798324e-02,3.171706703185598109e+00,1.191112480485028158e-01,1.588682794848327307e-01,2.347500333451515708e-01,1.031831393645661274e-02,8.166969147005444241e-02,-2.426808400826656964e+01,-1.058880677083895577e-01,-8.101980510744322128e-01,-9.039783437930425103e-02,-5.706243586960094705e-01,4.000552372473330509e-01,-3.476529788937082199e-01,-6.773302692237488376e-01,4.882271393709980423e-01,4.619149700268416758e-01,1.146486852786074984e+00,-1.293286508087496955e-01,-5.096280380966765611e-01,1.860427674569294434e-02,2.699501940987403649e-04,5.204715330543311421e-04,3.772457344999265161e-03,1.006737018523171448e-03,5.012619074159937148e-04,9.707528089588901826e-04,1.140254958914803732e-03,1.277592297778258612e-02,2.153901108037046402e-02,1.823446196728763973e-03,1.373113071897188965e-03,7.371394747535147361e-03,3.856624319419237751e-02,1.355882992819748729e-02,6.105431860723520288e-02,1.091661726326055570e-02,8.257653412252791147e-03,7.418625050045751790e-02,-5.618783663502179004e-03,1.542649727767694823e-02,1.340384087234411936e+00,-1.139684068003384620e+00,6.192627027419639330e-02,-5.478123560030663253e-01,-2.370619140146777992e-01,6.319830854825665423e-01,2.932660518373425562e-02,-9.293318091693603122e-02,1.834302001990910647e-01,-2.341870014317786186e-01,4.733116867632752855e-01,-9.626345810601716346e-02,-2.140098935955295767e-01,1.421751089252918342e-02,-1.204609392449892177e-03,-6.424168161237161709e-03,4.950826006183696969e-04,-9.656482296852859221e-04,-1.553544724602582382e-03,-3.183185702863037571e-03,9.744521041389713183e-04,5.302314241218161577e-03,-1.078798520839296948e-01,-4.012380330640758115e-03,-4.658647957609908172e-04,-2.747147138969104063e-02
5.444646098003629725e-02,2.033721796112119770e-02,3.014082147094176545e+00,9.427525452206617085e-02,1.263811004572446550e-01,5.917058474073316754e-02,8.967693374963243286e-03,7.894736842105262720e-02,-2.402768092794788757e+01,1.435488102503096774e+00,-5.714050562394988875e-01,5.377265589274971003e-01,-7.566987038258361498e-01,7.406322084573051523e-01,-4.833628672392099035e-01,-7.262257654840165166e-01,1.867669711084376793e-01,1.617236489550700762e-01,9.539770671658353018e-01,-2.384248193596016918e-02,-3.628939945217946605e-01,3.723060985919267058e-03,7.224049052501713229e-04,2.697363362575783130e-03,9.914675455026741510e-03,2.611870452644549524e-03,1.198174496789385871e-03,3.123131491894383209e-03,7.762450764654407016e-04,3.713290709330001327e-02,1.076647488567633940e-02,2.847145957370938313e-03,9.288852004088290256e-04,9.812236582866496609e-03,-1.678765880217785583e-02,2.526518967013214462e-03,-1.576245560914215638e-01,-2.483599352643664493e-02,-3.248717902758807563e-02,-1.755794486044184033e-01,-1.350620561493369454e-03,-2.722323049001815209e-03,2.404030803186820719e-01,1.541376170211486318e+00,2.387929948349333253e-01,6.281243933068013652e-01,-1.860743451298266793e-01,3.405769712099721014e-01,-1.357098883455016836e-01,-4.889549626026767903e-02,-3.014601682625603907e-01,-3.001913210717715996e-01,-1.925097856202396818e-01,1.054861688727895264e-01,1.467340435748819005e-01,-1.488121575977367772e-02,4.524547111514309579e-04,2.176891829521451771e-03,6.142218110027476349e-03,1.605133434121378076e-03,6.969125893733921565e-04,2.152378682935492810e-03,-3.640098824493630302e-04,2.435698411551742715e-02,-1.077253619469412463e-02,1.023699760642174340e-03,-4.442278714883599391e-04,2.440841835331349248e-03
5.308529945553538965e-02,5.613231166081900829e-04,3.081143812728384557e+00,1.181613624267050244e-01,1.537004916315538872e-01,2.413681276632766715e-01,1.389086803004017066e-02,7.259528130671506763e-02,-2.810793759387371793e+01,1.985501525281770263e+00,9.449607063803858176e-02,6.757751671570051410e-01,-4.750085713687353106e-01,1.778632021413329989e-01,-1.486027724091985303e-01,-5.627795346214070626e-01,-5.956780427985933213e-02,5.418055176770825848e-02,2.542390677343998595e-01,9.705468679098148976e-02,3.056004448252163108e-01,1.656632506564922284e-03,3.586228267617858870e-04,4.229811542825864801e-02,4.812139253551490567e-03,4.526926030458960221e-02,2.924374981813605140e-02,1.115490174311883909e-01,3.553094950527887867e-03,6.808719687791404095e-03,5.408313416444333541e-03,2.129720001178654620e-02,1.703409338671712982e-03,3.089380158172814680e-02,-1.361161524500907605e-03,-1.977589484451300686e-02,6.706166563420801197e-02,2.388610790463885358e-02,2.731939117430923214e-02,1.821975429225435039e-01,4.923174655076927378e-03,-6.352087114337559570e-03,-4.080256665925830362e+00,5.500134227786734886e-01,6.659011268775374415e-01,1.380486082295080408e-01,2.816901324571008391e-01,-5.627690063159721534e-01,3.347600948300113455e-01,1.634462308626094540e-01,-2.463347753882970115e-01,-1.075430971873618247e-01,-6.997379994314354423e-01,1.208971687269416589e-01,6.684944393470109159e-01,-2.066428479354344774e-03,-3.637820784883854359e-04,3.960075206568286488e-02,-5.102536201475250943e-03,4.265738985194505312e-02,2.804557532134666423e-02,1.084258859392940033e-01,2.776849874062447057e-03,-3.032418740550860831e-02,-5.358161469232005855e-03,1.845005405441560789e-02,7.745241382628839568e-04,2.108156499886165020e-02
4.582577132486388705e-02,1.397221315633980290e-02,3.025493249473911739e+00,8.393059452495249539e-02,9.892773781118029131e-02,3.462971607146129172e-01,1.311096509409685577e-02,8.983666061705988803e-02,-2.383811701144916029e+01,8.164806526896395411e-01,-7.899024155127574165e-01,-3.710019242426543240e-01,-4.933207741511964617e-01,9.457951553680172818e-01,-1.013693074922619397e+00,-1.399822404393914477e-01,-5.371888148938552821e-01,-2.641247829352175169e-02,5.736932076954834869e-01,7.705888099569520033e-01,4.322426607734401738e-02,7.164439980304982900e-04,7.111348554658908187e-03,9.041171603331142614e-03,1.351389812678041548e-03,2.755958623270918142e-03,1.138987145644376753e-02,6.743197410872987796e-03,7.556588451172982501e-02,4.046553882259600748e-02,1.679520137451851651e-03,2.634786068565053881e-03,1.311841869941598581e-03,2.145297361021022281e-02,-7.259528130671502599e-03,1.341089003973161206e-02,-5.565056325447281793e-02,-3.423076790175252904e-02,-5.477275382037359586e-02,1.049290330513362457e-01,-7.799029359433148900e-04,1.724137931034482041e-02,4.269820582424557642e+00,-1.169020872592130722e+00,-8.843984861507959705e-01,-1.046777091399659465e+00,-1.831220278246115107e-02,7.679319532266842829e-01,-8.650903025134208946e-01,4.227972941820156150e-01,-4.776210106139959777e-01,-8.059303006123000324e-02,3.194541399610836274e-01,6.735341231659704997e-01,-2.623761787478722796e-01,-9.401885085344239938e-04,6.752725727897122138e-03,-3.325694382492750539e-02,-3.460749440873448803e-03,-4.251330168131868537e-02,-1.785387836169228387e-02,-1.048058200203154100e-01,7.201278956120193975e-02,3.365681913480460252e-02,-3.728793278992482106e-03,-1.866241394322149319e-02,-3.915674687301144014e-04,-9.440827971517923994e-03
5.535390199637023334e-02,2.853920174423141970e-02,3.285449943547939178e+00,8.984811159297738381e-02,1.165446020033763380e-01,3.495897673582590848e-01,1.222316359381245797e-02,9.437386569872958930e-02,-2.281835444986288763e+01,4.291099196085068623e-01,-5.258853636153053568e-01,1.128525545806917246e-01,2.922146186690218611e-02,8.175869053626064753e-01,-6.261630890896231483e-01,3.583451983451886314e-01,-3.110455230151586981e-01,-1.748559741495074871e-01,3.068216737785130488e-01,1.058741437204309577e+00,4.960880498892878410e-01,5.900917515609017949e-02,4.868715127950343918e-03,1.717011912636265750e-02,1.819081103151276536e-03,2.574546272936375797e-03,2.201314394429627203e-02,2.032535707182595713e-02,1.782714678210206441e-03,1.609261283814854499e-03,2.978867144604065327e-03,3.074589070332953838e-03,3.264981967743615411e-03,1.606806141255470027e-02,9.528130671506346294e-03,1.456698858789161680e-02,2.599566940740274390e-01,5.917517068024888416e-03,1.761686419219604671e-02,3.292606643646167619e-03,-8.878015002843978043e-04,4.537205081669701268e-03,1.019762561586272653e+00,-3.873707330811326788e-01,2.640170518974520597e-01,4.838544788233460348e-01,5.225422360180986825e-01,-1.282082500054108065e-01,3.875299858329962488e-01,4.983274387845800790e-01,2.261432918786965840e-01,-1.484434958559857354e-01,-2.668715339169704381e-01,2.881526272473575734e-01,4.528637838119438097e-01,5.829273115805968380e-02,-2.242633426708564269e-03,8.128947523031514882e-03,4.676912904732349885e-04,-1.814123503345423452e-04,1.062327248785250450e-02,1.358215966095296934e-02,-7.378316983351962399e-02,-3.885627753878115320e-02,1.299347007152213676e-03,4.398030017678999579e-04,1.953140097802016830e-03,-5.384912197655522537e-03
5.626134301270417637e-02,1.875129687681307417e-02,3.242010650067031818e+00,1.006224929719811284e-01,1.468820960929587416e-01,1.870325545998887118e-01,1.473254597855195788e-02,7.713248638838475502e-02,-2.416045398858323168e+01,2.624700072690814290e-01,-8.118344862261062111e-01,9.175616406334543562e-01,6.511265660562023938e-03,6.990503557921776689e-01,-3.622390411619180739e-01,-1.480828638126004126e-01,-1.382864802548574856e-01,-9.310017510926871243e-02,2.253989115228318685e-01,7.872737517863830359e-01,5.313436093154102480e-01,1.468093465374658690e-03,4.943017354994789711e-04,4.756076853938248812e-03,4.845656367328888062e-04,2.836223035569989878e-02,1.031935581382131643e-02,6.843647358106524914e-03,1.105207751026502901e-03,1.060150777365162847e-02,6.550145666896168770e-04,4.430091715899211156e-03,3.067974430397412203e-02,1.008812446612560899e-02,9.074410163339430291e-04,-9.787904867418345534e-03,-4.343929348090735942e-02,1.077438137900374460e-02,3.033749408958240357e-02,-1.625572127583703730e-01,2.509382384739499913e-03,-1.724137931034483429e-02,-1.342099538720344043e+00,-1.666399123394254334e-01,-2.859491226108008544e-01,8.047090860527625900e-01,-2.271019620634016217e-02,-1.185365495704288064e-01,2.639240479277050744e-01,-5.064280621577890162e-01,1.727590427603012124e-01,8.175579904023877464e-02,-8.142276225568118031e-02,-2.714676854179265408e-01,3.525555942612240701e-02,-5.754108169071552037e-02,-4.374413392450864947e-03,-1.241404227242440955e-02,-1.334515466418387730e-03,2.578768408276352342e-02,-1.169378813047495559e-02,-1.348170971371943222e-02,-6.775069271837035403e-04,8.992246489836774187e-03,-2.323852577914448450e-03,1.355502645566257318e-03,2.741476233623050748e-02,-5.979936946429091280e-03
4.128856624319419272e-02,2.443220465855740122e-03,2.640502183959360760e+00,8.399068996278842569e-02,1.194065557351626089e-01,1.492799722670909990e-01,1.121847669023421853e-02,7.713248638838475502e-02,-2.606907650912267727e+01,1.824473973842916763e+00,-5.890750489577717408e-01,-2.647108068886405707e-02,-2.596486476715271774e-01,6.431394121816655929e-01,-6.401340093467371428e-01,-4.220595731677106305e-02,-4.806194806123567087e-01,-6.665288470464825199e-01,2.790313274364686347e-02,6.080037079378316500e-01,4.045420087969142098e-01,7.670765256920284922e-03,1.156592746640132440e-03,2.049525228694010909e-02,4.744487697355956324e-03,2.222900422548146349e-02,7.656973652867045399e-02,2.692966331948079897e-02,2.874387671984752948e-03,2.950120573497123574e-03,4.191232059673078033e-04,4.486550363451780564e-03,1.130288027302650891e-02,2.040198821747161648e-02,-1.497277676950998365e-02,-1.630807641095733534e-02,-6.015084661076710582e-01,-1.663180300919270271e-02,-2.747554035779613268e-02,-3.775258233279771281e-02,-3.514069288317739348e-03,0.000000000000000000e+00,-1.908622520539445588e+00,1.562003966573835445e+00,2.227594372683344703e-01,-9.440327213223184133e-01,-2.661599133320892152e-01,-5.591094361051207606e-02,-2.778949681848190689e-01,1.058769064958293427e-01,-3.423330003574992508e-01,-5.734286719372138075e-01,-1.974957787791850050e-01,-1.792700438485513859e-01,-1.268016005184960382e-01,6.202671791545625798e-03,6.622910111406534687e-04,1.573917543300186114e-02,4.259922060623067518e-03,-6.133226130218435296e-03,6.625038071484913582e-02,2.008601596137427406e-02,1.769179920958250047e-03,-7.651387200154504895e-03,-2.358913607223090737e-04,5.645864755256940759e-05,-1.937686403094761312e-02,1.031386375134600748e-02
5.943738656987295615e-02,5.665898895054160937e-04,3.217612246772246110e+00,1.209749153617843687e-01,1.403851978948488510e-01,4.952621828163061846e-01,7.888753227659785205e-03,9.074410163339383106e-02,-2.733950754990842213e+01,1.091695433977034391e+00,-5.789629176401371868e-01,2.558477487744320600e-01,-3.582197191220682364e-01,5.237838993213527194e-01,7.949082014847068389e-02,8.236724008624840554e-02,-5.070773098206461660e-02,2.109419631036283105e-01,3.260773745916336480e-02,-9.413749617905019587e-03,3.054219970090659153e-01,4.057630988553266593e-03,4.121753231326395241e-03,4.333613275734578968e-02,2.885666598522307075e-03,1.026846345925693481e-02,5.397040868611239876e-03,7.481815239698781650e-02,8.445657575269176556e-03,4.909307133142554180e-03,1.190561680037450012e-02,3.365446675756116751e-02,6.887614809679957865e-03,2.115470892572514708e-02,1.814882032667876344e-02,-1.876630576350324028e-03,5.771100628128853494e-01,3.698422539899594297e-02,2.097864215968624213e-02,3.459822105492151856e-01,-3.329723462574433329e-03,1.361161524500907605e-02,-1.270431040785744869e+00,-7.327785398658823723e-01,1.011213131763455397e-02,2.823188294632961171e-01,-9.857107145054105901e-02,-1.193555128603128734e-01,7.196248294952077851e-01,1.245731974030194755e-01,4.299117496302921060e-01,8.774708101501108581e-01,4.704604715516501334e-03,-6.174174575557366262e-01,-9.912001178784829447e-02,-3.613134268367018329e-03,2.965160484686263018e-03,2.284088047040568059e-02,-1.858821098833649248e-03,-1.196054076622452868e-02,-7.117269566005920978e-02,4.788848907750702100e-02,5.571269903284423175e-03,1.959186559645430606e-03,1.148649359440719227e-02,2.916791639410938608e-02,-4.415265463346551046e-03,7.527207082535306015e-04
6.896551724137930939e-02,9.965330105015594419e-04,3.142789843564457897e+00,1.425172293116396816e-01,1.410089715504294627e-01,7.487040759500198650e-01,2.917554101280904824e-03,1.542649727767695100e-01,-2.780883189424895008e+01,2.491232150370739362e-01,-2.902316818617579619e-01,1.312288057668605235e-01,-4.562887217488053593e-01,7.542852167912481587e-01,1.098706412741955185e-01,1.713640502376403973e-02,2.559539924470007888e-01,3.524432447127410217e-01,4.155337188172125718e-02,-1.538360645095568358e-01,1.963702177927006132e-01,7.754565349880467202e-03,1.190738524148544225e-03,1.018283189003306444e-01,9.242389667747952795e-04,1.615559436147309593e-03,3.558831419024136716e-03,1.585334254424061173e-01,2.831222896097386824e-03,8.459159104988790180e-04,3.459469694913666713e-03,1.332241186614154145e-02,1.622952707092587812e-03,4.865306225316095440e-02,9.528130671506353233e-03,4.299431209961433482e-04,-7.482240320778821285e-02,2.154231394985531289e-02,6.237736555806117078e-04,2.534418931337136804e-01,-4.971199126378880381e-03,6.352087114337567897e-02,-4.693243443405279436e-01,-8.425722189399604822e-01,2.887312357783792249e-01,-1.246189430075715365e-01,-9.806900262673712287e-02,2.305013174698954392e-01,3.037982112572483462e-02,-6.523083506248436580e-02,3.066617234290653915e-01,1.415012816091127112e-01,8.945634422557892373e-03,-1.444223148916518040e-01,-1.090517792163653021e-01,3.696934361327200609e-03,-2.931014707177851016e-03,5.849218614298485469e-02,-1.961427631747511904e-03,-8.652904023109624781e-03,-1.838209449587103160e-03,8.371527304541830083e-02,-5.614434679171789733e-03,-4.063391222643675596e-03,-8.446147105460833845e-03,-2.033205489141962780e-02,-5.264662102587369837e-03,2.749835332743580732e-02
8.711433756805807282e-02,5.604474048702764609e-04,3.084043723848268748e+00,1.543564947854352276e-01,1.565799270825279366e-01,8.372156763358453713e-01,3.401942590954382898e-03,1.687840290381125152e-01,-2.845018288950002372e+01,5.042059021427963694e-01,1.198188211909218537e-01,7.656076392898616412e-01,-1.041948383592212618e-01,6.803710277172876353e-01,-6.705626928281796517e-02,-1.698227615154060399e-02,3.524880437554913093e-01,9.169589814942083472e-02,1.204446950942759664e-01,2.893074243340480745e-02,-6.543987940966886074e-02,3.126580607318272826e-03,9.385348833737519516e-04,9.880714212476255850e-03,1.509621429210957844e-03,4.089714668603231310e-03,1.946555626582097609e-03,9.262041604299317554e-02,6.794039061494162174e-04,9.701171492073654796e-04,5.166317341184010863e-03,1.027742838767094075e-01,4.606078357531119723e-03,3.532911724362061689e-02,1.814882032667876344e-02,-4.360856056312829810e-04,-5.874611971618914907e-02,1.183926547379554606e-02,1.557095553209847383e-02,8.851160038582550627e-02,4.843884896734780739e-04,1.451905626134300520e-02,-6.413509952510736412e-01,2.550826871057224610e-01,4.100505030526798156e-01,6.343788335230011732e-01,3.520938833895840836e-01,-7.391418907396052340e-02,-1.769269105570134837e-01,-3.411868117530464373e-02,9.653405130849052052e-02,-2.607473465633202148e-01,7.889132321255470925e-02,1.827668069429616571e-01,-2.618100972023694739e-01,-4.627984742562193943e-03,-2.522036407747922735e-04,-9.194760468785438678e-02,5.853824624361625645e-04,2.474155232455921716e-03,-1.612275792442039108e-03,-6.591300939941294179e-02,-2.151818989947970606e-03,1.242012387084864616e-04,1.706847646270344149e-03,8.945187201056786774e-02,2.983125650438531694e-03,-1.332394500954033750e-02
