5.807622504537204855e-02,9.445147355546686368e-04,3.154833728831197170e+00,1.313655420525948192e-01,1.204658694335370567e-01,7.312203904232381646e-01,0.000000000000000000e+00,1.206896551724137984e-01,-2.752374379976778940e+01,4.743804101377318005e-01,4.512918517404687080e-01,1.672264506036699461e-01,-4.158713726989726744e-01,1.471526688666124905e-04,-5.098678421289195573e-01,-8.205799869175771644e-01,-5.068208410736428637e-02,2.637624997360339951e-01,1.455390851871914970e-01,6.199565296307288920e-01,-7.825393079462387991e-02,3.197047749192270024e-03,8.907398258904880356e-04,1.625472315399937055e-03,5.187641033788832623e-04,2.675565669110828784e-03,5.651603411458105269e-03,1.311013893447190715e-01,7.028214250263227969e-04,1.304795184574061503e-02,3.472468063584747966e-03,8.929079621691218827e-03,4.201531804182774728e-03,3.528340610756892926e-02,0.000000000000000000e+00,0.000000000000000000e+00,0.000000000000000000e+00,0.000000000000000000e+00,0.000000000000000000e+00,0.000000000000000000e+00,0.000000000000000000e+00,0.000000000000000000e+00,0.000000000000000000e+00,0.000000000000000000e+00,0.000000000000000000e+00,0.000000000000000000e+00,0.000000000000000000e+00,0.000000000000000000e+00,0.000000000000000000e+00,0.000000000000000000e+00,0.000000000000000000e+00,0.000000000000000000e+00,0.000000000000000000e+00,0.000000000000000000e+00,0.000000000000000000e+00,0.000000000000000000e+00,0.000000000000000000e+00,0.000000000000000000e+00,0.000000000000000000e+00,0.000000000000000000e+00,0.000000000000000000e+00,0.000000000000000000e+00,0.000000000000000000e+00,0.000000000000000000e+00,0.000000000000000000e+00,0.000000000000000000e+00,0.000000000000000000e+00,0.000000000000000000e+00
3.448275862068965469e-02,1.052111248363052018e-03,2.896535739861428205e+00,1.368716446737679449e-01,1.806633191592783849e-01,3.278249586321329012e-01,8.001318464705914693e-03,1.996370235934664256e-02,-2.793163702562670636e+01,1.626042599017358814e+00,6.227986439527548601e-01,-4.601503305234176944e-01,-5.195926505115628924e-01,-7.568686046627933761e-01,-7.960499515714922758e-01,-4.860671411738598513e-01,-1.718448427074376755e-02,1.882491148266549619e-01,3.466869910705655533e-01,3.701611754659977493e-01,1.764638354718769675e-01,2.426353142136835304e-03,1.290954822965813091e-03,3.833714998582993423e-03,1.050729641581887473e-03,4.128439932983359213e-03,1.470179912975332938e-02,3.980763551692131225e-02,1.162688752056057232e-03,7.067381003866750333e-02,2.265657800106622363e-02,6.462218654342828661e-03,5.065168861592456336e-03,2.024120723550036985e-02,-2.359346642468239386e-02,1.075965128083833811e-04,-2.582979889697689657e-01,5.506102621173125655e-03,6.019744972574132824e-02,-4.033954317911052634e-01,8.001318464705914693e-03,-1.007259528130671489e-01,-4.078932258589169635e-01,1.151662188879627013e+00,1.715067922122861521e-01,-6.273767811270876127e-01,-1.037212778125902179e-01,-7.570157573316600441e-01,-2.861821094425727185e-01,3.345128457437173131e-01,3.349759983662051882e-02,-7.551338490937903325e-02,2.011479058833740563e-01,-2.497953541647311426e-01,2.547177662665008335e-01,-7.706946070554347196e-04,4.002149970753250555e-04,2.208242683183056151e-03,5.319655382030042106e-04,1.452874263872530429e-03,9.050195718295224109e-03,-9.129375382779775228e-02,4.598673270297344356e-04,5.762585819292688483e-02,1.918410993748147567e-02,-2.466860967348390166e-03,8.636370574096816077e-04,-1.504219887206855941e-02
6.034482758620689918e-02,6.179082471835816749e-04,2.584184092590525506e+00,1.538198763201340247e-01,1.988562211728160667e-01,3.992063352966614964e-01,2.516815098958534447e-03,4.990925589836660292e-02,-2.810183783970702720e+01,1.958149487020246049e+00,2.589982336043850641e-01,-1.481271297568083900e-01,-6.187810146814598511e-01,-4.347177822938355640e-01,-2.146965859069725757e-01,-6.292456258791464530e-01,3.334112431363417395e-03,9.390623220302946050e-02,5.732131626813052883e-01,4.837604579810915739e-01,1.508087733428386396e-02,5.730448033460228477e-03,2.863656032928709686e-03,3.903257775115036212e-03,2.729673422818283592e-03,9.493705278718523807e-03,1.954060932612979376e-02,6.571281913904424010e-02,5.800624886154892189e-04,4.778734990210017214e-02,2.437633883876471133e-02,1.334530204433329210e-02,1.890979859468630477e-03,1.968125752908805176e-02,2.586206896551724449e-02,-4.342030011794703430e-04,-3.123516472709026992e-01,1.694823164636607982e-02,1.819290201353768177e-02,7.138137666452859520e-02,-5.484503365747380246e-03,2.994555353901996037e-02,-1.702008140803208391e-01,3.321068880028872350e-01,-3.638004103483697960e-01,3.120232007666092766e-01,-9.918836416989695870e-02,3.221508223689578121e-01,5.813533656645196723e-01,-1.431784847052866017e-01,2.051859670210718495e-02,-9.434288262362550137e-02,2.265261716107397350e-01,1.135992825150938246e-01,-1.613829581375930966e-01,3.304094891323393172e-03,1.572701209962896595e-03,6.954277653204278889e-05,1.678943781236396119e-03,5.365265345735164594e-03,4.838810196376464381e-03,2.590518362212292786e-02,-5.826262634405680136e-04,-2.288646013656733119e-02,1.719760837698487699e-03,6.883083389990463444e-03,-3.174189002123825858e-03,-5.599497064123180878e-04
8.756805807622504434e-02,3.636431743661928343e-03,1.481324159208333047e+00,1.487636723582163867e-01,2.038258896288057676e-01,4.171543913501415957e-01,7.759163552593208515e-03,6.352087114337567897e-02,-2.460412579312298575e+01,1.472946948491397512e+00,-9.296259612319822674e-01,3.893684342126549902e-01,3.307810327636422354e-01,-2.747034972273703635e-01,-2.638974039150196460e-02,-3.331585045683495006e-01,3.212523969663437506e-02,2.461640392050688797e-01,-1.789691150929079710e-01,-1.460355656813078773e-01,5.961314536871211572e-02,1.335868190461133448e-02,4.134553256770878010e-03,9.425997819611283551e-03,7.738174957006837065e-03,1.697635354411684491e-02,1.092637528448059392e-02,1.750521355143423372e-02,9.412944751280365521e-03,1.030773086045527580e-02,3.240201772718537005e-03,1.788996916009133117e-02,2.412405749917956657e-02,5.863794803625782537e-03,2.722323049001814516e-02,3.018523496478346668e-03,-1.102859933382192459e+00,-5.056203961917637990e-03,4.969668455989700862e-03,1.794805605348009925e-02,5.242348453634674069e-03,1.361161524500907605e-02,3.497712046584041445e+00,-4.852025385288485371e-01,-1.188624194836367387e+00,5.374955639694634080e-01,9.495620474451020865e-01,1.600142850664652006e-01,1.883068455154706111e-01,2.960871213107969524e-01,2.879112726527095767e-02,1.522578070020394192e-01,-7.521822777742133148e-01,-6.297960236623993957e-01,4.453226803442825177e-02,7.628233871151106002e-03,1.270897223842168324e-03,5.522740044496246906e-03,5.008501534188553039e-03,7.482648265398321105e-03,-8.614234041649199841e-03,-4.820760558761000292e-02,8.832882262664876194e-03,-3.747961904164489461e-02,-2.113613706604617476e-02,4.544667115758039069e-03,2.223307763971093740e-02,-1.381746272546226922e-02
4.446460980036297944e-02,6.481624692798026999e-02,3.213582815782460855e+00,7.260102374165937344e-02,1.058919590535674499e-01,8.230535191888643798e-02,1.150387206551628169e-02,5.989110707803992767e-02,-2.225129882005871096e+01,1.602601840737815753e+00,-1.479437701155089879e+00,3.749566832911317427e-01,2.606996153235829339e-01,-4.322761970554799271e-01,-2.344380536969264961e-01,-5.018753009001625243e-01,-6.237867279598015013e-01,5.408752952449794593e-01,-2.998378495560155566e-01,-1.009917856568960520e-01,4.558950688810543550e-01,2.265987479655712841e-03,4.161266358572108040e-03,9.426375256350586667e-04,2.199475016880147234e-03,4.775972869591672831e-02,1.546078468091641525e-02,3.585233724686916982e-03,3.160608633427181013e-02,1.635972851065657261e-03,2.469032821430340108e-04,2.076188828074953391e-02,5.023423062425370379e-03,1.439222889755315503e-02,-4.310344827586206490e-02,6.117981518431834381e-02,1.732258656574127809e+00,-7.616264861655701324e-02,-9.793393057523831768e-02,-3.348490394312551577e-01,3.744708512923073176e-03,-3.629764065335751300e-03,2.352826973064274796e+00,1.296548922464182407e-01,-5.498117399231076119e-01,-1.441175092152324755e-02,-7.008141744005930152e-02,-1.575726998281095637e-01,-2.080483133054245315e-01,-1.687167963318130237e-01,-6.559119676564358903e-01,2.947112560399105519e-01,-1.208687344631075855e-01,4.504378002441182527e-02,3.962819235123422601e-01,-1.109269442495562120e-02,2.671310180123002975e-05,-8.483360293976224126e-03,-5.538699940126689397e-03,3.078337515179988340e-02,4.534409396435821332e-03,-1.391997982674731717e-02,2.219314158299144635e-02,-8.671758009389619187e-03,-2.993298490575503103e-03,2.871919120658202734e-03,-1.910063443675419706e-02,8.528434093927372492e-03
4.083484573502722120e-02,6.085594333447995330e-02,3.264126036816724419e+00,9.236250997220489534e-02,1.527611943372257919e-01,7.478587422311235022e-02,8.827252444338387974e-03,5.898366606170599158e-02,-2.229445328115960834e+01,1.427245219070805149e+00,-1.671316835609101270e+00,5.793312726702523063e-01,4.199654124789423681e-01,3.778519158008128431e-02,2.394879006141665267e-01,-6.781448255564750394e-01,-8.495528208378041457e-01,6.274762654239676163e-01,-1.574030990520992601e-01,1.277005753718723768e-01,2.667331289880894296e-01,4.375610838200186281e-04,6.066826467963099684e-04,7.694409392132187326e-04,1.142539479422976286e-03,6.061166210488733858e-02,8.424459804011892247e-03,9.233904677202454947e-03,4.153394793340433461e-02,3.988466634459632808e-03,1.070550835910301672e-03,5.710182782864846318e-02,2.114399530850567376e-03,2.221953189237194440e-02,-3.629764065335758239e-03,-3.960303593500316688e-03,5.054322103426356350e-02,1.976148623054552189e-02,4.686923528365834202e-02,-7.519477695774087755e-03,-2.676619621177893718e-03,-9.074410163339360902e-04,-4.315446110089737886e-02,-1.753566216670106037e-01,-1.918791344540113908e-01,2.043745893791205637e-01,1.592657971553594343e-01,4.700613886355612392e-01,4.739259543110930228e-01,-1.762695246563125151e-01,-2.257660928780026444e-01,8.660097017898815697e-02,1.424347505039162964e-01,2.286923610287684427e-01,-1.891619398929649254e-01,-1.828426395835694267e-03,-3.554583711775798072e-03,-1.731965864218399341e-04,-1.056935537457170948e-03,1.285193340897061026e-02,-7.036324876904523004e-03,5.648670952515538399e-03,9.927861599132524473e-03,2.352493783393975330e-03,8.236475537672676610e-04,3.633993954789892927e-02,-2.909023531574803003e-03,7.827302994818789370e-03
4.764065335753175923e-02,4.629735400979259619e-02,3.296412363558939074e+00,6.829243942925777855e-02,8.482461446900033120e-02,1.330405614839348660e-01,1.322374927696686603e-02,6.261343012704173594e-02,-2.243481987885756013e+01,1.391558620739605345e+00,-1.210642276507193582e+00,5.593297549725968487e-01,3.890671114977147238e-01,-2.304565169509422695e-01,3.821286329711207630e-01,-8.117025093683016834e-01,-9.404627020450059272e-01,6.349868549574263499e-01,-1.844202300943658945e-01,-3.471879680558948023e-02,-1.445988141498343316e-01,4.496342408648624014e-03,7.852872848060535153e-05,1.586220199385865622e-03,1.314544879942943986e-02,2.831699236202730660e-02,2.821743866274074863e-03,5.495326207471098318e-02,3.542487765839003738e-02,4.990822576732186107e-03,1.536690138492243776e-03,6.617264439867479552e-03,6.149741964835223887e-04,1.673381286350569819e-02,6.805807622504538024e-03,-1.455858932468735711e-02,3.228632674221465493e-02,-2.407007054294711679e-02,-6.793657986822546069e-02,5.825468726082251580e-02,4.396496832628478055e-03,3.629764065335744361e-03,-1.403665976979517893e-01,-3.568659833119980362e-02,4.606745591019076880e-01,-2.000151769765545762e-02,-3.089830098122764435e-02,-2.682417085310235816e-01,1.426407323569542362e-01,-1.335576838118266441e-01,-9.090988120720178145e-02,7.510589533458733591e-03,-2.701713104226663442e-02,-1.624193721774618571e-01,-4.113319431379237612e-01,4.058781324828605007e-03,-5.281539183157045762e-04,8.167792601726468890e-04,1.200290932000646314e-02,-3.229466974286003544e-02,-5.602715937737817384e-03,4.571935739750852823e-02,-6.109070275014297224e-03,1.002355942272553299e-03,4.661393025819421040e-04,-5.048456338878098276e-02,-1.499425334367044879e-03,-5.485719028866246211e-03
5.081669691470054595e-02,3.547791757825451836e-02,3.295182441785948768e+00,9.392208852332657731e-02,1.394424862176179836e-01,1.819689776726883534e-01,1.174649953090024790e-02,6.261343012704173594e-02,-2.279781080687263284e+01,1.335537726646829793e+00,-9.764651689323562422e-01,8.395961974552624829e-01,1.423208827291936318e-01,-6.345756207020573081e-01,-1.173206188750013784e-01,-8.356994093391542089e-01,-5.159875795227868434e-01,7.870019616894351477e-01,-3.738014728909038187e-01,1.176878651969057443e-01,-1.445199676166436520e-03,1.197923212249809438e-02,2.108444772200072340e-04,2.739082416807314246e-03,2.012242227743903447e-02,2.906507915588699142e-02,1.957895757381180636e-03,2.708099119932741439e-02,6.743814151717402415e-04,5.670969960752060036e-03,2.205392656443140240e-02,7.411947138204679798e-03,1.284333390190569874e-03,1.040733235071352770e-02,3.176043557168786724e-03,-1.081943643153807783e-02,-1.229921772990305584e-03,2.562964909406879876e-02,5.461787174861765237e-02,4.892841618875348741e-02,-1.477249746066618130e-03,0.000000000000000000e+00,-3.629909280150727113e-01,-5.602089409277555276e-02,2.341771075748373399e-01,2.802664424826656342e-01,-2.467462287685210920e-01,-4.041191037511150386e-01,-4.994492518461221553e-01,-2.399689997085252546e-02,4.244751225222190838e-01,1.520151067320087979e-01,-1.893812427965379241e-01,1.524066620024952246e-01,1.431536144736678950e-01,7.482889713849470367e-03,1.323157487394018960e-04,1.152862217421448624e-03,6.976973478009594609e-03,7.480867938596848232e-04,-8.638481088928942273e-04,-2.787227087538356879e-02,-3.475049624321829844e-02,6.801473840198739296e-04,2.051723642593916014e-02,7.946826983372002468e-04,6.693591937070474856e-04,-6.326480512792170482e-03
2.949183303085299579e-02,1.680839296264985058e-02,3.017525183167205860e+00,9.503601476064892084e-02,1.589130445187379170e-01,2.004377707884986148e-01,1.195338747616278910e-02,5.626134301270417637e-02,-2.323458414897094571e+01,1.943404455779287110e+00,-1.031352379439467448e+00,6.497154135112950257e-01,1.573187438424630546e-01,-3.172277660494443596e-01,-6.175924220219855543e-03,-1.342179721231553102e-01,-1.044689522558346129e+00,3.205492202385381018e-01,-3.078659664001888174e-01,1.616862083236124126e-01,-1.088514807156814590e-01,1.758068017850472620e-02,8.513947298957688257e-04,3.685414626566333590e-02,6.072504936207730533e-03,4.131856701864603659e-02,2.497175666613358352e-02,6.300907999196405859e-03,5.828884062093027223e-03,2.144254982820391429e-03,1.517825678486963911e-02,8.218754843964467746e-03,9.626341586967842017e-04,1.325609264661068397e-02,-2.132486388384755016e-02,-1.866952461560466778e-02,-2.776572586187429081e-01,1.113926237322343527e-03,1.947055830111993346e-02,1.846879311581026140e-02,2.068879452625412008e-04,-6.352087114337559570e-03,-4.367733420983128667e-01,6.078667291324573174e-01,-5.488721050711120597e-02,-1.898807839439674572e-01,1.499786111326942284e-02,3.173478546526129485e-01,1.111446946547815229e-01,7.014814372159988709e-01,-5.287019430355592853e-01,-4.664527414508970460e-01,6.593550649071500125e-02,4.399834312670666825e-02,-1.074062810395150225e-01,5.601448056006631815e-03,6.405502526757615375e-04,3.411506384885602122e-02,-1.404991734123130394e-02,1.225348786275904517e-02,2.301386090875240376e-02,-2.078008320013100679e-02,5.154502646921287415e-03,-3.526714977931668608e-03,-6.875669779561763284e-03,8.068077057597879478e-04,-3.216992314937856725e-04,2.848760295897156264e-03
2.767695099818511667e-02,2.648813858891053627e-03,3.013283650209590103e+00,7.725389790441319904e-02,1.409924668320214902e-01,8.454910362695285120e-02,1.061496067886365767e-02,3.357531760435571860e-02,-2.622071797998345843e+01,2.509142258398056491e+00,3.323057935443104842e-03,8.099137557726492354e-01,3.644373093025020660e-01,4.344964736728682553e-01,2.177839322525777221e-01,-6.072676864584773959e-01,-5.521123015811784107e-01,7.546158312555777126e-02,4.876373961347070518e-02,1.535559926391345531e-01,3.755527041640061708e-02,8.165656622178610324e-02,9.080387426633381711e-04,2.953491592501925403e-02,2.425254149615708316e-02,6.741936573739119865e-02,1.115137692572856776e-02,2.186797963342663326e-02,2.723763451556051804e-03,2.406351533761784487e-03,1.132621199756497082e-02,1.301291023802290600e-02,9.748355191957147007e-04,2.522832710937237752e-02,-1.814882032667879119e-03,-1.415957910375879696e-02,-4.241532957615756771e-03,-1.778211685623572180e-02,-1.792057768671642681e-02,-1.158886671615457636e-01,-1.338426797299131429e-03,-2.268602540834845777e-02,-2.986133831012512729e+00,5.657378026187693809e-01,1.034675437374910523e+00,1.601983422613542096e-01,2.071185654600390114e-01,7.517242397223126149e-01,2.239598564727975916e-01,-4.730497143353220579e-01,4.925772209771677179e-01,-2.450876371129803166e-01,3.566297060136595087e-01,-8.130215684477859472e-03,1.464067511320820691e-01,6.407588604328137705e-02,5.664401276756934542e-05,-7.319230340644081872e-03,1.818003655994935436e-02,2.610079871874516205e-02,-1.382037974040501577e-02,1.556707163423022740e-02,-3.105120610536975419e-03,2.620965509413930583e-04,-3.852044787304668289e-03,4.794155394058438255e-03,1.220136049893049898e-05,1.197223446276169355e-02
3.085299455535390339e-02,3.667350255671109603e-04,2.911719208443387163e+00,8.634027377855564567e-02,1.220882994101292335e-01,1.867792628747887151e-01,8.251804232857956611e-03,3.448275862068965469e-02,-2.857585222180552975e+01,1.942297670745812166e+00,-2.432637465497672624e-01,1.848064061408452030e-01,1.674515706918157376e-01,3.278793983737418594e-01,-4.041517249649857479e-01,-7.161863443780769334e-01,-7.373439499937496366e-01,-1.897964571700301861e-01,4.929779318034187285e-02,9.316657228379449096e-02,1.307665046240298334e-01,9.425579103740181278e-03,1.650176866201962748e-03,1.227298241794405956e-02,4.185509643501321431e-02,1.176130204459177181e-01,1.401903329491934261e-02,2.593949507565242174e-02,1.167041941506677481e-03,2.044776769468428096e-02,1.252769528982348481e-02,1.961047163358031753e-02,6.147261924834607118e-04,3.062804687223367670e-02,3.176043557168786724e-03,-2.282078833323942721e-03,-1.015644417662029397e-01,9.086375874142446629e-03,-1.890416742189225674e-02,1.022301592478358639e-01,-2.363156446005701058e-03,9.074410163339360902e-04,-2.355134241822071317e+00,-5.668445876522443250e-01,-2.465868044852103647e-01,-6.251073496318040323e-01,-1.969857386106863284e-01,-1.066170752991263959e-01,-6.219356572175634978e-01,-1.089186579195995375e-01,-1.852316484125712259e-01,-2.652580402955879713e-01,5.340535668711676731e-04,-6.038942035534006214e-02,9.321123420762922329e-02,-7.223098711804591676e-02,7.421381235386245766e-04,-1.726193350707519447e-02,1.760255493885613115e-02,5.019365470852651945e-02,2.867656369190774851e-03,4.071515442225788484e-03,-1.556721510049374323e-03,1.804141616092249517e-02,1.201483292258513982e-03,6.597561395557411529e-03,-3.601093267122539889e-04,5.399719762861299177e-03
5.807622504537204855e-02,4.126098037520389166e-05,3.255136145330265407e+00,1.290499022155725817e-01,1.511642456762344044e-01,4.938948881863534646e-01,7.529113975653913167e-03,6.805807622504536636e-02,-3.116759731560384239e+01,1.709549780713010225e+00,1.983772766788082786e-01,3.215415140464237820e-01,2.748800191598872456e-01,-1.324209143243267328e-01,-2.027287620595838447e-01,-3.413623763919875209e-01,-2.684217301897176555e-01,4.812211404082129551e-01,2.050892206764459991e-01,1.287550953290963751e-01,5.493999451712597293e-03,2.424277724747614209e-03,3.481525386776100151e-04,5.298835398522568074e-02,1.389767722906707671e-02,4.400869323224701479e-02,2.776087181651494193e-03,2.488937521937154354e-02,3.877316686909499342e-03,1.162293778992661182e-02,1.209044289319282338e-02,4.710221023183119166e-02,4.466681518074006561e-03,1.838100379770853804e-02,2.722323049001814516e-02,-3.254740451919070415e-04,3.434169368868782435e-01,4.270962843701693601e-02,2.907594626610517097e-02,3.071156253115647772e-01,-7.226902572040434444e-04,3.357531760435571166e-02,-2.591745093798312638e+00,-2.327478900328019407e-01,4.416410232285755688e-01,1.367351079055785790e-01,1.074284484680715079e-01,-4.603003126980685922e-01,2.014229629054019033e-01,3.748239679860894125e-01,4.689222198040319811e-01,6.710175975782430857e-01,1.557914274961041401e-01,3.558852304530188415e-02,-1.252725051723172500e-01,-7.001301378992567069e-03,-1.302024327524352841e-03,4.071537156728162465e-02,-2.795741920594613933e-02,-7.360432721367070330e-02,-1.124294611326784842e-02,-1.050119856280878200e-03,2.710274745402821862e-03,-8.824829904757669138e-03,-4.372523966306614274e-04,2.749173859825087413e-02,3.851955325590545633e-03,-1.224704307452513866e-02
7.214156079854809611e-02,2.863770404414849177e-05,3.260487587509299789e+00,1.347682236980005388e-01,1.555339413519678249e-01,6.728720495867255291e-01,4.286608179026379570e-03,1.125226860254083527e-01,-3.116349061134357257e+01,1.214226394063061765e+00,-2.001558196876953855e-01,-1.166668061835813425e-02,3.028110357752701320e-01,1.430182285178061563e-01,-3.155872881501107230e-01,-1.407542351849301321e-01,-1.076974916624903744e-01,1.516477705170284351e-01,3.393832169702756252e-01,1.448242740485696511e-01,5.038514076532260577e-02,4.752177592418367624e-03,1.845012911448820755e-03,2.878940669487707951e-02,4.675419114813453986e-03,9.943529991955902397e-03,4.916588668250444077e-03,4.955909975412089996e-02,1.481896654476227027e-03,5.783217322742290056e-02,6.543755650279902900e-03,2.306962041697888446e-02,1.926089539015110944e-03,1.871203400500962358e-02,1.406533575317604756e-02,-1.262327633105539990e-05,5.351442179034382463e-03,5.718321482427957125e-03,4.369695675733420437e-03,1.789771614003720646e-01,-3.242505796627533597e-03,4.446460980036298638e-02,4.106704260269822271e-03,-4.953233866499484606e-01,-3.985330963665036919e-01,-3.332081946647819093e-01,2.793101661538288649e-02,2.754391428421328891e-01,-1.128585260905268783e-01,2.006081412070573888e-01,1.607242385272272811e-01,-3.295733698911845200e-01,1.342939962938296261e-01,1.606917871947327603e-02,4.489114131361000848e-02,2.327899867670753416e-03,1.496860372771210632e-03,-2.419894729034860123e-02,-9.222258114253622727e-03,-3.406516324029111586e-02,2.140501486598949885e-03,2.466972453474935642e-02,-2.395420032433272315e-03,4.620923543749629048e-02,-5.546687242912920479e-03,-2.403258981485230719e-02,-2.540591979058895618e-03,3.310302073010855384e-04
8.938294010889291652e-02,4.199762357791414285e-05,3.161737656997017254e+00,1.481334956800528513e-01,1.625781705155763257e-01,9.460795318940694587e-01,3.383937394029690442e-03,1.297640653357531870e-01,-3.051866286802180284e+01,1.295293139690815165e+00,-3.673133726524124842e-02,-3.148975779150371412e-01,3.501309586078760888e-02,1.124321433248163526e-01,8.427036779176709513e-02,8.710140795557992643e-02,-3.344670879798666840e-01,3.761409951319962808e-01,2.912027298504742401e-01,-7.618317537212229706e-02,2.224938191864143239e-02,4.115270526806961635e-03,3.724924064389613116e-03,1.416493000368659536e-02,4.542619621459503126e-03,3.402188448884661820e-02,3.021552220013925746e-02,3.946581106890394847e-02,4.867497031092787342e-03,1.770984353461578769e-03,7.399418662913661085e-03,2.604066524463458099e-02,1.370035671361773122e-02,1.292689146472403815e-02,1.724137931034482041e-02,1.335991953376565108e-05,-9.874993051228253549e-02,1.336527198205231248e-02,7.044229163608500821e-03,2.732074823073439296e-01,-9.026707849966891274e-04,1.724137931034483429e-02,6.448277433217697308e-01,8.106674562775340043e-02,1.634244824224541370e-01,-3.032308972966790139e-01,-2.677979399144825301e-01,-3.058608519298980366e-02,3.998576559418778320e-01,2.278556431405100446e-01,-2.267695963173763096e-01,2.244932246149678456e-01,-4.818048711980138510e-02,-2.210074494206919482e-01,-2.813575884668117338e-02,-6.369070656114059897e-04,1.879911152940792361e-03,-1.462447669119048416e-02,-1.327994933539508593e-04,2.407835449689071580e-02,2.529893353188881339e-02,-1.009328868521695149e-02,3.385600376616560315e-03,-5.606118887396132483e-02,8.556630126337581854e-04,2.971044827655696524e-03,1.177426717460262028e-02,-5.785142540285585430e-03
1.705989110707804013e-01,1.121930196417965375e-03,2.391790854617940720e+00,2.442803960626188653e-01,1.362229168302038218e-01,2.032503848719208861e+00,4.668961403630254338e-03,3.257713248638838266e-01,-2.848060175463211863e+01,2.039618702476964085e-01,3.857121096662669002e-01,-5.017978059182808676e-02,2.147595598703061492e-01,-4.901980682053530547e-01,7.780155829455810412e-01,4.855537497751765130e-01,-8.411510798125623745e-02,2.209696817315976169e-01,-4.228037605446258174e-01,-2.142984013799658083e-01,-2.538988652661804402e-01,4.347588479057429463e-03,1.554391544896474749e-02,3.468543046537214333e-03,7.903266266310373647e-04,2.665202255753002306e-03,1.169068181222663715e-03,3.009251178864518362e-03,7.352670143774164184e-04,1.609298793278769605e-03,2.602336380634783907e-03,9.773880315424984724e-04,2.785169148910739741e-03,3.850842929107411820e-03,8.121597096188748477e-02,1.079932572840051246e-03,-7.699468023790765336e-01,9.614690038256601401e-02,-2.635525368537250390e-02,1.086424316825139513e+00,1.285024009600563896e-03,1.960072595281306396e-01,2.038061113389684209e+00,-1.091331269443118757e+00,4.224434469315081486e-01,2.647177973232090475e-01,1.797464640095185473e-01,-6.026302115301693796e-01,6.937452151538139322e-01,3.984523418195966005e-01,2.503519799986104744e-01,-1.551713134003986638e-01,-7.140064903951000019e-01,-1.381152260078435112e-01,-2.761482471848218934e-01,2.323179522504678282e-04,1.181899138457513480e-02,-1.069638695714938102e-02,-3.752292994828465653e-03,-3.135668223309361763e-02,-2.904645401891659331e-02,-3.645655989003943054e-02,-4.132230016715371032e-03,-1.616855601828091644e-04,-4.797082282278876744e-03,-2.506327721309208403e-02,-1.091518756470699104e-02,-9.076048535616627194e-03
8.983666061705988803e-02,2.671683512141782152e-02,1.994221470727645773e+00,7.600114988849501763e-02,9.895325482898549574e-02,9.819384029041451634e-02,1.464321269208071138e-02,6.170598911070780679e-02,-2.315310589224469240e+01,5.837203543757307767e-01,-2.034367520761255044e+00,6.694070770383400149e-01,1.458808973587005786e-01,-5.466704490794257465e-01,2.575264400272835874e-01,-4.988045076184932647e-01,-4.687319503529442377e-01,1.251475638595538065e-01,-2.044764407765752856e-01,-6.841214401579760740e-02,-1.715374607112091776e-01,8.008583839395205795e-03,1.093748112563989452e-03,2.492645837131402323e-03,2.265108218211231688e-03,4.538954226961992161e-03,8.592605523193210665e-03,1.158389496877560224e-02,1.261933420382466316e-02,6.207642937242315202e-03,2.679387096088248123e-03,6.374943817876076863e-03,1.959113513689644381e-03,3.704466686709065055e-03,-8.076225045372051325e-02,2.559490492499985614e-02,-3.975693838902949473e-01,-1.682792461741238477e-01,-3.726966200121832606e-02,-1.934310008428794303e+00,9.974251288450457914e-03,-2.640653357531760337e-01,5.327495862387426229e+00,3.797584841280343682e-01,-2.420079630427522055e+00,7.195868576301680530e-01,-6.887866251160557063e-02,-5.647238087407269180e-02,-5.204891429182973983e-01,-9.843582573936697777e-01,-3.846168423716880280e-01,-9.582211787204381048e-02,2.183273197680505318e-01,1.458862573641682148e-01,8.236140455497126256e-02,3.660995360337776332e-03,-1.445016733640075782e-02,-9.758972094058120106e-04,1.474781591580194215e-03,1.873751971208989855e-03,7.423537341970546516e-03,8.574643789911084307e-03,1.188406718944724598e-02,4.598344143963545815e-03,7.705071545346421635e-05,5.397555786333578173e-03,-8.260556352210953607e-04,-1.463762423983467655e-04
6.125226860254083527e-02,4.717780206055401104e-02,2.803808366680521136e+00,7.798128612528570924e-02,1.013529080356614931e-01,1.533447196250536382e-01,6.746968599948301865e-03,7.078039927404718157e-02,-2.151314160964837541e+01,5.450447568540695009e-01,-1.645880051891506213e+00,6.605775890763034841e-01,-4.268147095536333202e-01,-1.773306012012888511e-01,-5.201109328658589659e-01,-4.480870136208252585e-01,-3.569072079731497316e-01,-8.945321452599160061e-02,-2.511341350181928722e-01,-1.843823834853410837e-01,-8.519512215810529088e-02,2.239364100002698074e-02,1.208021637540669831e-02,6.275514148575507198e-03,5.744012657687633250e-03,8.413907061546301025e-03,5.279533994671440147e-03,1.179055881595001201e-02,2.550681154163106021e-02,6.949539952164512403e-03,3.037659717504677913e-03,1.911578109412526497e-03,6.275289249347832179e-03,7.034944284198429119e-03,-2.858439201451905276e-02,2.046096693913618952e-02,8.095868959528753628e-01,1.980136236790691617e-03,2.399653206675997352e-03,5.515087933463912184e-02,-7.896244092132409520e-03,9.074410163339374780e-03,1.639964282596316991e+00,-3.867559752166127574e-02,3.884874688697488310e-01,-8.829487962036530746e-03,-5.726956069123338988e-01,3.693398478781368954e-01,-7.776373728931424978e-01,5.071749399766800614e-02,1.118247423797945062e-01,-2.146007783855454210e-01,-4.665769424161758661e-02,-1.159702394695434763e-01,8.634233855310388672e-02,1.438505716063177495e-02,1.098646826284270864e-02,3.782868311444104875e-03,3.478904439476401562e-03,3.874952834584308864e-03,-3.313071528521770517e-03,2.066638471744097760e-04,1.288747733780639705e-02,7.418970149221972010e-04,3.582726214164297894e-04,-4.463365708463550366e-03,4.316175735658187365e-03,3.330477597489364065e-03
2.813067150635208818e-02,6.183862165526623697e-03,2.631388377921845212e+00,8.173979567062768237e-02,1.266953411833545706e-01,1.422740129030460043e-01,1.615450431159762626e-02,2.994555353901996383e-02,-2.509891767070497437e+01,1.903507475722602704e+00,1.690481913201518360e-01,-6.853340502244562038e-02,-2.724558552075332929e-01,1.222711844796050690e-01,-5.489918126235979745e-01,-6.830338578286088147e-01,-3.764655125414080872e-01,-3.013720733211313618e-01,-5.411109432492814397e-01,-1.810114444492762209e-01,1.606328419652209571e-01,7.419684636575665619e-03,3.436285874639932823e-03,1.308422637210284595e-02,5.246934068770160720e-02,1.444797086735205571e-01,5.084716888825204645e-02,7.059816474027291386e-03,1.158515047697520565e-03,7.792308629040255175e-03,2.157184236207929876e-03,4.156281747200544878e-03,1.542327814483426688e-03,4.010960578285066580e-02,-3.312159709618874709e-02,-4.099393989502738561e-02,-1.724199887586759239e-01,3.758509545341973124e-03,2.534243314769307753e-02,-1.107070672200763384e-02,9.407535711649324395e-03,-4.083484573502721426e-02,-3.585776061056598962e+00,1.358462718868533203e+00,1.814928243211658021e+00,-7.291109940987491322e-01,1.543588543461000273e-01,2.996017856808939062e-01,-2.888087975773900862e-02,-2.349468442077835562e-01,-1.955830456825835562e-02,-2.119188587951397751e-01,-2.899768082310885675e-01,3.370939036064862782e-03,2.458279641233262480e-01,-1.497395636345131426e-02,-8.643930500766765918e-03,6.808712223527338750e-03,4.672532803001397395e-02,1.360658016119742630e-01,4.556763489358060804e-02,-4.730742341922720626e-03,-2.434829649393353834e-02,8.427686768757427713e-04,-8.804754812967480367e-04,2.244703637788018381e-03,-4.732961434864405709e-03,3.307466149865223581e-02
1.034482758620689641e-01,4.359220480371954476e-03,2.554094596142325813e+00,1.472210193977617487e-01,1.228547657131624782e-01,1.149939776141911008e+00,1.751585528075028791e-02,1.479128856624319366e-01,-2.497062829642924697e+01,-3.847384398094301772e-01,-4.635929241469391449e-02,-2.072083961560024223e-01,-4.412020058300835101e-01,3.569439549611492235e-01,-1.436345059508594146e-01,2.652592033434794105e-01,-2.667182442231266215e-01,-9.220071534026909321e-02,3.814238579269786933e-01,-2.065292805879427873e-01,4.526617829776743984e-02,4.225958598476659001e-03,7.313796667013866895e-03,1.410406065117106138e-02,4.097296128376515419e-03,5.615901999131640669e-03,4.718789129423964744e-03,1.692993628914295700e-03,6.462185393895191268e-03,3.626047978146628662e-03,2.270548569114771206e-03,2.329018242706879308e-03,1.292737875899371012e-03,3.328885482051671760e-03,7.531760435571688284e-02,-1.824641685154669221e-03,-7.729378177951939932e-02,6.548122372713406636e-02,-3.840575470192092444e-03,1.007665763238865031e+00,1.361350969152661655e-03,1.179673321234119693e-01,1.282893742757273969e-01,-2.288245915532032715e+00,-2.154074837348457505e-01,-1.386749911335568020e-01,-1.687461506225502172e-01,2.346727704815441684e-01,4.053573066727385599e-01,9.482930611720882252e-01,1.097472683182814657e-01,2.091713579808622825e-01,9.225348011762601885e-01,-2.551783613866656641e-02,-1.153666636674535173e-01,-3.193726038099006619e-03,3.877510792373934072e-03,1.019834279068215430e-03,-4.837204455932508917e-02,-1.388638066743889121e-01,-4.612837975882808084e-02,-5.366822845112995469e-03,5.303670346197671137e-03,-4.166260650893626946e-03,1.133643329068413294e-04,-1.827263504493665570e-03,-2.495899385840556761e-04,-3.678072030079899274e-02
1.184210526315789408e-01,3.611660562928162028e-03,3.253528441556251316e+00,1.536244521230350768e-01,1.393153774743153828e-01,1.203057532528871487e+00,3.472939305391541456e-03,1.950998185117967243e-01,-2.475320594606440849e+01,-1.044877987694484422e-01,-2.029589153053016071e-01,5.566688304832585477e-01,-2.048726486489635401e-01,-1.061486130651469045e-01,1.002948866372729148e-01,3.020875495476793571e-02,8.541648527817341519e-02,-9.261747392621345887e-02,-2.408364170821421513e-01,1.724325085764902288e-02,1.556206042459101768e-01,7.046131934318103536e-03,6.409179420917407791e-03,7.369859986775854042e-03,3.163518451413331774e-03,9.709927420129299547e-03,4.754902719556164739e-03,4.364360046965508159e-03,5.552544665376784455e-03,5.825411123233073009e-03,1.769915305327870135e-03,2.704770024319463548e-03,3.468672442375136857e-03,2.169113216305663342e-03,1.497277676950997671e-02,-7.475599174437924481e-04,6.994338454139255035e-01,6.403432725273328074e-03,1.646061176115290459e-02,5.311775638696047963e-02,-1.404291597535874646e-02,4.718693284936478771e-02,2.174223503648384792e-01,2.802506410399817627e-01,-1.565996228906076926e-01,7.638772266392609422e-01,2.363293571811199700e-01,-4.630925680262961142e-01,2.439293925881323433e-01,-2.350504483887114748e-01,3.521347295013000367e-01,-4.167585859443656560e-04,-6.222602750091208446e-01,2.237725314455918102e-01,1.103544259481427370e-01,2.820173335841444535e-03,-9.046172460964591044e-04,-6.734200664395207335e-03,-9.337776769631836449e-04,4.094025420997658878e-03,3.611359013219999498e-05,2.671366418051212242e-03,-9.096407285184068131e-04,2.199363145086444347e-03,-5.006332637869010706e-04,3.757517816125842403e-04,2.175934566475765629e-03,-1.159772265746008418e-03
1.043557168784029071e-01,8.354667894462942598e-03,2.324127667778147277e+00,1.262841799597028414e-01,1.527895151319576816e-01,5.497202877615505745e-01,6.780927853202531157e-03,8.439201451905625762e-02,-2.437242028106512493e+01,1.249660698050016006e+00,-2.193391360382956345e-01,4.306060291988845767e-01,3.078782742105500292e-01,-3.070907592751035420e-01,-4.659161363759057872e-01,-9.827217943211403739e-01,-3.754460887195952834e-01,-3.326501215920515397e-01,-3.793276160708964895e-01,-4.969088987008949548e-02,6.097332202459746497e-01,3.903962071526520354e-03,7.400407327689918291e-04,7.937646853576698497e-03,2.301957230690780676e-02,9.422832631999139563e-02,3.668353869696724251e-02,1.334998644796658862e-02,2.365398994804569777e-03,4.111565662274550489e-03,4.163927827846164442e-03,1.229603466298861449e-02,1.564312917651721965e-02,2.495139511434087132e-02,-1.406533575317603368e-02,4.743007331534781004e-03,-9.294007737781040390e-01,-2.734027216333223542e-02,1.347413765764229887e-02,-6.533372447673209127e-01,3.307988547810989700e-03,-1.107078039927404667e-01,3.807856649992835685e-01,1.354148496819464365e+00,-1.638022073299402748e-02,-1.260628012843739709e-01,5.127509228595135138e-01,-2.009421462099566513e-01,-5.662110230131787159e-01,-1.012930549275908199e+00,-4.608625739977686986e-01,-2.400326476658380948e-01,-1.384911989887543382e-01,-6.693414072773851142e-02,4.541126160000644729e-01,-3.142169862791583182e-03,-5.669138688148415636e-03,5.677868668008444544e-04,1.985605385549447585e-02,8.451839889986209609e-02,3.192863597741107951e-02,8.985626401001079594e-03,-3.187145670572214678e-03,-1.713845460958522519e-03,2.394012522518294307e-03,9.591264638669150938e-03,1.217445673414208236e-02,2.278228189803520667e-02
3.947368421052631360e-02,4.387671150763945704e-02,3.239188817046150692e+00,1.102327414234754721e-01,1.494690673807172465e-01,2.376057229613977584e-01,5.172482989399131148e-03,7.894736842105262720e-02,-2.268673003471413097e+01,4.456963841905863810e-01,-3.602205797095480722e-01,6.184978800203954075e-01,-1.949336303848983321e-01,1.502713749352846406e-01,-7.238252078658613531e-01,-8.252825311334518466e-01,-5.530880261017365740e-01,-6.658106941915200583e-01,-5.491065005609434557e-01,-1.346926918020740493e-01,1.954294355049169818e-01,2.362842726347963527e-03,3.065382955479959326e-04,6.042689818313180632e-03,2.136591874169329122e-02,1.819610454831979418e-01,1.159487965145316289e-02,1.422454188921237241e-03,9.069010154975857413e-04,9.655104624566781396e-04,5.337070158166505249e-03,1.667051743629273386e-02,6.281421617331409222e-04,4.904361684932519866e-02,-6.488203266787659351e-02,3.552204361317651271e-02,9.150611492680034154e-01,-1.605143853622736927e-02,-3.320447751240435119e-03,-3.121145648001528161e-01,-1.608444863803400009e-03,-5.444646098003630419e-03,1.685690246350993959e+00,-8.039643138594296801e-01,-1.408814436712524376e-01,1.878918508215108307e-01,-5.028119045954483335e-01,4.573621342103881826e-01,-2.579090714899555659e-01,1.574392631876885273e-01,-1.776419373821412906e-01,-3.331605725994685185e-01,-1.697788844900469662e-01,-8.500180193198456080e-02,-4.143037847410576680e-01,-1.541119345178556827e-03,-4.335024372209958965e-04,-1.894957035263517865e-03,-1.653653565214515536e-03,8.773271916320654618e-02,-2.508865904551407788e-02,-1.192753225904535225e-02,-1.458497979306984035e-03,-3.146055199817872350e-03,1.173142330320340807e-03,4.374482773304119373e-03,-1.501498701478407895e-02,2.409222173498432734e-02
5.535390199637023334e-02,3.086576019430909909e-02,3.086875558064274827e+00,9.196062992653039614e-02,1.170883116921645206e-01,4.685491275997933913e-01,1.600171412541549765e-02,9.709618874773139063e-02,-2.248510568982859326e+01,1.166027911702524067e+00,5.064175557558165952e-01,-3.664184639542149013e-01,3.755923885659806505e-02,3.138526125043077375e-01,-7.792424226313672264e-01,2.385938110536570678e-01,-1.653098300783441277e-01,-2.925521635797130315e-01,-4.735369436804299781e-01,-7.381724284893061983e-01,-6.724772300319077356e-01,1.900992757185633597e-02,2.214102079336880205e-02,9.249369302305683604e-02,6.767522899826025617e-02,4.177440351382032992e-03,3.947953951262974347e-03,2.765934582819871632e-03,2.276799658461456561e-04,1.711159903666908955e-02,1.724285973010648929e-03,3.353147513133617093e-03,1.754568051071092203e-03,2.840345336762313197e-02,1.588021778584391974e-02,-1.301095131333035795e-02,-1.523132589818758653e-01,-1.827211149694507597e-02,-3.238075568855272590e-02,2.309434046383956329e-01,1.082923113601636650e-02,1.814882032667876344e-02,2.016243448855377096e-01,7.203315275119377414e-01,8.666381354653647229e-01,-9.849163439746102533e-01,2.324928692414963971e-01,1.635812375690230969e-01,-5.541721476550587333e-02,1.063876342187108914e+00,3.877781960233924741e-01,3.732585306118070267e-01,7.556955688051347764e-02,-6.034797366872322044e-01,-8.679066655368247174e-01,1.664708484550837114e-02,2.183448249782080769e-02,8.645100320474365108e-02,4.630931025656696842e-02,-1.777836051318159027e-01,-7.646925700190188545e-03,1.343480393898634391e-03,-6.792210496514401123e-04,1.614608857421240967e-02,-3.612784185155856320e-03,-1.331736992315911763e-02,1.126425889337951281e-03,-2.064016348170206669e-02
2.268602540834845777e-02,4.833925944070487091e-02,3.143957046384308285e+00,8.001322229553085863e-02,1.247451944015066372e-01,1.381211576728018919e-01,1.932670249668323043e-02,1.996370235934664256e-02,-2.307540826842054571e+01,1.763618890608629197e+00,3.968168332864878689e-01,-3.183319084264374377e-01,-1.016404119731122435e+00,-4.315452498225600397e-01,-9.171143149078033741e-01,-1.190457864529196330e-01,2.760676555075072813e-01,-2.096375234828667389e-01,-2.618573655731261662e-01,-5.195481701131099417e-01,-6.117584323738894936e-01,8.496803297229063578e-02,5.260859499816478678e-03,2.202536131504475442e-02,3.675404281512159241e-03,4.859232555966654446e-03,1.066875787168107504e-03,9.125492043631365686e-04,1.001279196336372175e-03,9.867153198691799593e-04,1.162370403438156563e-02,4.424974570459279388e-02,7.678486192997567572e-02,2.921277674899645099e-02,-3.266787658802177557e-02,1.747349924639577182e-02,5.708148832003345774e-02,-1.194740763099953751e-02,7.656882709342116566e-03,-3.304279699269915271e-01,3.324988371267732779e-03,-7.713248638838474114e-02,-5.903025785919524537e-01,5.975909789061051303e-01,-1.096007224693287263e-01,4.808655552777746367e-02,-1.053963358587720389e+00,-7.453978623268677772e-01,-1.378718922764361476e-01,-3.576395975065767008e-01,4.413774855858514368e-01,8.291464009684629266e-02,2.116795781073038119e-01,2.186242583761962566e-01,6.071879765801824202e-02,6.595810540043429981e-02,-1.688016129355232250e-02,-7.046833170801208857e-02,-6.399982471674810214e-02,6.817922045846214543e-04,-2.881078164094866625e-03,-1.853385378456735063e-03,7.735992304902265457e-04,-1.612488371679991067e-02,9.899418061370917135e-03,4.089659819145917419e-02,7.503029387890458590e-02,8.093233813733190229e-04
3.493647912885662621e-02,2.602598822985953061e-02,2.717205636542830760e+00,9.039191752171331362e-02,1.422949379642491075e-01,1.841549673094972361e-01,1.435354367900859573e-02,7.803992740471869805e-02,-2.248945702276106928e+01,1.552184053925650620e+00,-2.772038126106948219e-01,-8.220490089355422803e-02,-1.217106461632044390e+00,-2.996861664502610267e-01,-3.167518884584560324e-01,-3.479872165589682764e-03,1.697329103965867225e-01,-4.895317817115513864e-02,-1.571734826778736216e-01,3.363666177632729237e-01,-3.795955660572953860e-01,9.513637603076283492e-03,6.567104994058889714e-03,3.991141743966631489e-03,8.013742970297310295e-03,6.746470407356909560e-03,2.207467745264515314e-03,6.258335791420858822e-03,1.026191030222735421e-03,4.517683259474943903e-03,6.462513179135030705e-02,4.316739816514381101e-02,1.608202252721243480e-02,1.856824141808028836e-02,1.225045372050816844e-02,-2.231327121084534029e-02,-4.267514098414775248e-01,1.037869522618245499e-02,1.754974356274247027e-02,4.603380963669534420e-02,-4.973158817674634691e-03,5.807622504537205549e-02,5.859512456594764274e-01,-2.114348366829785775e-01,-6.740206458971826908e-01,2.361270075328832097e-01,-2.007023419009219545e-01,1.318590833722990130e-01,6.003624264493473417e-01,1.155659142873299572e-01,-1.063347451109205588e-01,1.606843453117116072e-01,1.046838828952525446e-01,8.559147878763828654e-01,2.321628663165941076e-01,-7.545439536921434709e-02,1.306245494242411036e-03,-1.803421957107812293e-02,4.338338688785151054e-03,1.887237851390255114e-03,1.140591958096407810e-03,5.345786587057721820e-03,2.491183388636324623e-05,3.530967939605764161e-03,5.300142775696874142e-02,-1.082347539448982876e-03,-6.070283940276324092e-02,-1.064453533091616264e-02
3.584392014519056230e-02,7.237030363648194221e-03,3.146960669989217418e+00,1.442815146122346237e-01,1.993164701718803389e-01,1.642189648637569499e-01,1.589382158744890097e-02,1.996370235934664256e-02,-2.539231404259006908e+01,2.521750764037163250e+00,1.741733719516480594e-01,4.001747704442208953e-01,-8.397766486187621116e-01,-4.429968794146125766e-01,-5.036939299768572464e-01,-2.000387304977215841e-01,5.134635746303910231e-02,1.782731082090409369e-01,-4.671493092343078635e-01,-2.649699615790701568e-01,-1.462178771202665706e-01,1.867495492259360623e-02,1.513654627135656988e-02,1.228193080247430916e-02,4.423375366798603867e-03,6.511040761732962701e-02,1.403757362026084032e-01,1.665245584991510361e-02,6.969341216282113737e-04,1.830037063502453366e-03,2.440480200256922669e-03,8.104799403330616506e-03,3.575761100943176344e-03,3.881994406068445258e-02,9.074410163339360902e-04,-1.878895786621133726e-02,4.297550334463866584e-01,5.388959709052131009e-02,5.702153220763123143e-02,-1.993600244574028624e-02,1.540277908440305238e-03,-5.807622504537205549e-02,-2.902857019828999796e+00,9.695667101115126307e-01,4.513771845623428813e-01,4.823796713377751511e-01,3.773298130132822781e-01,-1.433107129643515498e-01,-1.869420415184012141e-01,-1.965588583321319083e-01,-1.183865529335476202e-01,2.272262863801960686e-01,-3.099758265564342419e-01,-6.013365793423430805e-01,2.333776889370288155e-01,9.161317319517322741e-03,8.569441277297680168e-03,8.290789058507677667e-03,-3.590367603498706428e-03,5.836393720997271745e-02,1.381682684573438957e-01,1.039412005849424392e-02,-3.292569085945240472e-04,-2.687646195972490538e-03,-6.218465159109338308e-02,-3.506259876181319624e-02,-1.250626142626925889e-02,2.025170264260416422e-02
1.701451905626134298e-01,1.986312981997627371e-03,3.290461699049842537e+00,2.206111078958254978e-01,1.752989324306291619e-01,1.766308093200402718e+00,1.044234401003808939e-02,3.248638838475498836e-01,-2.607271508386552838e+01,1.345770707564928115e+00,7.458273320501015435e-01,1.949689547792262112e-01,-1.590557414099538214e-01,7.837051403284023277e-02,-2.762721373685828041e-02,-5.109126272521292700e-01,8.540182643957504316e-02,1.252068046751891317e-01,2.168110865320415359e-01,1.789407053344470311e-01,4.410934634031252188e-02,8.224422884816709814e-03,1.948451307628124712e-03,2.389328395383843312e-03,6.426409195248723553e-03,4.386432443792107061e-02,2.868729790145722880e-02,1.870139349818488589e-02,7.602471788311994426e-04,4.209961213222705896e-03,8.776802413033366404e-03,9.836140956763300691e-03,3.432362909457579991e-03,1.241347350106506049e-02,1.343012704174228744e-01,-5.250717381650567284e-03,1.435010290606251182e-01,7.632959328359087414e-02,-2.401753774125117702e-02,1.602089128336645851e+00,-5.451477577410811584e-03,3.049001814882032479e-01,-6.804010412754593062e-01,-1.175980056472235136e+00,5.716539600984534841e-01,-2.052058156649946841e-01,6.807209072088082902e-01,5.213673934474527538e-01,4.760667162399989660e-01,-3.108738967544076859e-01,3.405546897653594085e-02,-5.306630353385180521e-02,6.839603957663493716e-01,4.439106669135172156e-01,1.903272234605790925e-01,-1.045053203777689642e-02,-1.318809496372844517e-02,-9.892602407090465844e-03,2.003033828450119687e-03,-2.124608317940855640e-02,-1.116884383011511744e-01,2.048937648269782280e-03,6.331305720298806890e-05,2.379924149720252530e-03,6.336322212776444168e-03,1.731341553432684185e-03,-1.433981914855963526e-04,-2.640647055961939382e-02
1.238656987295825712e-01,8.279417775363139866e-04,3.161699354685714614e+00,1.853683535897877321e-01,1.676344029313643069e-01,1.479436056653787190e+00,1.760531936480645059e-03,2.558983666061706019e-01,-2.663599696070642153e+01,8.169612095071481228e-01,9.402170983911567470e-02,2.756121772747759796e-02,9.226155226754312322e-02,4.387198961069316283e-01,3.304087167017593085e-01,-1.357381321675990293e-01,-1.308147727549481554e-01,-1.632175785641383492e-01,-3.319456718548801505e-02,1.278824785245154527e-01,-8.582654993085586659e-02,6.684087896475936902e-03,7.693757699699461418e-03,1.513143538156305930e-02,8.130497096228627915e-03,4.495946391400480746e-02,1.209923281061429240e-02,1.157407507804561302e-02,8.639266821919013364e-03,5.979403495078980738e-03,4.933509952702067394e-03,3.692824301692572333e-03,9.055885182272878711e-03,1.053090496895055760e-02,-4.627949183303085856e-02,-1.158371204461313385e-03,-1.287623443641279231e-01,-3.524275430603776571e-02,-7.664529499264854939e-03,-2.868720365466155275e-01,-8.681812073557443679e-03,-6.896551724137928163e-02,-5.632818768408931476e-01,-5.288094980577799920e-01,-6.518056222109858133e-01,-1.674077370517486063e-01,2.513172936774969446e-01,3.603493820740913955e-01,3.580359304386175889e-01,3.751744950845302684e-01,-2.162165991945231847e-01,-2.884243832393275087e-01,-2.500056537175295301e-01,-5.105822680993157836e-02,-1.299358962711683885e-01,-1.540334988340772912e-03,5.745306392071336705e-03,1.274210698617921599e-02,1.704087900979904362e-03,1.095139476083736851e-03,-1.658806509084293640e-02,-7.127318420139272873e-03,7.879019643087813163e-03,1.769442281856274841e-03,-3.843292460331299010e-03,-6.143316655070727925e-03,5.623522272815298720e-03,-1.882568532114502896e-03
6.261343012704173594e-02,2.433638997404194242e-04,3.044618651203089499e+00,1.260231784844864922e-01,1.437841433126610391e-01,5.747772422535220027e-01,2.671713971941844755e-03,9.346642468239564627e-02,-2.829827258084219466e+01,1.286087981091189159e+00,4.802646814186867230e-02,2.818693319800354979e-01,-3.308883624916892918e-01,-2.161537691143029793e-03,3.216128059417507901e-01,-1.838937014442357520e-01,-6.686054213162172244e-02,2.553693198461021163e-01,1.688726452482192109e-01,2.616023156248687975e-01,-2.737805917475912842e-01,1.111762459878674718e-02,5.000867487362643284e-03,1.260043878657013741e-02,9.687677509087649214e-03,8.032796423216254089e-02,1.166914455769701726e-03,1.722297581626909546e-02,6.412931434618174102e-03,2.733259134656753232e-03,6.122076186002604545e-03,2.354289912286321867e-02,7.523338229432746313e-03,2.050200337788618543e-02,-6.125226860254083527e-02,-5.845778777958945353e-04,-1.170807034826251147e-01,-5.934517510530123996e-02,-2.385025961870326783e-02,-9.046588144002651877e-01,9.111820354611996960e-04,-1.624319419237749695e-01,-1.662275620135773124e+00,4.691267715840410357e-01,-4.599524169724700240e-02,2.543081142525578930e-01,-4.231499147592324150e-01,-4.408814337980746512e-01,-8.795910760008518459e-03,-4.815556927663672271e-02,6.395423062332643294e-02,4.185868984102404378e-01,2.020672124337072328e-01,1.337198371003533448e-01,-1.879540418167354177e-01,4.433536702310810276e-03,-2.692890212336818134e-03,-2.530996594992921886e-03,1.557180412859021298e-03,3.536850031815773343e-02,-1.093231835484459111e-02,5.648900738223482446e-03,-2.226335387300839262e-03,-3.246144360422227506e-03,1.188566233300537150e-03,1.985007482117064764e-02,-1.532546952840132398e-03,9.971098408935627835e-03
6.533575317604355115e-02,6.393535044608126975e-05,3.192830003690941609e+00,1.325474337604036212e-01,1.578449877219017250e-01,6.230078481405634250e-01,2.409033100197032623e-03,1.043557168784029071e-01,-3.000429853061835672e+01,1.484127226056054738e+00,-1.881132721832836502e-02,3.392208111976238727e-01,-1.254350687323918523e-01,-1.076772493897536070e-01,3.375980892883689855e-01,-1.142603010928430335e-01,-2.359197240351306735e-01,4.085155218148164846e-01,1.270607114090883116e-01,2.831719976894773172e-01,9.736780172950751377e-02,6.829501958189087077e-03,2.747930801951489581e-03,1.635664736234464234e-02,5.790490999494146869e-03,3.298627563461535572e-02,1.714678920689257507e-02,7.493305571600041015e-02,5.600210458546149399e-03,3.614092468947957461e-03,1.335518967655416160e-02,2.244602492498519453e-02,1.013704161057919079e-02,1.923185901775151252e-02,2.722323049001815209e-03,-1.794285492943381544e-04,1.482113524878521105e-01,6.524255275917129060e-03,1.406084440924068590e-02,4.823060588704142226e-02,-2.626808717448121319e-04,1.088929219600726084e-02,-1.706025949776162065e+00,1.980392449648655795e-01,-6.683779536019704426e-02,5.735147921758837475e-02,2.054532937592974395e-01,-1.055157116986105703e-01,1.598528334661819539e-02,6.963340035139271855e-02,-1.690591819035089372e-01,1.531462019687143683e-01,-4.181193383913089923e-02,2.156968206460851967e-02,3.711483934770988258e-01,-4.288122640597660101e-03,-2.252936685411153703e-03,3.756208575774504926e-03,-3.897186509593502345e-03,-4.734168859754718517e-02,1.597987475112287378e-02,5.771007989973131469e-02,-8.127209760720247034e-04,8.808333342912042299e-04,7.233113490551557057e-03,-1.096874197878024149e-03,2.613703381146444474e-03,-1.270144360134672912e-03
1.715063520871143443e-01,1.272014966108729660e-04,3.094744468969020001e+00,2.331881635120964524e-01,1.793074910973513070e-01,2.029408667449894121e+00,3.508470504953037361e-03,3.584392014519056091e-01,-2.943602781356239362e+01,6.318160299158872562e-01,-2.795855568703131677e-01,-1.438483841431634769e-01,-2.807952014697065457e-03,1.670032320508866297e-01,-1.532530547334006732e-01,-2.213201834297218451e-01,2.655533939109688130e-02,-5.954312813510645452e-02,8.802901121933830175e-02,-2.391426477142587215e-02,-1.537672506024323205e-01,1.264897427006039278e-02,2.538399667907838622e-03,7.730548561941327085e-03,2.017794253759900517e-03,1.002932741732347026e-02,6.932246363037759991e-03,4.176285372864364451e-03,2.087784658216739440e-03,4.227808306833650068e-03,1.197211809423804653e-02,1.372877298472818808e-02,7.971317748802648692e-03,4.048973582039943134e-03,1.061705989110707932e-01,6.326614616479169623e-05,-9.808553472192160783e-02,1.006407297516928312e-01,2.146250337544958198e-02,1.406400819309330696e+00,1.099437404756004738e-03,2.540834845735027159e-01,5.682707170559631038e-01,-8.523111961401674819e-01,-2.607742296519848235e-01,-4.830691953407873496e-01,1.226271167176947868e-01,2.746804814406402229e-01,-4.908511440217696586e-01,-1.070598823368788116e-01,2.624750634262275617e-01,-4.680586499499229669e-01,-3.903170018975000988e-02,-3.070862624609032032e-01,-2.511350523319398342e-01,5.819472311871305703e-03,-2.095311340436509587e-04,-8.626098800403315253e-03,-3.772696745734246352e-03,-2.295694821729188373e-02,-1.021454284385481595e-02,-7.075677034313604397e-02,-3.512425800329409958e-03,6.137158378856926062e-04,-1.383071582316115072e-03,-8.717251940257006448e-03,-2.165723861776542095e-03,-1.518288543571156939e-02
3.166969147005444518e-01,2.736030540537461551e-03,2.996483285692107312e+00,3.009603840929032659e-01,1.352709190181830279e-01,1.961913934233586065e+00,1.950918136538187493e-03,4.047186932849364815e-01,-2.953975999371823136e+01,-8.436976664715568619e-01,1.225434011331796746e+00,-4.027723508397021979e-01,-4.780657065135685002e-01,3.537066842244509512e-01,-4.130540675967191433e-01,-3.008393228243393391e-01,-1.770848877591225112e-01,-4.989630952845411360e-02,8.137685102633018808e-03,-2.650746294433143357e-01,-7.311822509511760604e-01,1.481401067796597141e-03,1.839868176834375034e-04,3.435296490602317461e-04,9.488134892198860212e-04,3.359211940771947833e-04,2.441886493300965497e-03,1.856050375328315884e-03,5.714486518414585306e-04,4.043185536578825347e-04,1.371146885268094895e-03,1.512627710230737832e-03,1.294470702605281069e-03,6.808985151076877174e-04,1.451905626134301075e-01,2.608829043926588504e-03,-9.826118327691268917e-02,6.777222058080681344e-02,-4.403657207916827909e-02,-6.749473321630805600e-02,-1.557552368414849868e-03,4.627949183303087244e-02,-1.037321801558377388e-01,-1.475513696387444007e+00,1.505019568202109914e+00,-2.589239666965387210e-01,-4.752577544988714209e-01,1.867034521735643215e-01,-2.598010128633184701e-01,-7.951913939461749403e-02,-2.036402271502193995e-01,9.646818606652340922e-03,-7.989132611670528294e-02,-2.411603646718884497e-01,-5.774150003487437122e-01,-1.116757320226379607e-02,-2.354412850224401037e-03,-7.387018912881095772e-03,-1.068980764540014387e-03,-9.693406223246275530e-03,-4.490359869736794060e-03,-2.320234997536048567e-03,-1.516336006375281018e-03,-3.823489753175767641e-03,-1.060097120896995142e-02,-1.221614527449745025e-02,-6.676847046197367623e-03,-3.368075066932255633e-03
2.264065335753175923e-01,4.709432286542076899e-03,3.240598965214031235e+00,2.464490469055118371e-01,1.588722303590957008e-01,2.235134093531018884e+00,1.509130383193135229e-03,3.729582577132486421e-01,-2.549037506515751517e+01,5.130143954851942301e-01,1.070308975857706901e+00,7.500405222630095181e-02,-5.661081168346911163e-03,4.590166350545131779e-01,-5.930528591850636744e-01,-5.683495515790011332e-01,2.535744628520604227e-01,2.164804611358816522e-01,5.585896870014422921e-02,6.329922327155082518e-03,-5.108719516895869894e-01,9.852182042822486135e-03,1.672926047874964336e-03,7.312123609202453474e-03,4.197690490947995380e-03,4.341102393221977010e-03,2.377075968212046756e-03,4.311900167444857913e-03,2.041944802793536039e-03,2.589876394913902865e-03,5.095331160244203142e-03,6.584681121633974808e-03,3.350517942705111794e-03,2.325781280824950389e-03,-9.029038112522685955e-02,1.973401746004615348e-03,2.441156795219239228e-01,-5.451133718739142875e-02,2.360131134091267291e-02,2.732201592974328186e-01,-4.417877533450522646e-04,-3.176043557168783948e-02,4.049384928560716190e+00,1.356712061956751203e+00,-1.551250354740898452e-01,4.777764030660031636e-01,4.724046253452215960e-01,1.053099508300622267e-01,-1.799987915883445311e-01,-2.675102287546617941e-01,4.306593506111829339e-01,2.663767706643357380e-01,4.772128359751121041e-02,2.714045517704694044e-01,2.203102992615890710e-01,8.370780975025889428e-03,1.488939230191526752e-03,6.968593960142221294e-03,3.248877001728109250e-03,4.005181199144782281e-03,-6.481052508891874120e-05,2.455849792116542030e-03,1.470496150952077617e-03,2.185557841256020439e-03,3.724184274976108031e-03,5.072053411403236976e-03,2.056047240099830725e-03,1.644882765717262671e-03
5.127041742286751053e-02,5.142210875620224081e-02,3.279983567466231875e+00,9.830708410911609407e-02,1.189911328054510248e-01,2.050444489105339996e-01,1.349845928910968149e-02,5.535390199637023334e-02,-2.259875718337942985e+01,5.376523126604553227e-01,-1.498995344375859018e+00,4.745379473615035093e-01,5.569679220636447603e-01,-3.201075798252293603e-01,4.652437874323803735e-01,2.014778670871196775e-01,-2.601124522552659135e-01,2.575817155634793632e-01,-3.375151038007955795e-01,-1.593878758342555657e-01,-7.063964414668852942e-01,5.066293393308317350e-02,1.110244761428683807e-03,9.159888826644696849e-03,1.424547332368844002e-03,1.825184040458008566e-03,1.016861582152832517e-02,2.784140675163648566e-03,1.033863827734875099e-03,7.258932811190608667e-03,5.958927474121697996e-04,3.276184554735775238e-03,1.783370936031827836e-02,1.352403900009224898e-02,-1.751361161524500887e-01,4.671267646966016651e-02,3.938460225220064004e-02,-1.481419627963957431e-01,-3.988109755364467601e-02,-2.030089644620484801e+00,1.198932890591654712e-02,-3.176043557168783948e-01,2.891617881778085319e+00,2.463791717526109259e-02,-2.569304320233565697e+00,3.995338951352025436e-01,5.626290032319917200e-01,-7.791242148797425937e-01,1.058296646617443937e+00,7.698274186661208107e-01,-5.136869151073263362e-01,4.110125442759771097e-02,-3.933740725009398087e-01,-1.657177981614106343e-01,-1.955244897772983048e-01,4.081075189026069083e-02,-5.626812864462805291e-04,1.847765217442243375e-03,-2.773143158579151162e-03,-2.515918352763968444e-03,7.791539853316278852e-03,-1.527759492281209348e-03,-1.008080975058660940e-03,4.669056416276705368e-03,-4.499438412832033017e-03,-3.308496566898199570e-03,1.448319141761316570e-02,1.119825771926729815e-02
4.128856624319419272e-02,1.845538019876798858e-02,3.033563452238086100e+00,7.899670311054424188e-02,1.144464354207429396e-01,1.115749595693215079e-01,1.526726289192424646e-02,5.081669691470054595e-02,-2.359964685626468395e+01,2.572472812754392102e+00,-1.844281319722249401e+00,-1.887049744449517119e-01,4.691443856033512549e-01,-8.695012629398596316e-01,1.381458792661010293e-01,-2.281423896264917622e-02,-3.977618559804589338e-01,-7.450432716458227356e-02,-1.132149029939225338e-01,4.400014493966965534e-01,-3.181902862753815953e-01,1.746948644584396179e-02,1.850742345824882285e-02,4.758683335557857205e-03,4.220945858310491509e-03,5.336974366866981123e-02,5.389190022537101825e-03,4.133776833986935531e-03,1.989438571073391324e-03,7.530379926662853461e-03,2.127229644936084671e-02,1.796153701296482677e-02,2.599309728527506285e-03,1.388364280265642382e-02,-9.981851179673317809e-03,-3.296672855743425223e-02,-2.464201152281457752e-01,-1.931038099857185220e-02,-4.544697384708085153e-03,-9.346948934121249164e-02,1.768803602814564974e-03,-4.537205081669687390e-03,-1.000889672885254100e+00,2.034820500093936779e+00,-3.452859753463903836e-01,-6.632429218064552767e-01,-8.782353646029350536e-02,-5.493936831146302158e-01,-3.270979081662793719e-01,-2.242921060497688468e-01,-1.376494037251930203e-01,-3.320860427280616367e-01,2.243002008068730457e-01,5.993893252309521191e-01,3.882061551915036990e-01,-3.319344748723920824e-02,1.739717869682013904e-02,-4.401205491086839644e-03,2.796398525941647291e-03,5.154455962821180570e-02,-4.779425798991223349e-03,1.349636158823286965e-03,9.555747433385162245e-04,2.714471154722447946e-04,2.067640370194867572e-02,1.468535245822905067e-02,-1.523439963179077164e-02,3.596038025641748459e-04
4.128856624319419272e-02,7.388821840387044086e-03,3.082615110204413256e+00,1.074332907414476124e-01,1.445704427876039755e-01,1.965968074135689136e-01,9.218077057617226830e-03,5.081669691470054595e-02,-2.480607174748858057e+01,2.898718490292275352e+00,-1.260496076784256347e+00,1.647989566030894359e-01,-2.639982577117302651e-02,-1.200779240851858276e+00,3.237834527969682408e-02,2.813708182908885025e-01,-1.516582649391033655e-01,-1.577240747554805866e-01,-2.171125100760964433e-01,-5.838459927824332651e-02,-3.044295738581339617e-01,3.153264542040544460e-02,3.696469436490582711e-02,2.933835848522638526e-03,2.116657048796445964e-02,3.082517284411575090e-02,3.965540881429510667e-02,1.187282095356072785e-02,6.216742058580099033e-03,4.663910962717177089e-03,3.863348139472769227e-03,1.261398601479747812e-02,2.965796998437352904e-03,1.357934979420167762e-02,0.000000000000000000e+00,-1.106655835838094362e-02,4.905165796632715569e-02,2.843658763090337049e-02,3.012400736686103586e-02,8.502184784424740571e-02,-6.049185834307019630e-03,0.000000000000000000e+00,-1.206424891223896623e+00,3.262456775378832496e-01,5.837852429379930541e-01,3.535039310480411201e-01,-4.955442113745242572e-01,-3.312779779119986445e-01,-1.057675339864042052e-01,3.041850572535376718e-01,2.461035910413555683e-01,-8.321974759089831308e-02,-1.038976070821739095e-01,-4.983860486749398522e-01,1.376071241724763361e-02,1.406315897456148281e-02,1.845727090665700426e-02,-1.824847487035218679e-03,1.694562462965396726e-02,-2.254457082455406033e-02,3.426621879175800744e-02,7.739044119573792319e-03,4.227303487506707709e-03,-2.866468963945676372e-03,-1.740894830988807748e-02,-5.347550998167348649e-03,3.664872699098466191e-04,-3.042930084547462027e-04
2.459165154264972841e-01,1.631834905014571679e-02,3.097312224695480509e+00,2.522786079608715926e-01,1.253995069330841594e-01,1.774913447123566357e+00,1.234083602601437034e-02,3.384754990925589735e-01,-2.639188378776741217e+01,6.926624518482376036e-01,5.292105705198899557e-01,2.272006753686577341e-01,2.462813769127684127e-01,-6.116397005782352458e-01,1.073554227658370053e+00,-3.141198965324157877e-01,8.792897196243318336e-02,-1.707560339450467646e-01,3.775239795636674556e-01,4.237094562591430802e-01,-6.313510706690772523e-02,1.160035487867667721e-03,8.751442658189597344e-04,2.767942277005131305e-03,1.273485338332386394e-03,4.965181972349191550e-03,5.482254653090106941e-03,2.248683116483904138e-03,9.534987237930410160e-04,1.172966154621962916e-03,1.325371808180225534e-03,1.069040332243953537e-03,7.473752021795143337e-04,1.547539243821070441e-03,2.046279491833030983e-01,8.929527209758671841e-03,1.469711449106725354e-02,1.448453172194239802e-01,-1.917093585451981608e-02,1.578316639709997471e+00,3.122758968397143509e-03,2.876588021778584414e-01,-1.585812040278831603e+00,-2.206056038444037526e+00,1.789706647304146303e+00,6.240171876556829811e-02,2.726812026839414149e-01,5.891395402736230302e-01,1.041175882378673201e+00,-5.954907148233042902e-01,2.395872369015365488e-01,-1.303195918956617794e-02,5.946364896397638988e-01,4.820940555373863790e-01,2.412944667912262364e-01,-3.037260993253777797e-02,-3.608955009908686867e-02,-1.658935715175072212e-04,-1.989308514963207195e-02,-2.585999087176656108e-02,-3.417315416120499799e-02,-9.624137837076824145e-03,-5.263243334787058234e-03,-3.490944808095214173e-03,-2.537976331292543693e-03,-1.154494568255352502e-02,-2.218421796257838679e-03,-1.203181055038060783e-02
2.436479128856624266e-01,2.462163932198288552e-02,3.269743110521001750e+00,2.803363056225341432e-01,1.213757429227217688e-01,1.770455340802941091e+00,1.571852161054576895e-03,3.566243194192377231e-01,-3.305513155247793122e+01,-3.233388402897030112e+00,1.709847807025994149e+00,-7.727857638957581488e-01,2.808223560341760461e-02,-1.457445543173160885e-01,7.119180411906085304e-01,-1.382098532093283705e+00,1.947674241042998688e-01,-5.884951308682486726e-01,-2.139638070156079375e-01,4.452934322234394782e-01,-2.942238569138359017e-01,1.926047846390960749e-03,1.140200063292826126e-03,6.866570280791429017e-05,3.953660157526853115e-04,2.144272575658173925e-03,1.656529195033755756e-03,7.612669239999249934e-04,1.112471589585592230e-03,8.770425135921012172e-04,2.450133090297085519e-03,4.733271996803965591e-03,1.972702361129207056e-03,1.174592495564606839e-03,-2.268602540834857573e-03,8.303290271837168723e-03,1.724308858255212407e-01,2.805769766166255064e-02,-4.023764010362390620e-03,-4.458106320625265795e-03,-1.076898386495979409e-02,1.814882032667874956e-02,-6.663247764710519050e+00,-3.926050854745267493e+00,1.180637236506104193e+00,-9.999864392644158828e-01,-2.181991413093508081e-01,4.658951462609191574e-01,-3.616361864677615223e-01,-1.067978635560868028e+00,1.068384521418666855e-01,-4.177390969232018803e-01,-5.914877865792753653e-01,2.158397596429639798e-02,-2.310887498469281764e-01,7.660123585232930278e-04,2.650557974738663915e-04,-2.699276574197217136e-03,-8.781193225797011368e-04,-2.820909396691017625e-03,-3.825725458056350968e-03,-1.487416192483979145e-03,1.589728657925512136e-04,-2.959236410298616985e-04,1.124761282116859985e-03,3.664231664560012054e-03,1.225327158949692831e-03,-3.729467482564636019e-04
2.431941923774954550e-01,1.470853011082052901e-02,2.995929940518550882e+00,2.664577982811478507e-01,1.180968079611986743e-01,1.787939233567251041e+00,1.584002121046934348e-03,3.575317604355716661e-01,-2.811489645387708691e+01,-4.780131113741465376e-01,1.255025217426913642e+00,3.618891149491867965e-02,2.917264570918565170e-01,-7.149389908036172248e-01,1.717020234100288811e-02,-4.116792095357478254e-01,1.540700194222674180e-01,3.744412577105719064e-01,4.185022768824721573e-01,-1.262503857712107824e-01,-9.929117141992270523e-02,9.358834844279694020e-04,3.232856237018810817e-04,7.757631309871511989e-04,5.538185836613484375e-03,2.201879223202805966e-03,1.928659543573783743e-03,5.849046498219629721e-04,6.256785746998807379e-04,8.927851674078710921e-04,3.373464499909970254e-04,4.513899386422447896e-03,1.106548276034900182e-03,1.620490844359018072e-03,-4.537205081669715145e-04,-9.913109211162356507e-03,-2.738131700024508675e-01,-1.387850734138629250e-02,-3.278934961523094493e-03,1.748389276430994954e-02,1.214995999235745326e-05,9.074410163339430291e-04,4.940235098600844310e+00,2.755375291522883519e+00,-4.548225895990805068e-01,8.089746753906768006e-01,2.636442214884389124e-01,-5.691944364863010808e-01,-6.947478388496056700e-01,9.704193225575359349e-01,-4.069740468203245087e-02,9.629363885788205790e-01,6.324660838980801225e-01,-5.715438179946502606e-01,1.949326854939131826e-01,-9.901643619629912386e-04,-8.169144395909449900e-04,7.070974281792369222e-04,5.142819820860799335e-03,5.760664754463204126e-05,2.721303485400279869e-04,-1.763622741779620213e-04,-4.867930148857114916e-04,1.574265381576987494e-05,-2.112786640306088710e-03,-2.193726103815176950e-04,-8.661540850943068737e-04,4.458983487944112329e-04
2.994555353901996383e-02,2.950577660112872411e-02,3.024713749786390515e+00,9.195085774790964783e-02,1.346865657271249517e-01,6.588469790332515674e-02,3.386748001998823865e-02,1.905626134301270300e-02,-2.485070797770228168e+01,2.984514624512127234e+00,-1.554151820707488918e-01,2.804457029070667740e-01,-1.167588934170649545e-01,-1.217289975927230428e+00,-2.640713890432708766e-01,-1.405083635457301805e-01,-7.856117314124841378e-02,-3.415120620328788714e-01,-3.942926333240044379e-01,-6.041778045593051427e-01,-9.175133514009270463e-01,1.609168353311683508e-01,5.639251849181430541e-03,9.724494776554375164e-02,6.070604938768728830e-03,1.319272522900854366e-02,1.011043856759959950e-03,1.748599558469915482e-03,1.646746600073711788e-03,2.905388497684856285e-04,3.501644407323435335e-03,4.377033499637346912e-03,3.730724550206802144e-04,4.858837945045962198e-02,-2.132486388384755016e-01,1.479724649030819510e-02,2.878380926783963289e-02,-1.745069405332382029e-01,1.658975776592627738e-02,-1.722054535663925856e+00,3.228347789894130127e-02,-3.384754990925589735e-01,3.264188476174805231e+00,3.462527735886273828e+00,-1.410440399497662423e+00,2.442567914121480943e-01,-4.084853505089214853e-01,-5.023509851236132029e-01,-2.812415913842737369e-01,2.711708459900176171e-01,-2.326311925635158318e-01,-7.159533197434507779e-01,-8.127949102064766507e-01,-4.779274187880943603e-01,-8.182221799810043272e-01,1.599809518467403824e-01,5.315966225479549188e-03,9.646918463455660120e-02,5.324191021552444544e-04,1.099084600580573813e-02,-9.176156868138237929e-04,1.163694908647952509e-03,1.021068025373831050e-03,-6.022463176393854636e-04,3.164297957332438092e-03,-1.368658867851009833e-04,-7.334758210142199681e-04,4.696788860610060651e-02
2.540834845735027298e-02,3.128070242227589531e-02,3.267702446329319610e+00,9.741961036151133846e-02,1.521355280794413622e-01,1.348923349588710685e-01,6.884680594049911485e-03,1.905626134301270300e-02,-2.438979311096043290e+01,2.359948641092014299e+00,8.768121899420328047e-01,-5.629990572692469275e-01,-6.482176704266384704e-01,-2.299845214219503609e-01,-5.886948505249431918e-01,1.115617093417390626e-01,-1.430918444445690163e-01,-1.044200225390294612e-01,-6.742907137100065951e-01,-2.788024322045397074e-01,-9.376851099392871092e-01,2.235058606425606442e-01,4.457760750156842741e-03,2.809845736789071124e-02,4.388039846824639753e-03,2.525639769045801963e-03,1.676784867248608387e-03,2.292171021108963501e-03,5.444544198552360697e-04,1.172568705286482129e-03,1.706051287708512058e-03,1.035761486424736401e-02,1.745357575976704684e-02,6.041883552040090699e-02,-4.537205081669690859e-03,1.774925821147171207e-03,2.429886965429290946e-01,5.468752613601690626e-03,1.744896235231641057e-02,6.900763705554591176e-02,-2.698279942593832803e-02,0.000000000000000000e+00,4.609148667418487832e-01,-6.245659834201129357e-01,1.032227372012781696e+00,-8.434447601763137570e-01,-5.314587770095735575e-01,9.873054545052800668e-01,-3.246234614816723152e-01,2.520700728874692431e-01,-6.453067130332060253e-02,2.370920394938494102e-01,-2.799980803860021572e-01,3.253753723547654353e-01,-2.017175853836006283e-02,6.258902531139229342e-02,-1.181491099024587800e-03,-6.914649039765304039e-02,-1.682565091944089077e-03,-1.066708545996274127e-02,6.657410104886484371e-04,5.435714626390480194e-04,-1.102292180218475718e-03,8.820298555179965005e-04,-1.795593119614923277e-03,5.980581364610017096e-03,1.708050330474636738e-02,1.183045606994128501e-02
1.860254083484573495e-02,1.291214142654298520e-02,2.984218647291875914e+00,1.300663108280466773e-01,2.118745868693311107e-01,1.403159517646905274e-01,2.426514114268266131e-02,1.633393829401088779e-02,-2.469421519918905261e+01,2.824653436129580975e+00,8.644802854471689280e-01,7.705220313385002795e-02,-8.634930095967824348e-02,-5.668550362764085415e-01,-4.357701427292480778e-01,-2.302426857799320103e-01,-2.842568719034098690e-01,-1.789870809699505294e-01,-2.706910349679986783e-01,-6.109854078381062037e-02,-2.345467700468256977e-01,1.001759478046147268e-02,1.679868941977830966e-03,3.804648663838661182e-02,4.270349397087330051e-02,7.272487577319394769e-02,7.419633648594380071e-02,8.306422467656421338e-03,4.421696658824189889e-04,8.922491273627753544e-03,5.175003609413906559e-03,3.027508770678945943e-02,2.744874235620030876e-03,2.582694482796947869e-02,-6.805807622504538024e-03,-1.836856099573291184e-02,-2.834837990374436956e-01,3.264670046653533886e-02,5.973905878988974849e-02,5.423616805819458930e-03,1.738046054863275069e-02,-2.722323049001815209e-03,-3.044220882286197138e-01,4.647047950375666758e-01,-1.233190449486387674e-02,6.400512604030970110e-01,5.618683694669601714e-01,-3.368705148544581807e-01,1.529247077956951140e-01,-3.418043951216710452e-01,-1.411650274588408527e-01,-7.456705843092106822e-02,4.035996787420079168e-01,2.177038914207291009e-01,7.031383398924614392e-01,-2.134882658620991802e-01,-2.777891808179011775e-03,9.948029270495900578e-03,3.831545412404865902e-02,7.019923600414815223e-02,7.251955161869519384e-02,6.014251446547457837e-03,-1.022847539728170808e-04,7.749922568341270981e-03,3.468952321705394502e-03,1.991747284254209716e-02,-1.470870152414701509e-02,-3.459189069243143178e-02
1.724137931034482735e-02,4.602225393563809733e-03,2.189160617593708391e+00,1.113887928420232293e-01,2.067869692295164763e-01,4.624535861706972201e-02,8.117866833825326117e-03,1.270417422867513649e-02,-2.726205568392629885e+01,3.306739092274778802e+00,8.590939424863847096e-01,5.675385451012586735e-01,1.186681152270338546e-02,-1.595147021811729182e-01,-3.685231925107972373e-01,-8.536917898200180321e-02,-3.218293693900022845e-01,-1.669926241894634789e-01,-3.586061619992046978e-01,-2.364284817037322073e-01,-9.739978899837276050e-02,4.455305291133252604e-02,4.789365590273370185e-04,8.329741071241228423e-02,9.443707421656817591e-02,3.891546343173202943e-02,3.240797969534316147e-02,1.185128563215673975e-02,2.234341186849986803e-04,4.567723117033992944e-04,5.097345548650391266e-03,8.056655115905276068e-03,1.232310816114633688e-03,3.169210420844092990e-02,-1.361161524500907605e-03,-8.309916032979175471e-03,-7.950580296981675232e-01,-1.867751798602344804e-02,-5.087617639814634440e-03,-9.407059314762081237e-02,-1.614727430885733520e-02,-3.629764065335751300e-03,-2.567840484737246243e+00,4.820856561451978273e-01,-5.386342960784218370e-03,4.904863419674086455e-01,9.821611248238162895e-02,4.073403340952356233e-01,6.724695021845084053e-02,1.448735067979302071e-01,-3.757249748659241551e-02,1.199445678048705055e-02,-8.791512703120601957e-02,-1.753299409199216008e-01,1.371469810484529372e-01,3.453545813087105509e-02,-1.200932382950493840e-03,4.525092407402567241e-02,5.173358024569487540e-02,-3.380941234146191826e-02,-4.178835679060063923e-02,3.544863164500318409e-03,-2.187355471974203086e-04,-8.465718961924354954e-03,-7.765806076351529363e-05,-2.221843259088418510e-02,-1.512563419505397189e-03,5.865159380471451217e-03
6.352087114337567897e-02,6.231363066272832345e-05,2.984090399762208357e+00,1.137923030979294675e-01,1.524327598173484399e-01,2.896361989012232185e-01,1.244217037438322473e-02,3.266787658802177557e-02,-3.090217008664589571e+01,2.431771943318884244e+00,3.948670628662387938e-01,-6.922303774691756367e-03,2.357511050327448440e-02,-1.764475727981660025e-01,-2.264648890140525672e-01,-2.835269230902330850e-01,-2.124164641145187549e-01,2.650680733727527882e-01,4.091035183165590144e-04,-6.174712420918679334e-02,-1.466491035624651051e-01,1.127327648068406768e-02,1.808864548158085417e-03,5.069941025563882292e-02,2.540900798108792699e-02,4.793903501694186942e-02,1.040087322485590444e-02,6.149595955227074584e-02,2.530017105493435892e-03,4.168839290099052124e-03,1.117330216755108886e-02,4.235516180613501519e-02,1.252915375749198180e-02,2.044759756641668230e-02,4.627949183303085162e-02,-4.539911762901081491e-03,7.949297821684999654e-01,2.403510255906238235e-03,-5.435420941216803636e-02,2.433908402841535035e-01,4.324303540557898617e-03,1.996370235934663909e-02,-3.640114402719596853e+00,-8.749671489558945581e-01,-4.642268796201459158e-01,-5.744608488759503917e-01,1.170829898057109894e-02,-1.693287061699308427e-02,1.420583034967446701e-01,-1.981577441082312818e-01,1.094129052754835296e-01,4.320606975622162671e-01,3.590152655175212759e-01,1.746813574945454139e-01,-4.924931456409234465e-02,-3.327977643064845836e-02,1.329927989130748507e-03,-3.259800045677346131e-02,-6.902806623548024545e-02,9.023571585209839985e-03,-2.200710647048725876e-02,4.964467392011400609e-02,2.306582986808437211e-03,3.712066978395652667e-03,6.075956618900697596e-03,3.429850669022974086e-02,1.129684294137734898e-02,-1.124450664202424760e-02
1.388384754990925618e-01,2.366780989390436843e-04,2.922939787391510613e+00,1.743898332686642794e-01,1.441508441543397079e-01,1.509746929465676013e+00,6.818379761840752222e-03,2.558983666061706019e-01,-2.903499093847251089e+01,1.842827482048131627e-01,7.300637257349957832e-01,3.737277194385077994e-01,-3.159721119059119010e-01,2.802150776204502813e-01,-3.957956202303172799e-02,-2.824859406426142305e-01,4.444425438083632329e-01,7.567627931459239288e-02,-1.761076421262268155e-01,2.356962416861590470e-01,-2.776978723054703835e-01,9.731320120889397352e-03,4.164030342585192841e-03,1.381849122438805373e-02,3.540439847913244217e-03,1.465950125303838898e-02,7.447279261055935774e-03,2.722367947990442585e-02,2.226101330062228278e-03,4.036494473012261150e-03,4.352923203443060003e-03,2.423103323125948283e-02,7.925527891995406277e-03,7.900912862160621927e-03,7.531760435571688284e-02,1.743644682763153609e-04,-6.115061237069774336e-02,6.059753017073481185e-02,-8.281915663008732054e-03,1.220110730564452739e+00,-5.623790612542472513e-03,2.232304900181488194e-01,1.867179148173384817e+00,-2.247489195114070970e+00,3.351966628687569894e-01,3.806500232131995731e-01,-3.395472224091863889e-01,4.566626504186163116e-01,1.868853269910208392e-01,1.040982447618854501e-03,6.568590079228819878e-01,-1.893917940581603954e-01,-1.765167456445433658e-01,2.974433658953458126e-01,-1.310487687430052783e-01,-1.541956359794670328e-03,2.355165794427107641e-03,-3.688091903125077092e-02,-2.186856813317468451e-02,-3.327953376390348217e-02,-2.953593963799968670e-03,-3.427228007236632346e-02,-3.039157754312076139e-04,-1.323448170867909737e-04,-6.820378964108028859e-03,-1.812412857487553236e-02,-4.603625865496575528e-03,-1.254668470425606037e-02
9.165154264972777409e-02,6.948274917105675742e-05,3.105927824023799300e+00,1.493824065894928943e-01,1.445408641479403733e-01,9.299735189907546440e-01,2.313673536820335611e-03,1.497277676950998226e-01,-2.997608142449057667e+01,9.680652804814915413e-01,4.726915248106133838e-02,4.601598079558432142e-01,-2.892892851641306606e-01,7.798933149966463807e-02,-2.130346756678878906e-02,-2.268035940809521589e-01,-7.811658999897613809e-02,-3.508137644386439269e-01,-2.366641236527844139e-01,3.115113416008706282e-01,-3.919005201004958916e-02,9.355033717688197512e-03,4.518423166074102965e-03,2.195281930778816490e-02,2.105940284683869429e-02,9.308387765786952511e-03,1.621686100792708515e-02,8.823216569820551899e-03,4.689439335850135136e-03,8.563154803295313202e-04,1.193897863067528570e-02,2.695227631781605890e-02,4.496417621402929929e-03,7.828899236532576786e-03,-4.718693284936478771e-02,-1.671953497679869269e-04,1.829880366322886864e-01,-2.500742667917138506e-02,3.900199936006654156e-04,-5.797734104749213691e-01,-4.504706225020416177e-03,-1.061705989110707793e-01,-9.410904860180657749e-01,7.837825322766783787e-01,-6.827945732539344448e-01,8.643208851733541476e-02,2.668282674178124037e-02,-2.022257461207856433e-01,1.827609445624293893e-02,5.568234656166207164e-02,-5.225591338073394265e-01,-4.264900437532362920e-01,-6.055648152655759842e-02,7.581509991471158116e-02,2.385078202954207804e-01,-3.762864032011998400e-04,3.543928234889101234e-04,8.134328083400111167e-03,1.751896299892544834e-02,-5.351113487251436471e-03,8.769581746871150246e-03,-1.840046291008387569e-02,2.463338005787906859e-03,-3.180178992682729938e-03,7.586055427232225694e-03,2.721243086556576068e-03,-3.429110270592476348e-03,-7.201362562804514145e-05
7.304900181488203914e-02,2.090416224075379912e-05,3.101505566771468825e+00,1.537790532909164010e-01,1.833609384926972730e-01,5.108082128634622299e-01,3.611998125749818055e-03,7.985480943738657023e-02,-3.196872780288000016e+01,1.678371876219884484e+00,-6.515458711966012201e-03,2.095331331025380717e-01,-5.433584757125229509e-02,4.464625906544253953e-01,-3.362073883154855641e-02,-1.606794040484155195e-01,-2.490086911362390798e-02,-2.751724556026104856e-02,-8.626332855133429789e-02,3.763476098039267304e-02,9.285630747912068661e-02,2.080106050123424824e-02,2.909884030499434310e-03,2.088753946511945347e-02,8.465813142713825984e-03,3.969179801459335466e-02,1.408871185709285705e-02,9.967411745361506870e-02,4.017577446412953952e-03,7.872905507640574896e-03,2.060306039901553012e-03,1.314456671747445821e-02,6.897750970981038647e-04,2.636084399955758786e-02,-1.860254083484573495e-02,-4.857858693030295830e-05,-4.422257252330474842e-03,4.396646701423506665e-03,3.882007434475689966e-02,-4.191653061272924141e-01,1.298324588929482444e-03,-6.987295825771325242e-02,-1.992646378389423489e+00,7.103065957383929430e-01,-5.378461119302735405e-02,-2.506266748533051425e-01,2.349534375928783725e-01,3.684732591547607572e-01,-1.231727126475976736e-02,6.612419003253663941e-02,5.321572088535223011e-02,3.232965188783828991e-01,1.504007951014501021e-01,-2.738765806204779274e-01,1.320463594891702619e-01,1.144602678354605073e-02,-1.608539135574668655e-03,-1.065279842668711424e-03,-1.259358970412486831e-02,3.038341024880640215e-02,-2.128149150834228107e-03,9.085090088379452200e-02,-6.718618894371811839e-04,7.016590027311043684e-03,-9.878672590773733553e-03,-1.380770960034160069e-02,-3.806642524304825956e-03,1.853194476302501281e-02
9.891107078039927669e-02,1.723601905846941138e-05,3.254035883605837842e+00,1.968753718427649346e-01,1.939317653399953711e-01,9.546660943579401426e-01,2.192539296102978801e-03,2.096188747731397573e-01,-3.223582724551920364e+01,1.877787434262332855e+00,-6.662944190494810015e-02,-2.392399659250219468e-01,4.778181987112570771e-03,3.256878112360153676e-01,4.592161927117006937e-02,-2.015667998253578563e-02,1.807624538055588315e-01,-4.579237338261524237e-02,1.938503819173900689e-02,1.119312456806611233e-01,3.351961003863465072e-01,8.732355169893809763e-03,3.881121462122824346e-03,3.181682538864150783e-02,3.696034368707704510e-03,4.014539542595621513e-02,2.280991392353006950e-02,3.729343596619936335e-02,7.429110471846699787e-03,1.268542612533848576e-02,2.473920144468173214e-03,1.615335715501352645e-02,3.430827439418358046e-03,1.325790367720437041e-02,2.586206896551723755e-02,-3.668143182284387736e-06,1.525303168343690174e-01,4.309631855184853366e-02,1.057082684729809818e-02,4.438578814944779127e-01,-1.419458829646839254e-03,1.297640653357531870e-01,-2.670994426392034882e-01,1.994155580424483709e-01,-6.011398319298208448e-02,-4.487730990275600185e-01,5.911402955836486672e-02,-1.207747794184100276e-01,7.954235810271861884e-02,1.405227240658797339e-01,2.056633229191827394e-01,-1.827512782235419381e-02,1.056483667430733048e-01,7.429648470026845031e-02,2.423397929072258206e-01,-1.206870533134043848e-02,9.712374316233900358e-04,1.092928592352205436e-02,-4.769778774006121908e-03,4.535974113628604698e-04,8.721202066437212450e-03,-6.238068148741570534e-02,3.411533025433745835e-03,4.812520617697910869e-03,4.136141045666202019e-04,3.008790437539068247e-03,2.741052342320254073e-03,-1.310294032235321746e-02
1.075317604355716938e-01,1.644024909413978008e-05,3.137507409460925434e+00,1.921872426678152002e-01,1.985796024973567608e-01,8.656768619326593583e-01,1.244922876525641651e-03,1.542649727767695100e-01,-3.229664226923638637e+01,1.859316547046104384e+00,3.581525325835063778e-02,9.809547383221628447e-02,-1.168935704253427077e-01,1.261427441112876746e-01,3.059212929644804235e-03,-1.760896179325304456e-01,-7.464842000806320987e-02,-3.545399203018308187e-02,-1.675258461130645360e-01,-1.243737238743299056e-02,2.921396166757454435e-02,2.549920649459661015e-02,3.230526630094618899e-03,4.542204643546821768e-02,4.030308399472744621e-03,4.311789264775432728e-02,1.871648017397045671e-02,5.859064161899193296e-02,9.758890918854313049e-03,3.721777760170210964e-03,5.389822101763052688e-03,1.890404609499457891e-02,8.517802361699447185e-04,1.868293728091640488e-02,8.620689655172417143e-03,-7.957699643296313019e-07,-1.165284741449124084e-01,-4.688129174949734468e-03,4.647837157361389693e-03,-8.898923242528078426e-02,-9.476164195773371501e-04,-5.535390199637024722e-02,-6.081502371718272570e-02,-1.847088721622847096e-02,1.024446951632987379e-01,3.373354397572382313e-01,-1.216717524124552724e-01,-1.995450671247276930e-01,-4.286240634152526513e-02,-1.559329379499946600e-01,-2.554108738136220413e-01,1.033838135243216050e-02,-1.869108843048035429e-01,-1.243686180680941139e-01,-3.059821387187719455e-01,1.676685132470279865e-02,-6.505948320282054463e-04,1.360522104682670985e-02,3.342740307650401109e-04,2.972497221798112155e-03,-4.093433749559612783e-03,2.129720565279256961e-02,2.329780447007613262e-03,-8.963648365168275234e-03,2.915901957294879474e-03,2.750688939981052461e-03,-2.579047203248413436e-03,5.425033603712034469e-03
9.437386569872958930e-02,2.183384389329091595e-05,3.156451341449676651e+00,1.605989443474363232e-01,1.713274565440471853e-01,7.239327055897309959e-01,2.497677456684746673e-03,1.098003629764065375e-01,-3.206326372985703443e+01,1.400144804548330235e+00,4.085855393231588306e-01,3.259499281460638276e-01,-2.742887634142345821e-01,2.079824511654361219e-01,-4.229017546793122362e-01,-1.009503779089002407e-01,-3.506214169303918660e-04,-1.328690489779198458e-01,-2.052121073083214009e-01,2.507987517960337809e-01,1.382838472081411307e-01,9.137430434060608841e-03,1.638302962795398212e-03,4.051707892809452982e-02,1.679444576607035805e-02,7.932381425464173075e-03,2.457915368434940642e-02,2.975541292104171703e-02,1.239920348860681053e-03,8.403892196017148306e-03,1.235014376757109442e-02,7.386569088105669756e-02,9.058267526032240391e-03,1.981674296539303812e-02,-1.315789473684210453e-02,5.393594799151135873e-06,1.894393198875121698e-02,-3.158829832037887697e-02,-2.725214595330957557e-02,-1.417441563429283624e-01,1.252754580159105022e-03,-4.446460980036297250e-02,2.333785393793519347e-01,-4.591717424977741491e-01,3.727702860648082206e-01,2.278544543138475431e-01,-1.573951929888918744e-01,8.183970705414844726e-02,-4.259609676089570196e-01,7.513924002363020493e-02,7.429779859113282148e-02,-9.741505694773676394e-02,-3.768626119525686491e-02,2.632361241834667576e-01,1.090698855405665829e-01,-1.636177606053600131e-02,-1.592223667299220687e-03,-4.904967507373687863e-03,1.276413736659761343e-02,-3.518551122229015421e-02,5.862673510378949709e-03,-2.883522869795021593e-02,-8.518970569993632863e-03,4.682114435846937775e-03,6.960321665808041729e-03,5.496164478606212211e-02,8.206487289862295781e-03,1.133805684476633241e-03
1.039019963702359356e-01,1.880816100012706909e-05,3.237498539378472096e+00,1.769585215753057827e-01,1.670106520667564154e-01,1.211326024267263879e+00,2.484680010394405784e-03,2.268602540834845638e-01,-3.196072126150538395e+01,1.197795173421129844e+00,5.021043018777165967e-01,2.791709779912786016e-01,-5.824108372736974681e-02,9.054861667142030668e-02,-2.894915237066025271e-01,2.667697208408824072e-01,3.880579196246143614e-02,-3.368518570548686419e-01,-2.062781598906445468e-01,1.041939952560183430e-01,-5.849329695697853826e-04,1.556240924307436373e-02,7.076165404711827131e-03,2.448067378182561607e-02,1.568080291021719391e-02,3.005583970188143231e-02,3.841634943497796578e-02,3.578600857787948147e-02,1.339751683549438108e-03,1.915208436443983225e-03,6.246590110035825719e-03,1.712765895052101306e-02,9.968382261370243615e-04,1.283742826602683913e-02,9.528130671506346294e-03,-3.025682893163846862e-06,8.104719792879544471e-02,1.635957722786945956e-02,-4.316804477290769881e-03,4.873933186775328830e-01,-1.299744629034088952e-05,1.170598911070780263e-01,1.025424683516504842e-01,-2.023496311272003911e-01,9.351876255455776610e-02,-4.677895015478522600e-02,2.160476796868648353e-01,-1.174338344940158152e-01,1.334102309727097091e-01,3.677200987497826201e-01,3.915641337939182454e-02,-2.039828080769487961e-01,-1.066052582323145925e-03,-1.466047565400154240e-01,-1.388687801777109265e-01,6.424978809013754885e-03,5.437862441916428702e-03,-1.603640514626891375e-02,-1.113642855853164138e-03,2.212345827641725923e-02,1.383719575062855936e-02,6.030595656837764440e-03,9.983133468875705560e-05,-6.488683759573165080e-03,-6.103553657535268698e-03,-5.673803193053568450e-02,-8.061429299895216463e-03,-6.979314699366198985e-03
1.392921960072595333e-01,2.931662417133314096e-05,3.262980871690376539e+00,1.933200968167093636e-01,1.623645702356941167e-01,1.565989620914251423e+00,1.599904502171830244e-03,3.139745916515426227e-01,-3.167954560088158189e+01,8.888399112105116462e-01,7.380822041202725892e-01,1.021345637421730568e-01,-3.861830495099861649e-01,3.309981566222814919e-01,1.118805787990588829e-01,5.257671893463151669e-01,1.712614972572589211e-01,-9.795782974158362411e-02,-7.227033428217594091e-02,3.613726433070861832e-01,-1.656816475668968780e-01,1.650646065027164267e-02,1.144727033396158566e-03,1.147139704094661539e-02,6.559971186707732986e-03,2.545978748710267525e-02,4.854251219508216690e-03,4.060426621197301550e-02,4.663194861127305593e-03,1.551013079324162864e-03,4.186695547060801867e-03,2.275320654764334538e-02,8.477959306091664357e-03,1.143478234640263845e-02,3.539019963702359772e-02,1.050846317120607187e-05,2.548233231190444315e-02,1.636157524140358088e-02,-4.646081831062298662e-03,3.546635966469875445e-01,-8.847755082225755401e-04,8.711433756805805895e-02,2.811756606238020595e-01,-3.089552622106181978e-01,2.359779022425559925e-01,-1.770364142491055448e-01,-3.279419657826164181e-01,2.404495399508611853e-01,4.013721025056614100e-01,2.589974685054327597e-01,1.324557052947974989e-01,2.388940273132850178e-01,1.340078256084686059e-01,2.571786480510678263e-01,-1.650967145973270822e-01,9.440514071972789384e-04,-5.931438371315668132e-03,-1.300927674087900068e-02,-9.120831723509460059e-03,-4.596052214778757056e-03,-3.356209821546975169e-02,4.818257634093534025e-03,3.323443177577867485e-03,-3.641953571198203610e-04,-2.059894562975023852e-03,5.625547597122332322e-03,7.481121079954640429e-03,-1.402645919624200682e-03
1.297640653357531870e-01,3.118868947399678276e-05,3.307082301609035824e+00,1.783210660723012209e-01,1.578421967428062789e-01,1.487939139293673163e+00,1.713142159409414235e-03,2.431941923774954550e-01,-3.163032133582493444e+01,7.954738247926166350e-01,8.170721357339687518e-01,4.404971009629080614e-01,1.363497730106997541e-01,2.970681156462025019e-01,-2.927829919808901948e-01,1.480196748008621999e-01,1.592947283418813531e-01,-1.993761701783387241e-01,-2.102752828922642980e-01,1.286873435443606495e-01,2.811839215421768623e-02,3.134588301060792833e-03,2.170515900510405858e-03,4.075729370352826342e-02,4.851852255942884322e-03,1.411008395707836691e-02,7.040958848650549946e-03,2.189070674690218182e-02,2.186084368814805549e-03,1.492078830304796253e-03,1.237240580459305099e-03,3.955773644813641299e-02,7.758660183033473483e-03,1.378328737324743813e-02,-9.528130671506346294e-03,1.872065302663641803e-06,4.410142991865928508e-02,-1.499903074440814277e-02,-4.522373492887837854e-03,-7.805048162057826033e-02,1.132376572375839909e-04,-7.078039927404716769e-02,4.922426505664745378e-02,-9.336608641789501117e-02,7.898993161369616267e-02,3.383625372207350046e-01,5.225328225206858912e-01,-3.393004097607899006e-02,-4.046635707799490778e-01,-3.777475145454529670e-01,-1.196676891537756804e-02,-1.014183404367551000e-01,-1.380049486100883571e-01,-2.326852997627255337e-01,1.938000397211145642e-01,-1.337187234921084940e-02,1.025788867114247292e-03,2.928589666258164803e-02,-1.708118930764848664e-03,-1.134970353002430835e-02,2.186707629142333256e-03,-1.871355946507083368e-02,-2.477110492312500044e-03,-5.893424901936661180e-05,-2.949454966601496551e-03,1.680452990049306761e-02,-7.192991230581908743e-04,2.348505026844799684e-03
1.515426497277677087e-01,3.618712066218784663e-05,3.285419865774823922e+00,1.762040026514157809e-01,1.482353080781918242e-01,1.676639871528875725e+00,1.621959572617316702e-03,2.386569872958257676e-01,-3.139217249596988779e+01,5.720943299078323774e-01,7.009971205887335355e-01,-5.526368349414580161e-02,-1.765252917590451331e-02,2.443619448353963053e-01,-4.708756090425718632e-01,3.860946826995877990e-01,-1.740609280946763260e-01,-6.172099664499213628e-02,7.348163134524407503e-02,1.524655838836288524e-01,-3.640077854953048531e-02,4.535046593781821497e-03,5.280844028569956980e-03,1.188766664987069357e-02,5.570041938397753134e-03,1.878130981864497423e-02,4.071732593301040891e-03,1.398256252745972913e-02,3.399893704825036628e-03,6.348686896056250986e-03,4.718744380881834295e-03,3.212420453972016088e-02,2.436367444529258935e-03,8.321606868143828148e-03,2.177858439201452168e-02,4.998431188191063872e-06,-2.166243583421190166e-02,-2.117063420885439973e-03,-9.606888664614454676e-03,1.887007322352025618e-01,-9.118258679209753290e-05,-4.537205081669687390e-03,2.381488398550466457e-01,-2.233794948847842576e-01,-1.160750151452352164e-01,-4.957607844570538491e-01,-1.540023021866042674e-01,-5.270617081080619659e-02,-1.780926170616816684e-01,2.380750078987255991e-01,-3.333556564365576791e-01,1.376551735333465809e-01,2.837569142375083731e-01,2.377824033926820291e-02,-6.451917070374817154e-02,1.400458292721028664e-03,3.110328128059551122e-03,-2.886962705365756984e-02,7.181896824548688121e-04,4.671225861566607324e-03,-2.969226255349509055e-03,-7.908144219442452688e-03,1.213809336010231079e-03,4.856608065751454734e-03,3.481503800422528980e-03,-7.433531908416252110e-03,-5.322292738504214547e-03,-5.461680505103609987e-03
1.397459165154265048e-01,3.724109057874107277e-05,3.190397059620436959e+00,2.051983881579084179e-01,1.576800986142302408e-01,1.749991257212580420e+00,2.130130954961506617e-03,3.248638838475498836e-01,-3.163913158793360481e+01,5.754932964855767885e-01,7.070204951183255426e-01,4.269821824567410773e-01,5.707095511576545238e-02,6.012916111520818507e-01,-7.835786573492555807e-01,1.791862814565829964e-01,-2.571529898408516090e-01,-4.252388695883818626e-04,-8.365730445609058374e-03,1.977052038259037581e-01,4.879343092747225052e-02,2.675378783346082836e-03,1.522507412135882393e-02,1.169088695988994807e-02,8.157931329838573331e-03,2.573382684482005897e-02,7.783854477978759644e-03,1.125125976316232283e-02,6.844354658485247425e-04,4.733680776558352003e-03,2.707177296349070131e-03,7.165463824244203660e-03,2.065524540400761038e-03,6.746422950871156302e-03,-1.179673321234120387e-02,1.053969916553226143e-06,-9.502280615438696287e-02,2.899438550649263702e-02,9.444790536038416562e-03,7.335138568370469514e-02,5.081713823441899158e-04,8.620689655172411592e-02,-2.469590919637170146e-01,3.398966577744411133e-03,6.023374529592007143e-03,4.822458659508868650e-01,7.472348429166997263e-02,3.569296663166855454e-01,-3.127030483066837174e-01,-2.069084012430048025e-01,-8.309206174617528307e-02,6.129575777540375442e-02,-8.184736179085314034e-02,4.523961994227490568e-02,8.519420947700273583e-02,-1.859667810435738661e-03,9.944230092788866951e-03,-1.967796899807455063e-04,2.587889391440820197e-03,6.952517026175084741e-03,3.712121884677718753e-03,-2.731302764297406302e-03,-2.715458238976511778e-03,-1.615006119497898983e-03,-2.011567084532764164e-03,-2.495874071547595635e-02,-3.708429041284978973e-04,-1.575183917272671846e-03
1.306715063520871023e-01,2.478265472348896003e-05,3.211707154938732600e+00,1.958412158608628106e-01,1.790497956719020178e-01,1.430514099510433512e+00,1.967970518976749471e-03,2.849364791288566123e-01,-3.173159918021005410e+01,1.280257707735603656e+00,4.889592646480839244e-01,2.715839050629414442e-01,1.322911010208881188e-02,5.218114503876071231e-01,-5.500294783215190497e-01,5.210617816670090052e-01,-1.177032503589502815e-02,3.726970090072661002e-01,-1.106180778595169112e-01,2.652891694617156015e-01,1.039559955763204036e-01,4.884101861600152403e-03,4.695034963664480518e-03,4.758645078473987267e-02,1.406222113814149972e-02,2.090191682110418767e-02,6.170771366227091430e-03,3.243269200530308344e-02,2.697421117278266719e-03,3.729994174832008610e-03,8.101813702808781034e-03,1.811746012300885153e-02,6.835721086533044950e-03,1.317293355050710817e-02,-9.074410163339402535e-03,-1.245843585525211275e-05,2.131009531829564096e-02,-9.357172297045607268e-03,2.136969705767177707e-02,-3.194771577021469078e-01,-1.621604359847571460e-04,-3.992740471869327123e-02,-9.246759227644929524e-02,7.047644112500268676e-01,-2.180612304702416182e-01,-1.553982773937996331e-01,-4.384184501367664050e-02,-7.948016076447472766e-02,2.335491790277365309e-01,3.418755002104260088e-01,2.453826648049565740e-01,3.731222478768544959e-01,-1.022523474139078459e-01,6.758396563581184346e-02,5.516256464884815303e-02,2.208723078254069567e-03,-1.053003915769434341e-02,3.589556382484992286e-02,5.904289808302926393e-03,-4.831910023715871305e-03,-1.613083111751668214e-03,2.118143224214075887e-02,2.012985651429741868e-03,-1.003686601726343393e-03,5.394636406459710903e-03,1.095199629876464700e-02,4.770196546132284346e-03,6.426510599635951865e-03
1.324863883847549884e-01,2.173397973827907509e-05,3.187816835964204731e+00,2.023235968926406503e-01,1.883394310062096455e-01,1.035944945545626883e+00,2.394027745473651519e-03,2.141560798548094446e-01,-3.242431245191804834e+01,1.670262851135277726e+00,3.929417644765939577e-01,1.989915926413107772e-01,4.236920259317845661e-01,2.941258629677800385e-01,-2.068381101018954560e-01,1.277050672070943402e-02,9.015599325299206157e-02,-2.945972581850150873e-01,5.720363178636932860e-02,5.681075407785436682e-02,2.166721078766879194e-01,7.373054675573002467e-03,1.177915730148232972e-03,4.910798454741535646e-02,1.634341585082817183e-02,2.815742805506812885e-02,5.326844185850479821e-03,7.283925823250989029e-02,9.357686921612178976e-04,1.930871044898067705e-03,8.420466106805704620e-03,4.808690936843026259e-02,2.216284455528968501e-03,2.305255100452043709e-02,1.814882032667886058e-03,-3.048674985209884943e-06,-2.389031897452786879e-02,6.482381031777839642e-03,9.289635334307627668e-03,-3.945691539648066293e-01,4.260572264969020480e-04,-7.078039927404716769e-02,-6.927132717079942381e-01,3.900051433996740702e-01,-9.601750017148996674e-02,-7.259231242163066700e-02,4.104629158296957403e-01,-2.276855874198270846e-01,3.431913682196235937e-01,-5.082912749462995539e-01,1.019263182888870967e-01,-6.672942671922812430e-01,1.678217096458862467e-01,-2.084784153838612486e-01,1.127161123003675158e-01,2.488952813972850064e-03,-3.517119233516247546e-03,1.521533762675483792e-03,2.281194712686672108e-03,7.255511233963941181e-03,-8.439271803766116090e-04,4.040656622720680685e-02,-1.761652425117048821e-03,-1.799123129933940905e-03,3.186524039969235861e-04,2.996944924542141106e-02,-4.619436631004076449e-03,9.879617454013328928e-03
9.482758620689654694e-02,1.975480325106352428e-05,3.072095374428373216e+00,1.745976070429386406e-01,1.837390646270175565e-01,7.320953308734716725e-01,2.652272679970172839e-03,1.079854809437386515e-01,-3.240307172964332239e+01,2.107172710980452557e+00,3.395115546420958696e-01,1.772698351844683717e-01,2.269575354001538980e-01,3.030799240271101480e-01,5.943873429082731363e-02,1.359550794301850052e-01,-2.122225748760953046e-01,1.655865202193458896e-01,-1.571545811489512834e-01,-3.986284508930419690e-02,3.283178448159940199e-02,1.571237513751725864e-02,3.669677289768789354e-03,1.031361425419640154e-01,9.668955073853447574e-03,3.226098085207828453e-02,2.739048952100936289e-03,3.156265205295604587e-02,3.502726748431353627e-03,6.353021824693229000e-03,2.405945627483175274e-03,2.549540911123051104e-02,1.151243271986085491e-03,2.744441015637710118e-02,-3.765880217785844142e-02,-1.979176487215550807e-06,-1.157214615358315157e-01,-2.772598984970200964e-02,-4.600366379192089017e-03,-3.038496146721552105e-01,2.582449344965213195e-04,-1.061705989110707932e-01,2.124072227472595387e-02,4.369098598451748305e-01,-5.343020983449808803e-02,-2.172175745684240544e-02,-1.967344905316306680e-01,8.954061059330109540e-03,2.662768443927227557e-01,1.231845727094755677e-01,-3.023785681290873661e-01,4.601837784043609769e-01,-2.143582129353206189e-01,-9.667359916715856372e-02,-1.838403233950885174e-01,8.339320461944256177e-03,2.491761559620556381e-03,5.402815799454865897e-02,-6.674460776974724258e-03,4.103552797010155684e-03,-2.587795233749543532e-03,-4.127660617955384442e-02,2.566958056270135513e-03,4.422150779795161295e-03,-6.014520479322529346e-03,-2.259150025719975155e-02,-1.065041183542883010e-03,4.391859151856664090e-03
5.490018148820326876e-02,2.637330156571198250e-02,2.600539950203700990e+00,1.140141438580800637e-01,1.784060078333048749e-01,3.513674634016862308e-01,1.543941227169376776e-02,7.259528130671506763e-02,-2.377598475375931741e+01,2.093406317413190720e+00,6.113541868775667076e-01,-9.651981438444892092e-01,-1.037322869237211620e+00,-1.421480549907468138e-01,-6.403687551436745284e-01,9.395895644722048745e-01,-3.883215031737827783e-01,2.724551587918165874e-01,-4.070889973373312820e-01,1.367541784198914034e-01,-1.966691267094406240e-02,2.031375027141859441e-02,8.531298023038633160e-02,7.043522569935253483e-03,3.365972096269427821e-03,2.697276933627865310e-03,5.290128469415456697e-02,2.353371610041242804e-02,2.704635542334307718e-04,4.019341330454981147e-03,1.954758052607578466e-03,7.971049305654823516e-03,2.367169410178294239e-03,2.494024684599575881e-02,-3.992740471869327817e-02,2.635354676246091932e-02,-4.715554242246722261e-01,-6.058346318485857696e-02,-5.333056793712681598e-03,-3.807278674717854416e-01,1.278713959172359492e-02,-3.539019963702358385e-02,8.627086975884004971e+00,-1.376639356726183649e-02,2.718426322354708380e-01,-1.142467979028957581e+00,-1.264280404637365463e+00,-4.452279790178569341e-01,-6.998074894345018837e-01,8.036344850420198416e-01,-1.760989282976874737e-01,1.068686385724706978e-01,-2.499344161883799986e-01,1.766170235091956142e-01,-5.249869715254346092e-02,4.601375133901335762e-03,8.164330294061754312e-02,-9.609261997202876715e-02,-6.302982977584019320e-03,-2.956370391845042009e-02,5.016223574205363328e-02,-8.028935952543617832e-03,-3.232263194197922910e-03,-2.333680494238247853e-03,-4.511875748755968078e-04,-1.752435980557568579e-02,1.215926138192208747e-03,-2.504163310381342378e-03
2.359346642468239733e-02,7.058177626742027921e-02,3.253443610482295245e+00,7.192794166417490476e-02,9.408021475794153821e-02,1.606297238204447975e-01,1.159058583716188195e-02,2.087114337568058212e-02,-2.378172847289691205e+01,1.921773082255362919e+00,6.055889524503446086e-01,-1.229486722673194254e+00,-1.478063615445498691e+00,-3.459038682305400902e-01,-1.245879155258233340e+00,8.907146086990895828e-01,-3.300063992871903329e-01,1.505734259273571740e-01,-6.311211778737155775e-01,-2.806395770064887829e-01,2.288117969902783988e-01,5.389934761234509847e-02,4.224505588232838060e-02,1.495652070120502162e-03,3.268219633569994370e-03,5.506764965840331254e-03,1.506888996879972020e-01,2.010640855003413725e-03,3.648529441418227700e-05,8.038687294094355295e-04,6.789795329026415216e-04,1.678952598307179890e-03,6.432518992075825920e-03,4.229937497305896049e-02,-3.130671506352086797e-02,4.420847470170830018e-02,6.529036602785942556e-01,-4.208620219390515893e-02,-8.432579307536333668e-02,-1.907377395812414334e-01,-3.848826434531885804e-03,-5.172413793103448898e-02,-5.743719137594638369e-03,-1.716332351578278015e-01,-5.765234427222099001e-03,-2.642885788287050453e-01,-4.407407462082870708e-01,-2.037558132397932764e-01,-6.055104001145588111e-01,-4.887495577311529171e-02,5.831510388659244537e-02,-1.218817328644594133e-01,-2.240321805363842955e-01,-4.173937554263801863e-01,2.484787096612224577e-01,3.358559734092650406e-02,-4.306792434805795100e-02,-5.547870499814751104e-03,-9.775246269943345043e-05,2.809488032212465944e-03,9.778761499384264200e-02,-2.152307524540901518e-02,-2.339782598192485016e-04,-3.215472601045545400e-03,-1.275778519704937053e-03,-6.292096707347643626e-03,4.065349581897531248e-03,1.735912812706320169e-02
1.315789473684210453e-02,6.180579829616129200e-02,3.287372371993059428e+00,1.065852426666051705e-01,1.885866189020098393e-01,9.845917522408047240e-02,2.747561299858771941e-02,1.814882032667876691e-02,-2.335423539445864805e+01,2.685743424354518183e+00,8.459550075347349596e-01,-3.663562271019919492e-01,-8.568733683966651693e-01,3.742274828620804072e-01,-9.989909482263232832e-01,-6.424829715899149640e-02,-8.279762376113564137e-01,-2.475284323471190207e-01,6.233558663586766940e-02,2.877081366377849392e-01,2.585772808303905546e-01,2.210191334694330215e-03,8.087201119684600797e-04,5.993010321830671491e-03,1.342511892350034888e-02,1.628421062842224654e-01,8.905949109829655597e-02,1.253308136296509348e-02,3.507831442850759852e-04,4.565484363377277782e-03,1.982538519370380305e-03,3.426395885808997382e-03,7.071551214798819929e-03,4.760918491378650363e-02,-1.043557168784029279e-02,-8.775977971258987209e-03,3.392876151076418267e-02,3.465730100243026579e-02,9.450640414406830114e-02,-6.217054859636432507e-02,1.588502716142583746e-02,-2.722323049001815209e-03,4.274930784382640070e-01,7.639703420991552640e-01,2.403660550843903509e-01,8.631304955712022497e-01,6.211902470488335215e-01,7.201313510926204975e-01,2.468882070319100563e-01,-9.549629058580810792e-01,-4.979698383241660808e-01,-3.981018582744761947e-01,6.934567645095832678e-01,5.683477136442737221e-01,2.976548384011215576e-02,-5.168915627765077042e-02,-4.143633577035991944e-02,4.497358251710169112e-03,1.015689928993035451e-02,1.573353413183821436e-01,-6.162940858970064606e-02,1.052244050796168062e-02,3.142978498708937150e-04,3.761615633967842036e-03,1.303558986467738892e-03,1.747443287501817492e-03,6.390322227229940089e-04,5.309809940727543143e-03
1.134301270417422888e-02,4.438364296855632635e-02,3.193055778600219607e+00,1.019282228384120331e-01,1.864470347362880420e-01,5.972802948241454774e-02,1.176137927599503127e-02,1.724137931034482735e-02,-2.445643956956500276e+01,2.647163451838434600e+00,6.577182617383192653e-01,1.653969599401744206e-01,-8.947923398180037680e-01,-1.485772411001101412e-01,-7.970924669374332971e-01,1.185648268045846748e-01,-2.905776191229838545e-01,-6.732236790664658521e-02,3.139335657617257219e-02,3.161838236880735176e-01,1.093789625242694297e-01,6.290967389098046491e-04,4.147233176591924955e-04,2.235570460928445677e-03,4.774689272974433352e-03,2.628308920471870147e-01,1.739545302314760705e-02,4.248575408320443524e-03,3.934333674040664790e-04,1.410209042147348921e-03,1.279841680635071186e-03,1.745976207391134946e-02,1.488051355570978694e-03,7.158575888486336247e-02,-1.814882032667875650e-03,-1.742215532760496566e-02,-9.431659339283982035e-02,-4.657019828193137423e-03,-2.139584165721797326e-03,-3.873114574166592466e-02,-1.571423372259268814e-02,-9.074410163339395596e-04,-1.102204175106354711e+00,-3.857997251608358269e-02,-1.882367457964156943e-01,5.317531870421663420e-01,-3.791897142133859866e-02,-5.228047239621905762e-01,2.018984812888899860e-01,1.828131239635761851e-01,5.373986184883725592e-01,1.802060644404724354e-01,-3.094223005969509721e-02,2.847568705028857838e-02,-1.491983183061211249e-01,-1.581094595784525566e-03,-3.939967943092675842e-04,-3.757439860902225814e-03,-8.650429650525915531e-03,9.998878576296454934e-02,-7.166403807514895585e-02,-8.284505954644649089e-03,4.265022311899049380e-05,-3.155275321229928862e-03,-7.026968387353091199e-04,1.403336618810235165e-02,-5.583499859227841235e-03,2.397657397107685884e-02
1.179673321234119866e-02,4.191762965342091946e-02,3.203404224315761439e+00,4.639146032790064655e-02,1.177120904124681344e-01,1.078455006232692352e-02,1.966522161728195828e-02,1.179673321234119866e-02,-2.579690937736174661e+01,4.046617022795029328e+00,8.784171125949331582e-01,4.544918235667959050e-01,-1.270974408825372159e-01,2.579821456420151177e-02,-7.885858894043829004e-01,-2.322414144889567433e-01,-5.676604053590568189e-01,-2.209075678512934515e-01,-3.638384622710779115e-01,1.415981960772613457e-01,-3.340504464898469417e-01,7.603028686071324274e-03,1.411048313886707132e-04,1.468286262497216048e-02,8.754269644275454454e-02,1.828501719071284337e-01,7.019589141985133410e-03,1.136900261175840567e-02,1.719040637911867014e-04,1.405024267838801211e-03,3.446266116524892946e-03,6.368398392251941806e-03,5.352271895472677371e-04,5.236347841378422019e-02,4.537205081669697798e-04,-2.466013315135406891e-03,1.034844571554183190e-02,-5.553676251051138657e-02,-6.873494432381990760e-02,-4.894347942008762248e-02,7.903842341286927003e-03,-5.444646098003628684e-03,-1.340469807796743851e+00,1.399453570956594728e+00,2.206988508566138929e-01,2.890948636266215122e-01,7.676948989354666075e-01,1.743754556643116460e-01,8.506577533050396767e-03,-3.508062412935414320e-01,-2.770827862360729643e-01,-1.535851999446468663e-01,-3.952318188472505045e-01,-1.745856276108121719e-01,-4.434294090141163713e-01,6.973931947161519408e-03,-2.736184862705217822e-04,1.244729216404371480e-02,8.276800716978011119e-02,-7.998072014005858099e-02,-1.037586388116247364e-02,7.120427203437962142e-03,-2.215293036128797776e-04,-5.184774308547709584e-06,2.166424435889821760e-03,-1.109136368165940766e-02,-9.528241660237109570e-04,-1.922228047107914228e-02
1.134301270417422888e-02,4.916843200766203570e-02,3.196558568963396851e+00,8.356112694470452240e-02,1.796794055801591294e-01,7.589550503295143004e-03,1.939644052575775074e-02,1.179673321234119866e-02,-2.627454399453028699e+01,3.723373547972222752e+00,7.315343168850072519e-01,4.475971259790026968e-01,3.325882921361548172e-01,-1.077697420675383377e-01,-6.185476660941109373e-01,-2.553437091457790298e-01,-2.645317645390450889e-01,-4.343670407915677378e-01,-5.685000338477921300e-01,1.785039726225047252e-01,1.321174012228210071e-02,1.649466434798325205e-03,1.333257414224297188e-04,3.399546264381986607e-03,1.922308045716509053e-02,2.958007722138832896e-01,1.050369132477760531e-03,4.480729322119827475e-03,2.470863854292582851e-05,4.997202351238200918e-04,1.047139283222158499e-03,1.050657987687450686e-03,5.381577169114146777e-05,8.109542213265083510e-02,-4.537205081669697798e-04,7.250802354241116243e-03,-6.845655352364587998e-03,3.716966661680387585e-02,6.196731516769099501e-02,-3.194999559031780519e-03,-2.687810915242075382e-04,0.000000000000000000e+00,-4.776346171685403874e-01,-3.232434748228065757e-01,-1.468827957099259063e-01,-6.894697587793208182e-03,4.596857330186920332e-01,-1.335679566317398426e-01,1.700382233102719631e-01,-2.310229465682228644e-02,3.031286408200117299e-01,-2.134594729402742863e-01,-2.046615715767142185e-01,3.690577654524337947e-02,3.472621866121290424e-01,-5.953562251272998852e-03,-7.779089966240994433e-06,-1.128331636059017387e-02,-6.831961598558945747e-02,1.129506003067548559e-01,-5.969220009507373095e-03,-6.888273289638578191e-03,-1.471954252482608695e-04,-9.053040327149811193e-04,-2.399126833302734664e-03,-5.317740404564490903e-03,-4.814114178561262761e-04,2.873194371886661491e-02
2.949183303085299579e-02,2.596281050441337501e-03,2.743286685806043845e+00,1.293921585595295132e-01,2.090077500859543469e-01,9.462700309276750321e-02,5.401639438807288168e-02,1.451905626134301214e-02,-2.762663812042073275e+01,3.294845186285113137e+00,6.883704951910571967e-01,2.365521757252194157e-01,-1.581891224031973520e-01,-8.322830648395375397e-02,-1.549937272917656372e-01,-1.527405447973641806e-01,-1.495781847010438925e-01,4.874711328183137238e-03,1.883471526157600578e-02,2.682037712455832001e-01,1.688445743698835932e-01,2.847408294642633265e-03,1.686183942893669128e-03,5.199482740720967611e-02,2.324401857173628155e-02,1.566756372711949896e-01,2.701262708786298858e-02,2.603212339436187031e-02,4.428463964933265014e-04,5.743577372711084796e-03,2.539631590716315366e-03,1.321755444219899732e-02,3.034616989287261340e-04,4.215571952342204998e-02,1.814882032667876691e-02,-4.657215095722069820e-02,-4.532718831573530061e-01,4.583103161482499077e-02,2.932834450579521746e-02,8.703745258947236108e-02,3.461995386231513094e-02,2.722323049001813475e-03,-1.352094125890445753e+00,-4.285283616871096157e-01,-4.316382169395005519e-02,-2.110449502537832811e-01,-4.907774145393521970e-01,2.454143558358458377e-02,4.635539388023453000e-01,1.026031643484148492e-01,1.149535798380011964e-01,4.392417521197508612e-01,5.873347491093681150e-01,8.969979862307847496e-02,1.556328342476014925e-01,1.197941859844308060e-03,1.552858201471239491e-03,4.859528114282769123e-02,4.020938114571191019e-03,-1.391251349426882999e-01,2.596225795538522826e-02,2.155139407224204370e-02,4.181377579504006966e-04,5.243857137587264704e-03,1.492492307494156867e-03,1.216689645451154642e-02,2.496459272375846730e-04,-3.893970260922878512e-02
9.800362976406533366e-02,7.276294974392656829e-03,2.598478065125341629e+00,1.668794964938676850e-01,2.018337747530488946e-01,4.527476485980903020e-01,1.474496338426083304e-02,7.985480943738657023e-02,-2.435888526661963382e+01,1.722590495980806491e+00,-9.226331280017058267e-02,-1.622292187037416289e-01,-8.581265021540473992e-01,-6.726749988021719917e-02,3.490580558214594065e-02,2.160706873032021691e-01,5.314855394613856449e-02,-4.435455148352604460e-01,-3.712402782654940503e-01,-5.961364977593772152e-02,-9.184681010857981276e-02,2.896970161390121506e-02,5.381071580211377325e-02,1.132061232768716286e-02,1.025745555679640278e-02,1.295575781820022636e-02,2.860156346338228739e-02,3.783942906811427892e-02,7.690921477613038180e-04,2.548052857008885168e-03,3.920065985468758167e-03,1.091941603358093657e-03,2.776466980460010926e-03,1.646474663399075805e-02,6.851179673321233787e-02,4.680013923951319328e-03,-1.448086206807022158e-01,3.748733793433817185e-02,-7.173975332905452307e-03,3.581206455053227988e-01,-3.927143100381205038e-02,6.533575317604356503e-02,3.267752853801098922e+00,-1.572254690304306646e+00,-7.806338079912278349e-01,-3.987813944289610446e-01,-6.999373797508500195e-01,1.596080660373655480e-02,1.898995328739115918e-01,3.688112321005663219e-01,2.027267386471824639e-01,-4.484202261634435693e-01,-3.900749935270700353e-01,-3.278174210215208939e-01,-2.606913844784634060e-01,2.612229331925858267e-02,5.212453185922010651e-02,-4.067421507952251325e-02,-1.298656301493987877e-02,-1.437198794529947754e-01,1.588936375519298810e-03,1.180730567375240861e-02,3.262457512679773166e-04,-3.195524515702199628e-03,1.380434394752442801e-03,-1.212561283884090388e-02,2.473005281531284738e-03,-2.569097288943129193e-02
1.497277676950998192e-02,4.154272478662736356e-02,3.273600718969496448e+00,1.055917240658179740e-01,1.915075808562161364e-01,2.807006216654433020e-02,2.354968814776570857e-02,1.905626134301270300e-02,-2.433344053504660565e+01,3.115061794500208148e+00,-2.253995087763709104e-02,1.500994175601645664e-01,-1.086205753972701249e+00,-2.830233835927687958e-01,-4.211075057940495969e-01,-3.375893269955659859e-01,7.236446059484813453e-02,-3.833434434913881028e-01,-5.145586087476460291e-01,2.108499171466341263e-02,-6.943431609621716905e-02,1.181088272231524752e-02,9.672655687303924332e-03,4.749454564696700166e-03,5.436505859076914103e-03,4.871488600412776648e-02,2.173645925619205610e-01,6.288215248711739348e-03,9.628812860548921070e-05,2.532921054808694086e-03,4.595008412374465665e-04,1.502513221628837487e-03,1.399213807111126476e-03,5.912297108399603568e-02,-8.303085299455535695e-02,3.426642981223470413e-02,6.751226538441548186e-01,-6.128777242804971104e-02,-1.032619389683275823e-02,-4.246775864315459614e-01,8.804724763504875526e-03,-6.079854809437386376e-02,2.544473157302817867e-02,1.392471298519401657e+00,6.972336192253349163e-02,3.123286362639061675e-01,-2.280792518186538498e-01,-2.157558837125516105e-01,-4.560133113761955514e-01,-5.536600142987682105e-01,1.921590664870957005e-02,6.020207134387234316e-02,-1.433183304821519788e-01,8.069864149060113068e-02,2.241249401236264371e-02,-1.715881889158596754e-02,-4.413806011480984892e-02,-6.571157762990462690e-03,-4.820949697719488676e-03,3.575912818592753839e-02,1.887630290985382597e-01,-3.155121381940254044e-02,-6.728040191558145667e-04,-1.513180220019108221e-05,-3.460565144231311438e-03,4.105716182707438294e-04,-1.377253173348884450e-03,4.265822445000527763e-02
1.633393829401088779e-02,3.287876959266368415e-02,3.211268009827512593e+00,1.001074535495529855e-01,1.859850555160547370e-01,2.982726244869321822e-02,8.431863419800124729e-03,1.451905626134301214e-02,-2.463680495747707866e+01,2.994744070316428974e+00,3.842630528455872607e-01,3.499005662657634352e-01,-8.764944109783774362e-01,-3.114453463659003774e-01,-9.421809447357217815e-01,4.404803067059702426e-02,2.871325339239679669e-02,-1.291561339698208688e-01,3.452221910331469412e-01,2.800431856733082148e-01,2.203320571666421146e-01,1.093005833592420760e-03,2.491065299415320868e-03,3.073545075663858001e-03,1.535256283138349605e-03,5.889478471248157758e-03,2.342074147911175352e-01,2.966404557265809802e-02,1.491128165623854622e-04,1.177503182636705469e-02,5.346734194088617262e-03,3.704820024159493144e-03,1.774699226951259243e-03,6.353204118565636271e-02,1.361161524500905870e-03,-8.663955193963679413e-03,-6.233270914198385526e-02,-5.484270516264988515e-03,-5.522525340161399399e-03,1.757200282148888015e-03,-1.511782472796558384e-02,-4.537205081669690859e-03,-3.033644224304730130e-01,-1.203177241837791733e-01,4.068030037232243656e-01,1.998011487055988689e-01,2.097113429943238128e-01,-2.842196277313158159e-02,-5.210734389416722401e-01,3.816373576661630240e-01,-4.365120720245133784e-02,2.541873095215672063e-01,8.597807997807929148e-01,2.589581939586447779e-01,2.897663732628592559e-01,-1.071787688872282741e-02,-7.181590387888603030e-03,-1.675909489032842165e-03,-3.901249575938564498e-03,-4.282540753287961133e-02,1.684282222919697425e-02,2.337583032394635954e-02,5.282468795689625153e-05,9.242110771558360166e-03,4.887233352851170533e-03,2.202306802530655874e-03,3.754854198401327663e-04,4.409070101660327035e-03
2.404718693284936537e-02,4.247282105851167555e-02,2.998776464993702984e+00,1.296780119822399657e-01,2.074889827391671049e-01,1.842664408066782833e-01,1.861500853115703388e-02,2.087114337568058212e-02,-2.284399072687015320e+01,2.539064497578516821e+00,3.587642964879156349e-01,-4.678270755467653919e-01,-4.456504578312775466e-01,-4.548218343250713946e-01,-6.590533518066679086e-01,-3.367939932385803636e-02,-5.669103716074594956e-01,2.844416258715182222e-01,-3.317408140185348908e-02,2.798988299550339010e-01,-6.280397102713491941e-02,3.111765407072757290e-03,3.231135022964558203e-03,2.611801504106422370e-03,4.679545392252768693e-03,2.392826762185004674e-02,3.474279101953858806e-02,4.932092568807026206e-02,1.430301588989049081e-03,8.812468681763437062e-02,1.079979230323176685e-02,4.830496983398459114e-03,1.728141590150251245e-03,2.552686668477757367e-02,7.713248638838477583e-03,9.594051465847991400e-03,-2.124915448338096091e-01,2.957055843268698025e-02,2.150392722311236793e-02,1.544391783579850685e-01,1.018314511135690915e-02,6.352087114337569979e-03,1.792814230606925463e+00,-4.556795727379121530e-01,-2.549875635767162585e-02,-8.177276418125287716e-01,4.308439531470998896e-01,-1.433764879591710173e-01,2.831275929290538729e-01,-7.772742999445506062e-02,-5.956236249998563270e-01,4.135977598413390632e-01,-3.783962724350004025e-01,-1.443557182743138156e-04,-2.831360281937770340e-01,2.018759573480336314e-03,7.400697235492373349e-04,-4.617435715574356309e-04,3.144289109114419088e-03,1.803878915060188812e-02,-1.994646237715789472e-01,1.965688011541216404e-02,1.281188772426663592e-03,7.634965499126732114e-02,5.453058109143149590e-03,1.125676959238965970e-03,-4.655763680100799724e-05,-3.800517450087878557e-02
1.497277676950998192e-02,5.924453246834426867e-02,3.099441118814985963e+00,1.168693190706141805e-01,1.903813907941335481e-01,1.260755806112683897e-01,1.858491637821161474e-02,1.542649727767695170e-02,-2.398800286331625387e+01,2.210860810041336499e+00,2.901515062566888403e-01,-5.065453540487253603e-01,-3.819154471263138673e-01,-5.532576700750864163e-01,-1.120908235438206724e+00,-1.051620299262117642e-01,-4.895035019345249649e-01,4.291437750389702765e-01,2.721590429245402537e-02,3.561934668266245607e-01,2.156163128124976014e-01,3.892508949961345516e-04,4.609726190925757922e-04,1.739536385840877337e-03,1.674780893647842203e-03,2.350687723677323104e-03,1.673863935388230457e-03,1.684459249328949760e-03,3.120225284575079664e-04,2.015317579322369324e-01,6.876252636441544663e-03,9.296220440084747728e-04,2.700303419592330317e-03,5.520338662931652957e-02,-9.074410163339383453e-03,1.677171140983259312e-02,1.006646538212829789e-01,-1.280869291162578527e-02,-1.710759194503355674e-02,-5.819086019540989363e-02,-3.009215294541914276e-05,-5.444646098003630419e-03,-1.144012136446100669e+00,-3.282036875371803220e-01,-6.861279023122679455e-02,-3.871827850195996845e-02,6.373501070496367937e-02,-9.843583575001502162e-02,-4.618548836315388151e-01,-7.148263060235372779e-02,7.740686967293453069e-02,1.447021491674520544e-01,6.038998569430751445e-02,7.629463687159065977e-02,2.784202838396325208e-01,-2.722514512076622956e-03,-2.770162403871982357e-03,-8.722651182655450329e-04,-3.004764498604926490e-03,-2.157757989817272321e-02,-3.306892708415035825e-02,-4.763646643874130948e-02,-1.118279060531541169e-03,1.134070711146025617e-01,-3.923539666790222188e-03,-3.900874939389984558e-03,9.721618294420790712e-04,2.967651994453895589e-02
4.219600725952812881e-02,3.102232625123473378e-02,2.297938701382807647e+00,8.570198934313560946e-02,1.130902335469698705e-01,3.664883545810430077e-01,4.008378349504249094e-02,9.800362976406533366e-02,-2.398317372836004679e+01,2.026190512459059345e+00,1.531943713530862450e+00,-3.969755435917884379e-01,-6.852775994076054644e-01,-6.214683824442950311e-01,-1.310917765759465059e+00,5.529175303303454081e-01,-1.720420955106576333e-01,4.708748453513312837e-01,-2.418012668441181789e-01,-9.702503671562194565e-02,-1.533608886132046545e-01,2.762652033571650484e-02,3.897646957913477456e-02,3.684392486164777148e-03,6.397132280097906493e-03,1.806585752333918909e-02,9.540311057168526787e-02,2.466971919823101808e-02,1.517204582734518108e-04,1.775500856670065436e-02,2.066702598438040130e-03,3.996817837558875285e-03,8.635864859171327873e-03,2.530139443681417993e-02,2.722323049001814516e-02,-2.822220621710953489e-02,-8.015024174321783157e-01,-3.116732972747857100e-02,-7.729115724716367763e-02,2.404127739697746180e-01,2.149886711683087620e-02,8.257713248638838544e-02,4.829134956207070672e-03,-1.846702975822771542e-01,1.241792207274173609e+00,1.095698104569369224e-01,-3.033621522812915972e-01,-6.821071236920861480e-02,-1.900095303212583353e-01,6.580795602565572278e-01,3.174614064238673317e-01,4.173107031236100717e-02,-2.690171711365721974e-01,-4.532185035422465202e-01,-3.689772014257022281e-01,2.723726944072037137e-02,3.851549696004220175e-02,1.944856100323899811e-03,4.722351386450064289e-03,1.571516979966186556e-02,9.372924663629703113e-02,2.298525994890206897e-02,-1.603020701840561556e-04,-1.837767493655362849e-01,-4.809550038003504099e-03,3.067195793550400729e-03,5.935561439578997123e-03,-2.990199219250234963e-02
1.814882032667876691e-02,3.687459762604368418e-02,2.689973173718995803e+00,7.180405019738760053e-02,9.949287954943070167e-02,1.965145116829002392e-01,1.684546583038291565e-02,1.633393829401088779e-02,-2.437849408238039928e+01,2.596474049021686437e+00,1.026031867838831158e+00,-9.886084222151316769e-01,-3.639463641593680965e-01,-3.384370334485207743e-01,-1.232004696044426195e+00,4.605705909649199237e-01,-7.341796422086959151e-01,4.090864676950111550e-02,-1.187020637436161374e-01,5.006887584161139326e-01,5.249058988747117710e-02,2.242624368520678303e-03,2.248562369437874780e-03,2.634770383160926852e-03,1.585792746844722281e-02,1.734651266011079662e-01,6.491053072174303440e-02,1.578495421554973119e-02,6.744804696752784668e-04,5.717995579924737594e-03,1.425732149749115926e-02,3.486197881993336779e-03,4.154578321569633360e-04,4.785821406186138022e-02,-2.404718693284936190e-02,5.852271374808950405e-03,3.920344723361881556e-01,-1.389793914574800893e-02,-1.359735399753916885e-02,-1.699738428981427685e-01,-2.323831766465957530e-02,-8.166969147005444241e-02,-3.953203540203524824e-01,5.702835365626270914e-01,-5.059118456920312923e-01,-5.916328786233432391e-01,3.213312352482373679e-01,2.830313489957742568e-01,7.891306971503886381e-02,-9.234693936542548443e-02,-5.621375466980382818e-01,-4.299661985818301613e-01,1.230992031005020415e-01,5.977137951317358366e-01,2.058514785006758385e-01,-2.538389596719582697e-02,-3.672790720969690281e-02,-1.049622103003850296e-03,9.460795188349316320e-03,1.553992690777687702e-01,-3.049257984994223347e-02,-8.884764982681286893e-03,5.227600114018266832e-04,-1.203701298677591763e-02,1.219061889905311870e-02,-5.106199555655385053e-04,-8.220407027014363724e-03,2.255681962504720028e-02
1.088929219600725910e-02,1.291955643973764084e-02,3.232132830416857949e+00,5.097180224234248297e-02,1.024436290431843533e-01,2.790730297404867694e-02,5.141432520295582259e-02,1.179673321234119866e-02,-2.657416501627732686e+01,3.729261733505933485e+00,6.658422156772588751e-01,1.032074794988075972e+00,3.339583338330158746e-01,-2.167627426462419848e-01,-6.844051934631913969e-01,8.855027043593316494e-01,-8.396488601072591429e-01,1.112845945975322187e-01,-1.615321518057022399e-01,9.690337059403290876e-02,-4.094634829750416483e-01,2.203446503374399679e-02,6.752262045011749080e-04,2.170355862847277162e-01,1.386299779949473794e-02,3.700654016428244625e-02,1.430297539416841351e-03,3.926272349296100472e-03,9.142651922189285883e-05,4.873856045003124686e-03,3.012312655830935194e-03,7.184662405531539418e-03,6.307034573613703023e-05,5.858307827819751040e-02,-7.259528130671507803e-03,-2.395504118630604334e-02,5.421596566978621468e-01,-2.083224795504511756e-02,2.950749493753651587e-03,-1.686072087088515692e-01,3.456885937257291042e-02,-4.537205081669689125e-03,-2.195670933896927579e+00,1.132787684484247048e+00,-3.601896521615722824e-01,2.020683217203207427e+00,6.979046979923839711e-01,1.216742908022787895e-01,5.475995025812347983e-01,4.249321133944117257e-01,-1.054692178985632278e-01,7.037594782803111015e-02,-4.283008806208610242e-02,-4.037853878220810100e-01,-4.619540728625128323e-01,1.979184066522331892e-02,-1.573336164936699980e-03,2.144008159015667880e-01,-1.994929668952484872e-03,-1.364585864368255130e-01,-6.348023318232619283e-02,-1.185868186625363072e-02,-5.830539504533856351e-04,-8.441395349216129079e-04,-1.124500884166022494e-02,3.698464523538202639e-03,-3.523874864208263193e-04,1.072486421633613018e-02
1.950998185117967451e-02,4.882776001497952933e-03,2.910348753585178194e+00,7.549884323076433423e-02,1.608206734882414446e-01,2.721590965772246670e-02,1.998402799871820679e-02,1.179673321234119866e-02,-2.787230219042362123e+01,3.496183948657011875e+00,1.213215913585562689e+00,1.023770069105285341e+00,2.525834669508573715e-01,-2.639624859311889837e-01,-2.777332799267854258e-01,4.638591381745102993e-01,-2.840240927075378119e-01,8.375950413273836048e-02,-1.611652753834005164e-02,7.508737531411666111e-04,2.542730699474031811e-02,6.373333530619373910e-02,3.910030526860900930e-04,1.514861557377565893e-01,1.848160815195158072e-03,3.894727279591176511e-02,1.380460082135882838e-02,1.124712732895101833e-02,5.310095033727739488e-05,4.309105171591463834e-03,6.558660950937464200e-03,1.921028080647648253e-02,3.509133952140760441e-04,4.200138549517853925e-02,8.620689655172415408e-03,-8.036780438239687907e-03,-3.217840768316797551e-01,2.452704098842185126e-02,5.837704444505709134e-02,-6.913933163262102333e-04,-3.143029720423761580e-02,0.000000000000000000e+00,-1.298137174146294370e+00,-2.330777848489216098e-01,5.473736979083038134e-01,-8.304725882790631175e-03,-8.137486688215850306e-02,-4.719974328494699889e-02,4.066719135364059712e-01,-4.216435661848213501e-01,5.556247673997213310e-01,-2.752509046479385824e-02,1.454156242673621813e-01,-9.615249684089174909e-02,4.348907899697819768e-01,4.169887027244974231e-02,-2.842231518150848150e-04,-6.554943054697112692e-02,-1.201483698429958030e-02,1.940732631629318861e-03,1.237430328194198681e-02,7.320854979654917855e-03,-3.832556888461546396e-05,-5.647508734116608517e-04,3.546348295106529006e-03,1.202561840094494225e-02,2.878430494779390275e-04,-1.658169278301897115e-02
2.813067150635208818e-02,1.062734577195115779e-03,2.883404266314770314e+00,7.859257213149663246e-02,1.350774785669053568e-01,5.219284668173633512e-02,5.962763837725911474e-03,1.270417422867513649e-02,-2.963272933518807406e+01,3.324183169239086411e+00,1.042139901775869681e+00,7.473298972167751186e-01,6.464989969011507576e-01,-4.379976742837729531e-02,-4.688493490873117397e-01,2.761364939956786335e-01,-4.149233689666975006e-02,1.664506111863126581e-01,7.198888177380068087e-02,2.661229521037595802e-01,1.514599300953591021e-01,3.463913354089025176e-02,6.482965119485062941e-04,1.079541212633110675e-01,7.204324782819033351e-03,8.487219563593359495e-02,1.003055592049497194e-02,2.353841623509012396e-02,2.026578122600660055e-04,6.034612881075695871e-03,3.746401914162649557e-03,1.070112521824972442e-02,7.315498319414436446e-04,3.404259660661298342e-02,8.620689655172413673e-03,-3.820041424302837371e-03,-2.694448727040787972e-02,3.093728900732298226e-03,-2.574319492133608778e-02,2.497693702401386842e-02,-1.402126416099229445e-02,9.074410163339378249e-04,-1.760427144764452834e+00,-1.720007794179254645e-01,-1.710760118096930071e-01,-2.764401718885102222e-01,3.939155299502933860e-01,2.201627185028116884e-01,-1.911160691605263140e-01,-1.877226441788316658e-01,2.425317558108680549e-01,8.269110705357429758e-02,8.810540931214072558e-02,2.653720783506184344e-01,1.260326231006187736e-01,-2.909420176530348734e-02,2.572934592624162011e-04,-4.353203447444552177e-02,5.356163967623875713e-03,4.592492284002182984e-02,-3.774044900863856439e-03,1.229128890613910563e-02,1.495568619227886106e-04,1.725507709484232037e-03,-2.812259036774814643e-03,-8.509155588226758118e-03,3.806364367273676005e-04,-7.958788888565555830e-03
5.626134301270417637e-02,6.617399045748546924e-05,2.722880883835765431e+00,1.552891822474970762e-01,1.981169223123720180e-01,3.773000659069702389e-01,1.591177808782853059e-02,3.992740471869328511e-02,-3.112382059721737448e+01,2.183950201050430362e+00,4.357973181433580923e-01,7.442862194704112921e-01,4.160017174858228195e-01,4.727037584910200041e-02,-4.871227525018683724e-01,-1.630736572593418088e-01,-1.851467424632169678e-01,-1.153284063038032131e-01,-1.068462198234250843e-01,2.715345162810332003e-01,1.521404331335015070e-01,3.928882588375077339e-02,7.327651093335712986e-04,7.662542108782811889e-02,2.445714173705185179e-02,1.313576075571757512e-02,5.320323971178898825e-02,4.734915042299740057e-02,5.755989858174855598e-04,3.583370634608619345e-03,1.261702251235681874e-02,7.243587048704555262e-03,3.396418960568239540e-03,2.390676887541779219e-02,2.813067150635208818e-02,-9.965605867376303370e-04,-1.605233824790048835e-01,7.669661011600044376e-02,6.303944374546666118e-02,3.251072192252338899e-01,9.949014250102618251e-03,2.722323049001814863e-02,-1.491091262029300424e+00,-1.140232968188656049e+00,-6.063425836325115892e-01,-3.043677746363826486e-03,-2.304972794153279381e-01,9.107014327747929572e-02,-1.827340341455663264e-02,-4.392101512550204423e-01,-1.436544055665472108e-01,-2.817790174901158573e-01,-1.788351015972257652e-01,5.411564177273620047e-03,6.805030381424048702e-04,4.649692342860521632e-03,8.446859738506500449e-05,-3.132870017548294861e-02,1.725281695423281844e-02,-7.173643488021602677e-02,4.317268379129401978e-02,2.381073418790727661e-02,3.729411735574195272e-04,-2.451242246467076526e-03,8.870620598194168746e-03,-3.457538169545169154e-03,2.664869128626796112e-03,-1.013582773119519123e-02
1.252268602540834719e-01,6.935357418697659564e-05,2.503030866438138879e+00,1.916706811906263852e-01,1.595083248423681543e-01,1.650543671245764399e+00,5.455295564403240052e-03,2.885662431941923844e-01,-3.053493960017042497e+01,9.914413371084120907e-01,4.595308076221722438e-01,-1.436754504103493202e-01,-1.671213406730794326e-01,3.301105866636643293e-01,-4.324567042491789248e-02,-6.166117559540881116e-02,-1.177517859865013505e-01,-1.011056435787333063e-02,1.287126828528414868e-01,1.534131821790342409e-02,-2.719422156308415675e-02,6.066036816166446403e-03,1.665370175963235737e-03,5.418367839546982950e-02,5.327769608712888683e-03,1.924030584903473062e-02,4.554852665715709847e-03,1.651747753618079684e-02,1.509186020501953468e-03,6.098007810215028655e-03,2.678775068361402036e-03,8.801682629365146712e-03,3.230796290498686059e-03,1.413191723359573382e-02,6.896551724137929551e-02,3.179583729491126400e-06,-2.198500173976265515e-01,3.638149894312930899e-02,-3.860859747000386366e-02,1.273243605338794104e+00,-1.045648252342529054e-02,2.486388384754991132e-01,5.888809970469495170e-01,-1.192508863942018271e+00,2.373348947881415150e-02,-8.879616698807606401e-01,-5.831230581589021966e-01,2.828402108145623428e-01,4.438770820769504799e-01,1.014124816639329907e-01,6.739495647671561729e-02,1.052178419459298825e-01,2.355589026762665572e-01,-2.561931980631297900e-01,-1.793346546965856603e-01,-3.322278906758432959e-02,9.326050666296644386e-04,-2.244174269235828939e-02,-1.912937212833896311e-02,6.104545093317155502e-03,-4.864838704607327841e-02,-3.083167288681660373e-02,9.335870346844679082e-04,2.514637175606409310e-03,-9.938247443995417568e-03,1.558095580660591450e-03,-1.656226700695534806e-04,-9.774851641822058373e-03
8.303085299455535695e-02,8.241849171243124592e-03,2.623433607025689618e+00,1.087381016099669140e-01,1.587788727210529549e-01,1.208180788714282444e-01,1.798681915288367211e-02,1.814882032667876691e-02,-2.606490857247508686e+01,3.135715329488979464e+00,4.064616524170470702e-01,2.101872700581143838e-01,-1.065229864264034099e+00,-3.973299033964237670e-01,-2.709454886776337390e-01,4.778535050314201837e-02,1.657368604680536373e-01,6.728311562071774554e-02,-2.581817829005920717e-01,6.172975525308188605e-01,-4.015113003569886208e-01,5.008969990620850375e-03,9.685808390092793966e-04,6.457032500003637154e-03,2.732360500272081050e-02,1.287853703605928990e-01,3.186064495888921849e-02,6.105867766684458173e-03,3.481539714064259185e-04,1.554541536620956217e-03,2.574648164591346322e-02,4.471204327403285883e-02,5.331574650631695604e-03,3.465836484510591980e-02,-4.219600725952811493e-02,8.172495597056147684e-03,1.204027405875507384e-01,-8.293257958065947122e-02,-7.294521213151994310e-04,-1.529725592374336252e+00,1.253152358848043206e-02,-2.704174228675136349e-01,4.470031027695338111e+00,2.144273992380567151e+00,-5.306915520512517359e-02,3.538627204684636762e-01,-8.981085235909547215e-01,-7.274404900600881518e-01,-2.276998182527158465e-01,1.094465260985508226e-01,2.834886464545549600e-01,7.739367997859107617e-02,-3.868944657534335585e-01,6.019562343129154502e-01,-3.743170787939044675e-01,-1.057066825545596028e-03,-6.967893369539563406e-04,-4.772664589546619235e-02,2.199583539400792181e-02,1.095450645115581684e-01,2.730579229317350864e-02,-1.041160976949633866e-02,-1.161032049095527549e-03,-4.543466273594072222e-03,2.306770657755206205e-02,3.591036064466771038e-02,2.100778360133009545e-03,2.052644761151018599e-02
1.624319419237749418e-01,6.229022709061297382e-03,3.268829504864496194e+00,2.180753367203243920e-01,1.486838210134512617e-01,1.764828328372938460e+00,1.739874875319110184e-02,2.912885662431942135e-01,-2.659656389237411744e+01,2.275347671706780872e+00,1.149198423192964391e+00,1.833985715680043205e-01,-4.867819358967397925e-01,-2.540726966743996895e-01,6.262369103761509237e-01,-3.336321836760079984e-01,4.393367870170834522e-01,-2.610319302036034905e-01,-2.679641404624671930e-01,4.013411037797454672e-01,-5.862418947851251450e-02,3.622449611257589058e-03,3.625643496972560768e-03,7.272355018594482690e-02,3.652649340895478686e-02,1.271969055625178299e-02,8.815838790449934126e-03,1.646606971750944060e-02,6.979515928396457956e-04,1.019898035156729726e-03,7.746650844345962612e-04,2.350510636386637063e-03,1.532709526518030501e-03,2.043906868192528134e-02,7.940108892921958483e-02,-2.012826462181827210e-03,6.453958978388065759e-01,1.093372351103574780e-01,-1.009505170760169324e-02,1.644010249501510312e+00,-5.880703996925702726e-04,2.731397459165154640e-01,-5.316553198990305873e-01,-8.603676577821985916e-01,7.427367707759173765e-01,-2.678869849011006332e-02,5.784479283672943062e-01,1.432572067220240775e-01,8.971823990537846072e-01,-3.814175341791500307e-01,2.735999265490298149e-01,-3.283150458243212499e-01,-9.782357561875121288e-03,-2.159564487510733932e-01,3.428871108784761201e-01,-1.386520379363261318e-03,2.657062657963281480e-03,6.626651768594118974e-02,9.202888406233976359e-03,-1.160656798043411125e-01,-2.304480616843928437e-02,1.036020195082498242e-02,3.497976214332198771e-04,-5.346435014642264907e-04,-2.497181656147886772e-02,-4.236153263764622090e-02,-3.798865124113664886e-03,-1.421929616318063846e-02
2.232304900181488194e-01,3.604810790120264747e-03,3.236863115406918290e+00,2.430240033877331951e-01,1.327727964033579289e-01,1.816596738698444735e+00,2.912882057537994653e-03,3.203266787658802239e-01,-2.834070683559798454e+01,2.417496027066279654e-02,1.878427798307421348e+00,9.113439759426503195e-02,-1.060001114573765058e-04,5.130501337521659044e-01,6.332884439213172234e-01,-2.198943399890249673e-01,6.830704605278112851e-01,-2.343453080958923795e-02,-6.993274943209549788e-01,4.551275718287023375e-01,1.889812524399037130e-01,2.992175320213847321e-03,1.858083592353643361e-04,4.163477075251684721e-03,4.632566456876407762e-04,1.030968785977151754e-02,1.075172010849813776e-03,1.054604235455174240e-02,2.917169215023628841e-04,1.137202785516752907e-03,6.889034719218475617e-04,1.574148002524743692e-03,8.565835681621416370e-04,3.562719745550773677e-03,6.079854809437387764e-02,-2.624211918941032635e-03,-3.196638945757790395e-02,2.494866666740880312e-02,-1.591102461009333280e-02,5.176841032550627553e-02,-1.448586669565310805e-02,2.903811252268601040e-02,-1.744142943223867093e+00,-2.251172711436117968e+00,7.292293751144569569e-01,-9.226417397373928853e-02,4.866759357852823986e-01,7.671228304265655940e-01,7.051533545166299710e-03,1.137378436869830312e-01,2.437336735107278329e-01,2.375973993940142526e-01,-4.313633538584877858e-01,5.378646804895687028e-02,2.476054419184162136e-01,-6.302742910437417363e-04,-3.439835137737196243e-03,-6.856007311069314825e-02,-3.606323676326714939e-02,-2.410002696480265452e-03,-7.740666779600120784e-03,-5.920027362957698200e-03,-4.062346713372829115e-04,1.173047503600231807e-04,-8.576161251274869949e-05,-7.763626338618933708e-04,-6.761259583558888644e-04,-1.687634893637450853e-02
1.302177858439201585e-01,4.457796272456766113e-04,2.855037926014824201e+00,2.084512021225119194e-01,1.916015838535635729e-01,1.625944888196099836e+00,2.259305060918413623e-03,2.395644283121597107e-01,-2.808180329575285938e+01,8.865902257808170317e-01,6.709935160606455007e-01,4.361867781017913503e-01,1.893441902403054933e-01,-3.762458475771698341e-01,5.047466959676798204e-02,-1.917353726776444001e-01,2.288401332141492828e-01,-2.311007043280021711e-01,4.338217353508974639e-02,3.066339222843269541e-01,1.734958605763817219e-01,1.338152893037504280e-02,3.301150821475167928e-03,2.114494456803397981e-02,6.885471049601669773e-03,3.819600453743236118e-02,1.203993252495854163e-02,3.404328995309878481e-02,2.115750585594814836e-03,5.734560425395504070e-03,2.785959742845367428e-03,5.290495863148021033e-03,2.016231929236473631e-03,1.199073814805723739e-02,-9.301270417422866088e-02,-3.159031162874588027e-03,-3.818251893920940887e-01,-3.457280126522127572e-02,5.882878745020564404e-02,-1.906518505023448995e-01,-6.535769966195810292e-04,-8.076225045372051325e-02,2.589035398451251524e-01,8.624152655101542386e-01,-1.207434282246775847e+00,3.450523805075262906e-01,1.894501903517628594e-01,-8.892959813293357385e-01,-5.828137743245492830e-01,2.815896731138056719e-02,-4.542303273136619746e-01,-2.076661735184129332e-01,7.427096678560447529e-01,-1.484936495443753834e-01,-1.548539186352199115e-02,1.038935361016119635e-02,3.115342462239803403e-03,1.698146749278229423e-02,6.422214403914028834e-03,2.788631667766084538e-02,1.096476051410872829e-02,2.349724759854704415e-02,1.824033664092451898e-03,4.597357639878751380e-03,2.097056270923519650e-03,3.716347860623277558e-03,1.159648361074331994e-03,8.428018402506464585e-03
1.361161524500907431e-02,1.424377984994227263e-02,3.192089459604490642e+00,1.089748965420178906e-01,1.995937265656678727e-01,3.741458188728239570e-02,2.305937295125810166e-02,2.087114337568058212e-02,-2.506373331550478767e+01,3.279321345521165831e+00,-2.648598461210027732e-01,1.063663789616918209e-01,1.017215186878387134e-01,-1.184229176486289448e-01,-4.019021089227693411e-01,-1.231254981551794525e-01,-1.821366258906011448e-01,-2.176219257170283403e-02,-6.285143708982342259e-02,-1.492886299640131531e-01,-1.306450377097085058e-01,5.355352237207377727e-03,3.970999510939514018e-03,1.000338727252178712e-02,2.261639578898901048e-02,2.232448027422593850e-01,4.561238390304945059e-03,2.138836286691365388e-03,8.304705765947276207e-04,5.195955674783785637e-03,1.041121158394743909e-02,3.977059937741316692e-03,1.282472750523552482e-04,6.023916593714767620e-02,-1.166061705989110825e-01,1.379800022269659678e-02,3.370515335896664411e-01,-9.947630558049402882e-02,7.992142712104299829e-03,-1.588530306308817419e+00,2.080006789033968934e-02,-2.186932849364791320e-01,3.018069980248071715e+00,2.392731119740348689e+00,-9.358533621816482739e-01,-3.298203991400995294e-01,-8.762267155246677985e-02,2.578229299285408893e-01,-4.523767785195373370e-01,6.860987452246494755e-02,-4.109767591047503998e-01,2.093385117562993336e-01,-1.062336106249131690e-01,-4.559225522483401072e-01,-3.041408982860902555e-01,-8.026176693167665077e-03,6.698486894643460900e-04,-1.114155729551219269e-02,1.573092473938733984e-02,1.850487982048270308e-01,-7.478694134653596573e-03,-3.190445366640742159e-02,-1.285280009000087324e-03,-5.386047506117184330e-04,7.625251841102071229e-03,-1.313435925406704341e-03,-1.887984654184118437e-03,4.824842778909044227e-02
1.996370235934664256e-02,1.925982210395695005e-02,3.175131248245238957e+00,1.031538311625217891e-01,1.914290233586589118e-01,3.296797677680977229e-02,2.736610260306928874e-02,3.176043557168783948e-02,-2.437360379098616292e+01,3.329550060667805678e+00,-8.192162512478947667e-01,1.481926221874565741e-01,5.739765747397834739e-01,1.335628940295341682e-01,-2.936896448561815420e-01,5.307404625278042132e-02,7.346086181848668351e-02,1.766872455455040236e-02,-8.257550939398229650e-02,-5.874493551209469117e-02,-1.783018312858771215e-01,8.048097456109947270e-03,2.285251011631093607e-02,1.580605756383222926e-01,5.180165697748527823e-03,3.633708631419169111e-02,1.087692852978357997e-03,1.442659090075343016e-03,4.046997784485916209e-04,9.538476489199889524e-03,2.116023759065362077e-03,1.225099506345133336e-02,9.641822533318335437e-04,4.243435578019855853e-02,6.352087114337568244e-03,5.016042254014677418e-03,-1.695821135925168477e-02,-5.821065379496101477e-03,-8.164703207008960906e-03,-4.446605110472623412e-03,4.306729651811187082e-03,1.088929219600725737e-02,6.901295245186247485e-01,5.022871514663984627e-02,-5.543564051268919934e-01,4.182624322576475318e-02,4.722550560519447327e-01,2.519858116781631407e-01,1.082124640665877990e-01,1.761995444079598738e-01,2.555974877090878561e-01,3.943091712625323986e-02,-1.972407230415887391e-02,9.054369445191845500e-02,-4.765679357616861567e-02,2.692745218902569543e-03,1.888151060537142378e-02,1.480571883658005072e-01,-1.743623009124048440e-02,-1.869077164280676939e-01,-3.473545537326587062e-03,-6.961771966160223719e-04,-4.257707981461359998e-04,4.342520814416103887e-03,-8.295187824882076580e-03,8.273935125710016672e-03,8.359349782794782413e-04,-1.780481015694911767e-02
2.994555353901996383e-02,1.416856327984667221e-02,3.081713145041050872e+00,6.422788922602010175e-02,1.207590141969187986e-01,1.489731927151145829e-02,1.358486307150623060e-02,5.081669691470054595e-02,-2.415827596370930763e+01,3.083475668877266429e+00,-8.861760247940060342e-01,1.612913751547193186e+00,-4.980697809535166165e-01,5.639202095619011423e-01,4.997363330880867371e-01,-1.364384095726621504e-01,-3.237034157333747442e-01,-2.986525161440098941e-01,9.026882649566442263e-03,1.499227668816865700e-01,3.664049165416860543e-02,4.486584053341421963e-02,1.644571024879541406e-03,1.124063720694156582e-01,7.998908102236015547e-03,3.492641255140256640e-02,4.429108591507040574e-03,1.007725075516937956e-02,1.092944223360013158e-02,1.073973526336073452e-02,5.702119983191758328e-03,1.146280499242364505e-02,1.486036926027368543e-04,3.030640536218597719e-02,9.981851179673321278e-03,-5.091258824110277831e-03,-9.341810320418808544e-02,-3.892594193650168732e-02,-7.067000916174011327e-02,-1.807065750529831399e-02,-1.378123953156305814e-02,1.905626134301270647e-02,2.153278272768552881e-01,-2.460743917905392486e-01,-6.695977354611126753e-02,1.464721129359736640e+00,-1.072046355693299979e+00,4.303573155323670019e-01,7.934259779442682792e-01,-1.895124558254425717e-01,-3.971642775518614554e-01,-3.163212406985602687e-01,9.160239204354873876e-02,2.086677023937812681e-01,2.149423229400457269e-01,3.681774307730427409e-02,-2.120793909143139575e-02,-4.565420356890663445e-02,2.818742404487487724e-03,-1.410673762789124708e-03,3.341415738528682577e-03,8.634591665094035889e-03,1.052474245515153985e-02,1.201258774160844991e-03,3.586096224126396250e-03,-7.881900710276883160e-04,-8.155785607290966894e-04,-1.212795041801258134e-02
2.268602540834845777e-02,6.612033419841856392e-03,2.872832421067573083e+00,8.899893505882608413e-02,1.495486736533188366e-01,8.997839313734702638e-02,1.252083464026582799e-02,2.268602540834845777e-02,-2.589540734644723230e+01,2.011449861358447500e+00,5.658743788038135270e-01,9.855954695897402029e-01,-9.358895906119157893e-01,7.299433826216593646e-01,-4.615051477144679337e-01,1.380544498160896916e-01,5.593945127560370767e-02,2.110416220868054082e-02,-2.014585884983687847e-01,1.521847723822332965e-01,1.980214558188990726e-01,1.392242433237403376e-01,6.588308176222844445e-04,1.291312862530714090e-01,2.295589391391285924e-03,6.910403247973925106e-03,1.062975744488488423e-02,5.248582792033512461e-03,1.839941157867142150e-04,1.441603590368602597e-03,1.124122944068813327e-03,3.540895832963329454e-03,1.064674662014187438e-03,4.890164248611288816e-02,-7.259528130671506069e-03,-7.556529860004815823e-03,-2.088807239734777887e-01,2.477104583280598238e-02,2.878965945640003798e-02,7.508107386583556808e-02,-1.064028431240402611e-03,-2.813067150635208818e-02,-1.737131382737924667e+00,-1.072025807518818930e+00,1.452050403597819450e+00,-6.273182819574529834e-01,-4.378198096583991727e-01,1.660231730597582223e-01,-9.612414808025546709e-01,2.744928593887518420e-01,3.796428670089784241e-01,3.197566783526904488e-01,-2.104854711479352269e-01,2.262005500546726555e-03,1.613809641647304671e-01,9.435840279032611799e-02,-9.857402072572570700e-04,1.672491418365575078e-02,-5.703318710844729189e-03,-2.801600930342864129e-02,6.200648853377843661e-03,-4.828667963135867096e-03,-1.074544811781341820e-02,-9.298131672992131919e-03,-4.577997039122944783e-03,-7.921909159460316027e-03,9.160709694114505842e-04,1.859523712392691097e-02
1.542649727767695170e-02,4.891019865081416146e-03,3.238963595320084821e+00,9.298018379845088277e-02,1.436318692340504966e-01,9.415791984772511891e-02,5.226645677498371022e-03,1.270417422867513649e-02,-2.761196539716109299e+01,2.911055207666949585e+00,1.233602582103370038e+00,9.334563570421814394e-01,-1.927443009057547285e-03,6.554168718918851333e-01,-8.559287704535283314e-01,2.126459854224831136e-01,-2.372478718163359701e-01,2.079764636167929504e-01,3.566128535321227977e-02,9.229341051435817345e-02,2.537493373729182711e-01,8.660646685906735198e-02,2.389503804371748532e-04,1.687026890967468218e-01,3.182352844891202411e-04,7.074138469601616921e-03,2.797942492381930504e-02,1.287400384256596163e-02,3.482858416279228887e-05,3.356936725728411428e-04,3.152155195345815713e-03,8.134272970880792111e-03,1.398810021271113023e-03,4.888089070857921242e-02,-7.259528130671506069e-03,-1.721013554760440246e-03,3.661311742525117374e-01,3.981248739624798638e-03,-5.916804419268339998e-03,4.179526710378092536e-03,-7.294188962767456964e-03,-9.981851179673321278e-03,-1.716558050713860695e+00,8.996053463085020852e-01,6.677282032995565109e-01,-5.213911254755876357e-02,9.339621476028582281e-01,-7.452651072977423130e-02,-3.944236227390603977e-01,7.459153560639342206e-02,-2.931873230919396778e-01,1.868723014081123956e-01,2.371198738515810645e-01,-5.989136186787512306e-02,5.572788155401919852e-02,-5.261777646467298564e-02,-4.198804371851095913e-04,3.957140284367541283e-02,-1.977354106902165683e-03,1.637352216276918154e-04,1.734966747893441907e-02,7.625421050532449167e-03,-1.491655316239219261e-04,-1.105909917795761454e-03,2.028032251277002602e-03,4.593377137917463091e-03,3.341353592569255848e-04,-2.075177753367574152e-05
1.769509981851179747e-01,1.161528915137532633e-02,3.051045358523757578e+00,2.411163109403771099e-01,1.292975494573150308e-01,1.495172877622782392e+00,3.026067826940511546e-02,2.921960072595281566e-01,-2.849385880140185634e+01,1.335408093730076740e+00,2.350521205246262735e+00,4.658326701007777793e-01,7.531028205338501369e-01,1.059769875957828678e+00,4.085515534505814728e-01,-1.613744606289940098e+00,9.951189934718592811e-01,-4.058745506235980627e-01,-3.712049127807958704e-01,8.898832134675773720e-01,-2.008616007128592451e-01,2.757875097843066024e-03,8.951642961672889864e-05,3.292475893754766292e-02,1.322979932336887984e-03,4.407641112159600520e-03,8.544653310938497099e-04,1.090298882306709773e-02,5.130336597330523466e-04,3.056057806412142835e-03,1.638139675403907976e-03,3.723579988685662284e-03,2.189086073812965966e-04,8.822566778050553241e-03,1.615245009074410265e-01,6.724269286293910186e-03,-1.879182367963272426e-01,1.481361271419262271e-01,-1.433431977673546576e-02,1.401014957775057246e+00,2.503403259190674357e-02,2.794918330308530097e-01,-8.818934042407633456e-01,-1.575647113936872845e+00,1.116918623142892697e+00,-4.676236869414036601e-01,7.550302635429076981e-01,4.043530040659435443e-01,1.264480323904109804e+00,-1.826390591712423239e+00,1.232366865288195168e+00,-6.138510142403910130e-01,-4.068661981340081502e-01,7.975898029532192401e-01,-4.546109380857775162e-01,-8.384859176122429203e-02,-1.494339508204459545e-04,-1.357779301591991450e-01,1.004744647847767743e-03,-2.666497357442016401e-03,-2.712495959272545609e-02,-1.971015019498863902e-03,4.782050755702600578e-04,2.720364133839301909e-03,-1.514015519941907736e-03,-4.410692982195129827e-03,-1.179901413889816427e-03,-4.005832393052866092e-02
1.751361161524500887e-01,9.638707246195619277e-03,3.227265344266753377e+00,2.265563382347632881e-01,1.453478246714089150e-01,1.933687369657120847e+00,2.679872452490834542e-03,2.885662431941923844e-01,-2.572403025597403214e+01,5.777557726542563721e-01,1.204179793946392074e+00,3.300570224618728510e-01,-8.383856177117772202e-01,-3.311028740794625946e-01,4.451085577608286381e-01,-3.152388159922796529e-01,9.303744671298044278e-01,-6.376956332094134428e-02,-4.942525041623310189e-01,4.514697723663211870e-01,-4.001463716384597719e-03,2.648622469208741954e-03,1.187538983214563937e-03,3.208858625375216218e-03,1.322985349929055397e-03,1.890113216998133127e-03,1.117717669513847633e-03,6.481549993134635805e-03,4.142132188603121160e-04,1.789584155752544856e-03,2.540058290335921523e-03,1.338159181765910012e-02,2.477228164299446599e-03,3.404284883236859995e-03,-1.814882032667886058e-03,-1.976581905179707055e-03,1.762199857429957994e-01,-1.455997270561382173e-02,1.605027521409388425e-02,4.385144920343384545e-01,-2.758080581691427918e-02,-3.629764065335772116e-03,2.769828545427824196e+00,-7.576523210758203675e-01,-1.146341411299870661e+00,-1.357756476389049283e-01,-1.591488438245627357e+00,-1.390872750037291272e+00,3.655700431024716535e-02,1.298505790297660445e+00,-6.474452634205485335e-02,3.421049873026567045e-01,-1.230475913815351485e-01,-4.384134411012561849e-01,1.968601369964746439e-01,-1.092526286343240699e-04,1.098022553597835039e-03,-2.971590031217244757e-02,5.417592167412943471e-09,-2.517527895161467393e-03,2.632523384199979234e-04,-4.421438829932461921e-03,-9.882044087274023062e-05,-1.266473650659597980e-03,9.019186149320135466e-04,9.658011828973437837e-03,2.258319556918150003e-03,-5.418281894813693246e-03
2.495462794918330146e-02,3.285709743516731368e-02,3.123953639192018183e+00,8.039694398866088776e-02,1.478523102207944528e-01,3.313519677724725138e-02,2.377368759699301226e-02,2.450090744101633342e-02,-2.358586022403268245e+01,3.204108939174808768e+00,-1.003961086304971273e+00,1.645511996536787314e-01,-3.298058656926624588e-01,-5.999227581948338717e-01,-2.037566613367356450e-01,-2.157599264920262438e-02,3.987364793736032642e-02,-2.217437375862758298e-01,-4.579044130079760189e-01,-2.400278975398186798e-01,-2.970044362594164156e-01,3.238011430679949010e-02,4.830537866855807994e-02,2.909230463985069178e-03,9.613105115855778357e-03,5.068559685059764730e-02,9.292395802195962951e-02,7.875936088881737088e-03,1.216954682430139651e-03,1.940164208772060268e-03,2.331133868562958091e-03,4.979909633109581499e-03,1.469459032551596184e-02,2.728180682471762972e-02,-1.501814882032667942e-01,2.321839018897169440e-02,-1.033117050747351939e-01,-1.461593942461024143e-01,2.504485549385537801e-03,-1.900552172879873547e+00,2.109381514450217598e-02,-2.640653357531760337e-01,2.138170031941349691e+00,2.626353166520552396e+00,-2.208140880251363569e+00,-1.655058228081941196e-01,5.085797520191147614e-01,-2.688198841153712770e-01,-6.488652190975643386e-01,2.936628233430770285e-01,-8.905008191924440597e-01,-1.579741742653344994e-01,3.634809115435500004e-02,-6.914976699061399223e-01,-2.930029725430318144e-01,2.973149183759074901e-02,4.711783968534351275e-02,-2.996281613901470402e-04,8.290119765926723394e-03,4.879548363359951374e-02,9.180624035244577819e-02,1.394386095747101283e-03,8.027414635698275347e-04,1.505800530195154120e-04,-2.089244217729634319e-04,-8.401682184549518623e-03,1.221736216121651480e-02,2.387752194148077059e-02
2.087114337568058212e-02,5.638381869844880795e-02,3.259542167869187601e+00,5.933647169681331712e-02,1.084202932732016289e-01,3.059073100334908785e-02,7.022621702963430246e-03,4.537205081669691553e-02,-2.277683032342480374e+01,2.893011057026450672e+00,-8.829563784351921463e-01,6.102420339003835625e-01,-1.606273701177786395e-01,-5.782738281696725435e-01,-4.336122165345525081e-01,5.315889089636766096e-02,-9.336109984134435269e-01,-2.108374487256897689e-03,2.426828285012573305e-01,-3.003244342260028565e-01,-2.237829568140373149e-01,2.543592251879474644e-02,6.985218382317838481e-03,1.082687904668728704e-02,1.400644208008194891e-02,2.359934361853782345e-02,1.752897356578476118e-01,1.019873899689417371e-02,2.834692370262745361e-04,5.764082928017701980e-03,1.476360530714238744e-03,2.234450768558826194e-03,1.766323672040798426e-03,4.655287516533967995e-02,-4.083484573502719345e-03,2.352672126328149427e-02,1.355885286771694176e-01,-2.106047229184757064e-02,-3.943201694759282394e-02,-2.544465773898163530e-03,-1.675106589402958202e-02,2.087114337568058212e-02,8.090299006078787158e-01,-3.110978821483580958e-01,1.210047078697791267e-01,4.456908342467048589e-01,1.691784955748838193e-01,2.164893002516132814e-02,-2.298555551978168632e-01,7.473488354557028535e-02,-9.734846463508038950e-01,2.196353630990189321e-01,7.005872415092333494e-01,-6.029653668618417672e-02,7.322147944537910069e-02,-6.944191788004743654e-03,-4.132016028624024145e-02,7.917648582702217427e-03,4.393336964226170552e-03,-2.708625323205982385e-02,8.236577763588798229e-02,2.322802908012436621e-03,-9.334854454038651146e-04,3.823918719245641713e-03,-8.547733378487193476e-04,-2.745458864550755305e-03,-1.292826665347516363e-02,1.927106834062205024e-02
4.310344827586207184e-02,4.753380393080502975e-02,3.299479246065863514e+00,9.684963846789644559e-02,1.409048106440535519e-01,1.685955403276411801e-01,1.396404273035724980e-02,6.261343012704173594e-02,-2.184045253620633176e+01,1.126152051432050438e+00,-1.228764416544533944e+00,8.408710660764247002e-01,8.198654767918649167e-02,-8.375341870267382083e-01,-4.979732732629821856e-01,-6.206924645892566428e-01,-2.720114653053055664e-01,3.088819139568981798e-01,-4.156776665708626917e-01,9.261705263521910481e-02,1.298680375878996096e-01,1.076646736681819046e-02,2.404854054936283927e-03,3.691693788714173197e-03,9.111088257457719899e-03,3.940773099346324415e-02,5.939629910622584719e-02,8.476073607940837196e-03,1.110192257614276388e-02,7.819885189092401837e-03,3.683000107663884828e-03,1.414711486473733959e-02,1.127628868733482163e-02,1.622171339344664204e-02,2.223230490018148972e-02,-8.850014767643778202e-03,3.993707819667591252e-02,3.751316677108312847e-02,3.248451737085192303e-02,1.380048093242920992e-01,6.941421027393819554e-03,1.724137931034482041e-02,9.363777872184719797e-01,-1.766859005594400234e+00,-3.458080381093417977e-01,2.306290321760411377e-01,2.426139177969651173e-01,-2.592603588570656648e-01,-6.436105672842967751e-02,-6.738513554856242482e-01,6.615995331081379049e-01,3.109902884441551052e-01,-6.583604950721200222e-01,3.929414868612219891e-01,3.536509944019369245e-01,-1.466945515197655599e-02,-4.580364327381554121e-03,-7.135185257973113843e-03,-4.895353822624229009e-03,1.580838737492542070e-02,-1.158934365516217646e-01,-1.722665388953336513e-03,1.081845333911648881e-02,2.055802261074699856e-03,2.206639576949645867e-03,1.191266409617851296e-02,9.509965015294023424e-03,-3.033116177189303792e-02
6.987295825771325242e-02,4.966351233000343424e-02,3.243308469584165188e+00,1.049474090803648868e-01,1.281782405632320709e-01,3.363951062551340243e-01,7.472005799183948499e-03,7.894736842105262720e-02,-2.172860675221301108e+01,-4.174221025374568600e-02,-9.757790442217715299e-01,1.133579648387349925e+00,1.405720929696013810e-03,2.351895633508527261e-01,-5.447139701307746051e-01,-2.566752855779745879e-01,3.686866182120803748e-01,3.644613621520489399e-01,-2.710752025309525193e-01,-4.204886036799981158e-02,-9.598675846553624824e-01,2.333294318043792337e-02,1.957886920997020663e-03,1.401188665460085733e-02,4.888994626004292479e-03,2.039135133299590195e-03,2.271715444321243099e-03,7.795882809624181571e-03,5.055373713342672416e-03,3.206624685349510583e-03,5.873198461933340150e-03,1.617094795421514589e-02,2.208283591678388350e-02,7.492558605356268442e-03,2.676950998185118058e-02,2.129708399198404489e-03,-5.617077648169832571e-02,8.097770612468441209e-03,-1.272657008082148100e-02,1.677995659274928442e-01,-6.492036931173301301e-03,1.633393829401089126e-02,1.118457839933206799e-01,-1.167894261685796131e+00,2.529853723227624140e-01,2.927085823109252249e-01,-8.058082674949047786e-02,1.072723750377591045e+00,-4.674069686779241950e-02,3.640171790112820549e-01,6.406980835173858857e-01,5.557944819515076018e-02,1.446024640399101724e-01,-1.346659130032189233e-01,-1.089735622243262148e+00,1.256647581361973291e-02,-4.469671339392632635e-04,1.032019286588668414e-02,-4.222093631453427420e-03,-3.736859586016365309e-02,-5.712458366190460712e-02,-6.801907983166556246e-04,-6.046548862800091469e-03,-4.613260503742891254e-03,2.190198354269455323e-03,2.023833089477806296e-03,1.080654722944906186e-02,-8.729154788090373596e-03
1.615245009074410265e-01,2.254107598312057870e-02,2.958704685176274829e+00,2.365388318851865679e-01,1.425049507134857896e-01,1.707382115496105301e+00,7.670288896355456805e-03,3.085299455535390201e-01,-2.461382587675908695e+01,1.062172759702031177e+00,5.433332796579184998e-02,-1.443567600960651565e-01,-4.013721320083092625e-02,3.660063421219116875e-01,-4.022191489851209556e-01,-5.998406327295657814e-01,-3.135578102905801912e-02,-6.247293662920216928e-01,-2.661276325980289209e-02,-3.660452159140199502e-01,-4.292838820267543265e-01,3.674957729910485055e-02,1.735031616701401044e-03,1.075406273021333077e-02,2.676077469555245177e-03,1.912480283946203612e-03,3.233950467515667865e-03,5.508567064076531211e-03,6.046851473061102232e-03,8.416121410965599374e-04,1.859105456864917428e-03,5.508583452934793026e-03,2.507369063256270625e-03,9.459092245874130625e-03,9.165154264972777409e-02,-2.712243634688285554e-02,-2.846037844078903589e-01,1.315914228048216672e-01,1.432671015025371863e-02,1.370987009240971277e+00,1.982830971715083060e-04,2.295825771324863929e-01,-2.885219124546075875e+00,1.103914969955776870e+00,1.030112372187563352e+00,-1.277936408483415054e+00,-4.154293413052694006e-02,1.308167787710589614e-01,1.424948211456536495e-01,-3.431653471515911935e-01,-4.000423992411383800e-01,-9.891907284440706327e-01,2.444624392711496341e-01,-3.239963555460201317e-01,5.305837026286082114e-01,1.341663411866692718e-02,-2.228553042956196197e-04,-3.257823924387526562e-03,-2.212917156449047303e-03,-1.266548493533865838e-04,9.622350231944247663e-04,-2.287315745547650360e-03,9.914777597184298158e-04,-2.365012544252950537e-03,-4.014093005068422940e-03,-1.066236450128035286e-02,-1.957546685352761287e-02,1.966533640517862183e-03
2.522686025408348298e-01,3.454703511178483510e-02,3.212041770917303030e+00,2.738382570850610986e-01,1.170301414204789475e-01,1.177952685741885386e+00,2.620143528147234405e-03,3.284936479128856557e-01,-2.861224637926325087e+01,9.124645117626699609e-01,1.348869416782527697e+00,-2.940925004584661329e-01,6.993344200961141288e-01,4.741750322757849745e-02,-8.675959060520209709e-01,-9.809167757118009146e-01,9.867257685182169169e-01,-8.580191452530102625e-01,1.053424398059560618e-01,-3.137173533578727636e-01,1.586602843625664616e-01,1.499840602515282572e-03,1.530556116529820381e-04,5.681248659878600183e-04,2.812361852470343215e-04,7.993694213236741605e-03,6.315052952378191753e-03,1.159721029121943935e-02,1.557640058267360014e-03,6.431276759013553491e-04,4.703812837714623505e-04,9.704983704483803901e-04,5.157551588130180860e-04,3.615262793390723508e-03,9.074410163339380331e-02,1.200595912866425641e-02,2.533370857410282007e-01,3.729942519987453076e-02,-2.547480929300684205e-02,-5.294294297542199157e-01,-5.050145368208222400e-03,1.996370235934663562e-02,-3.998420502504163920e+00,-1.497082479393612164e-01,1.294536088816735875e+00,-1.497357403624009764e-01,7.394716332969450967e-01,-3.185888388943332039e-01,-4.653767570669000153e-01,-3.810761429822351332e-01,1.018081549547275033e+00,-2.332897789609885697e-01,1.319552030657589470e-01,5.232786255614718662e-02,5.879441663893207881e-01,-3.524973669658956754e-02,-1.581976005048419060e-03,-1.018593786422547151e-02,-2.394841284308210638e-03,6.081213929290537994e-03,3.081102484862523888e-03,6.088643227142908135e-03,-4.489211414793742652e-03,-1.984844651952045883e-04,-1.388724173093454969e-03,-4.538085082486412528e-03,-1.991613904443252647e-03,-5.843829452483406683e-03
1.801270417422867476e-01,1.950800763177277380e-02,2.837542966196436645e+00,2.184349678419977847e-01,1.692460241307296998e-01,1.464019333713730386e+00,3.770659481975916633e-03,2.640653357531760337e-01,-2.402784779608264287e+01,2.016368659130663765e+00,-6.310064685169067822e-01,-6.335535513697638788e-01,-1.527267468471633360e-01,-2.730081721027184383e-01,-5.287956201179286886e-01,-5.032047350015764753e-01,6.510170319229542368e-01,-3.061109696282979797e-01,-4.344266003865561443e-02,-6.324656531771054302e-02,-7.345206941390030053e-01,2.343811717551719936e-02,1.108028090337502027e-02,9.391271734548926539e-03,1.110753691361801489e-03,2.575083699246855009e-03,4.399953821259180303e-03,7.539277699946729527e-03,4.568844017219141768e-03,2.412228468090495820e-03,3.682553287622214976e-03,1.195914702044817944e-02,2.098975759924393697e-02,6.961868281661070731e-03,-7.214156079854808223e-02,-1.503902748001206130e-02,-3.744988047208663851e-01,-5.540328924306331393e-02,5.221588271025075223e-02,2.860666479718450006e-01,1.150515953828682228e-03,-6.442831215970962200e-02,4.584398583180608000e+00,1.103904147367993804e+00,-1.979875885299434479e+00,-3.394610509112977459e-01,-8.520611669432774926e-01,-3.204256753302969218e-01,3.388002859340922823e-01,4.777120407102244393e-01,-3.357087365952626801e-01,5.519081756247122827e-01,-1.487850998446116901e-01,2.504707880401622067e-01,-8.931809785015694114e-01,2.193827657300191636e-02,1.092722529172203763e-02,8.823146868561067280e-03,8.295175061147671679e-04,-5.418610513989886163e-03,-1.915099131119011450e-03,-4.057932591272709819e-03,3.011203958951781754e-03,1.769100792189140471e-03,3.212172003850752734e-03,1.098864864999979894e-02,2.047400244043091899e-02,3.346605488270347224e-03
4.673321234119782314e-02,3.866672094049016656e-02,3.290374075479465699e+00,9.240224703620082691e-02,1.220405065721886784e-01,3.468187871681360779e-01,8.157197318838455349e-03,7.894736842105262720e-02,-2.178549050223828232e+01,8.276091292741241112e-01,-9.126395530604899387e-01,-2.104669404838669378e-01,-1.050203235824647585e+00,6.282073795182228915e-02,1.571639398832379575e-01,-1.600932076262343018e-01,-1.717109407978686109e-01,-3.385508545741576780e-01,-5.662076361313881367e-01,1.274483832916549209e-01,-8.167799616824726883e-01,3.027193027344509194e-02,6.112236753384064393e-03,4.803203656841274760e-03,3.142264556881306774e-03,2.638219894717939301e-02,5.043017621083800694e-02,1.333116330817042455e-03,4.466270364845404371e-03,7.006191222324682690e-04,6.951980453909957329e-03,2.769185719582241412e-02,5.782910785448190476e-03,1.511847039162824563e-02,-1.333938294010889314e-01,1.915871330871739275e-02,4.528311092830290541e-01,-1.260327208057969717e-01,-4.720551755854102138e-02,-1.117200546545594309e+00,4.386537836862538717e-03,-1.851179673321234065e-01,2.242357293844360555e+00,-1.188759529856539654e+00,-2.816330845435831565e-01,4.230866108858969410e-01,-8.974764889774842214e-01,3.358289100545407413e-01,6.859595600011666461e-01,3.431115273753421735e-01,-8.227279727208228755e-01,-3.243988494585969828e-02,-5.227649760927325362e-01,1.906949486093654778e-01,-8.225926754346968295e-02,6.833813097927892571e-03,-4.968044149990955873e-03,-4.588068077707651779e-03,2.031510865519505285e-03,2.380711524793253930e-02,4.603022238957882317e-02,-6.206161369129686856e-03,-1.025736523737373965e-04,-1.711609345858027551e-03,3.269427166287742353e-03,1.573271017537423294e-02,-1.520684681379574563e-02,8.156602109967174899e-03
5.852994555353902006e-02,1.826430655281235590e-02,3.181698839412806734e+00,1.061031689998633704e-01,1.402940457550000408e-01,3.958936677045139518e-01,5.280732235491356237e-03,7.350272232304899678e-02,-2.269862924558471917e+01,8.606524505187411744e-01,-1.495531842058942518e+00,-2.380364208685722127e-01,-6.267196955616166631e-01,2.313638764779260004e-01,4.003619750706733371e-01,-1.868455204611884912e-01,-3.816613417112771911e-01,4.009522647305427401e-02,-4.007096169168717914e-01,5.998791482743309755e-01,-3.621084601222114285e-01,3.971561227112270151e-03,3.878030252422388739e-03,3.401790675730851504e-03,1.643449421622444895e-02,1.440162130318821399e-02,1.093043614399618994e-02,1.749749400150782397e-02,2.526259078680392553e-02,1.572325306114909227e-02,1.832467893463568878e-02,8.123526362665457398e-03,5.526725632579160621e-03,6.756591305818355174e-03,1.179673321234119693e-02,-2.040241438767781065e-02,-1.086752360666589645e-01,1.370092196366254345e-02,1.825353918281136245e-02,4.907488053637787395e-02,-2.876465083347099112e-03,-5.444646098003630419e-03,-9.131387433464368542e-01,3.304332124461706321e-02,-5.828922889984525790e-01,-2.756948038470527496e-02,4.234835402630309220e-01,1.685431385261036974e-01,2.431980351874353796e-01,-2.675231283495418944e-02,-2.099504009134085802e-01,3.786460810472119798e-01,1.654980192145163453e-01,4.724307649826760547e-01,4.546715015602612597e-01,-2.630036904633282352e-02,-2.234206500961675654e-03,-1.401412981110423256e-03,1.329222965934314174e-02,-1.198057764399117903e-02,-3.949974006684181527e-02,1.616437767069078130e-02,2.079632042195852029e-02,1.502263393891662378e-02,1.137269848072573059e-02,-1.956833083315695498e-02,-2.561851528690298543e-04,-8.361879085809889589e-03
5.127041742286751053e-02,2.228634335893504501e-02,3.248400163564710397e+00,9.591681548670212554e-02,1.242999141083298703e-01,2.637511684374148069e-01,4.956007300872363602e-03,7.803992740471869805e-02,-2.245424572224932902e+01,9.819075104863813630e-01,-1.045496502739687639e+00,-5.736717685816163093e-03,-5.961921114181025771e-01,6.161335106645389470e-02,-1.815974012731622067e-01,-7.062242385213247653e-01,-2.822288415240205017e-01,-2.253624829266815954e-01,-2.826906684610634990e-01,2.704126762001918260e-01,-5.583468010762708822e-01,3.537921533993982140e-03,2.120882216758504957e-03,3.508249696296099947e-03,7.171062823554380690e-03,3.552988446922398375e-02,3.262792634809730946e-02,7.051824314124241315e-03,1.759778982334241765e-02,3.901772999410087206e-02,4.417872705629293482e-03,4.399874029232554544e-03,7.068721964345621618e-03,1.334055585623953287e-02,-7.259528130671509538e-03,4.022036806122689101e-03,6.670132415190366260e-02,-1.018635351316124482e-02,-1.599413164667017051e-02,-1.321424992670991450e-01,-3.247249346189926347e-04,4.537205081669701268e-03,2.443835233353901515e-01,1.212550599676401886e-01,4.500353393192548790e-01,2.322997031827560566e-01,3.052758414351408600e-02,-1.697505254114721196e-01,-5.819593763438355438e-01,-5.193787180601362463e-01,9.943250018725668937e-02,-2.654577093997358972e-01,1.180189484558082924e-01,-3.294664720741391495e-01,-1.962383409540594537e-01,-4.336396931182880110e-04,-1.757148035663883782e-03,1.064590205652484432e-04,-9.263431392670069126e-03,2.112826316603576976e-02,2.169749020410111778e-02,-1.044566968738358179e-02,-7.664800963461507882e-03,2.329447693295177979e-02,-1.390680622900639443e-02,-3.723652333432902854e-03,1.541996331766460997e-03,6.583964550421177696e-03
3.221415607985481100e-02,4.215877519971797209e-03,2.606709850706435017e+00,1.006099327972276858e-01,1.559730227834048577e-01,2.264733753315740783e-01,7.602813053634756291e-03,3.539019963702359078e-02,-2.533954403105668263e+01,2.207452787611694944e+00,5.661721077604173757e-01,-5.945014092833279112e-02,-4.764417056146130758e-01,-1.088053714029269675e-02,-4.725883581879368744e-01,-5.270112694175432821e-01,-5.909855466671762314e-03,-1.414090913126475613e-01,-3.050901336125304980e-02,6.374244562464761454e-01,-4.306324517852074818e-01,3.864286688626201397e-03,1.130347628612000206e-03,1.437587275866269998e-02,2.722886148231925055e-02,7.886303870455237119e-02,6.962456171455697063e-02,1.192837815061701529e-02,1.179280330657078756e-03,1.097327609390876153e-02,2.314937903409036712e-02,1.526557654333315570e-02,2.238794519992729978e-03,2.490594191405807664e-02,-1.905626134301269953e-02,-1.807046583896324693e-02,-6.416903128582753801e-01,4.693117310525560248e-03,3.167310867507498739e-02,-3.727779310584072858e-02,2.646805752762392688e-03,-4.264972776769510726e-02,-2.885298308807353607e+00,1.225545277125313692e+00,1.611668610500105014e+00,-5.371342324251662803e-02,1.197504058034895014e-01,-7.249388820674659839e-02,-2.909909569147746677e-01,1.792129691037814831e-01,2.763189860573487255e-01,8.395339161403403416e-02,2.521816550998104423e-01,3.670117800462843194e-01,1.277143492910634004e-01,3.263651546322192572e-04,-9.905345881465047516e-04,1.086762306236659960e-02,2.005779865876487073e-02,4.333315423532838745e-02,3.699663536645966117e-02,4.876553836492773970e-03,-1.641850949268533824e-02,-2.804445390019211226e-02,1.873150632846107277e-02,1.086570251410060028e-02,-4.829927444352891640e-03,1.156538605781854377e-02
1.134301270417422888e-02,1.119786281645504533e-02,2.446142610245813032e+00,1.150089170422254892e-01,2.099110027052739635e-01,4.073310094867227393e-02,8.064829158849203677e-03,1.451905626134301214e-02,-2.585051806650160344e+01,3.326894864298702181e+00,5.249394680903103350e-01,4.159995472512622028e-01,3.199611678529638154e-02,-2.322470242691818398e-01,-7.933825574337571851e-01,-6.173715963917706384e-01,-1.906608101895225504e-01,-1.392605090631650611e-01,-2.833847625596584430e-01,2.816947586157692029e-01,1.371932179693363119e-01,7.691323157355456699e-03,7.791511059249687284e-04,3.351113414947880925e-02,1.245223932588620380e-02,1.036365973547301589e-01,1.048445959244907050e-01,2.282856774865229393e-02,2.481546027663078372e-04,1.134630788039785003e-02,5.624519794666191057e-03,5.365530106622481109e-03,1.305246646680568610e-03,3.627834665586373436e-02,-2.087114337568058212e-02,6.981985296483248123e-03,-1.605672404606219850e-01,1.439898424499780338e-02,5.393797992186910584e-02,-1.857402743829018044e-01,4.620161052144473868e-04,-2.087114337568057865e-02,-5.109740354449208155e-01,1.119442076687007237e+00,-4.123263967010704079e-02,4.754496881795949870e-01,5.084378223999094226e-01,-2.213664871288891500e-01,-3.207941992458203107e-01,-9.036032697422735627e-02,-1.847509547228508020e-01,2.148582249482500206e-03,-2.528757491984053862e-01,-3.557296976307069425e-01,5.678256697545438492e-01,3.827036468729255302e-03,-3.511965226870314774e-04,1.913526139081610927e-02,-1.477662215643304675e-02,2.477355865017778769e-02,3.522003420993373435e-02,1.090018959803527865e-02,-9.311257278907709729e-04,3.730317864890884960e-04,-1.752485923942417520e-02,-9.900046436710673720e-03,-9.335478733121613682e-04,1.137240474180565772e-02
2.858439201451905623e-02,2.412126868547808528e-02,2.961210944143408685e+00,1.019649943139042808e-01,1.854122777421420565e-01,3.426124511900233843e-02,8.630967767955785575e-03,4.537205081669691553e-02,-2.451554249503700689e+01,3.094402920748298591e+00,-5.543659691177241777e-01,4.072367702324596328e-01,2.520098066977696227e-01,-8.480302032074131802e-01,-7.947219330283480376e-01,1.280825453327290309e-01,-4.150590115647129208e-01,-2.980736139951203345e-01,-3.670787295965489971e-02,-4.329661517847422508e-02,-4.887817599374324473e-01,5.303869050093262989e-03,2.118984858312502120e-02,3.565821810276286873e-03,2.014877348433333909e-02,5.827477348271842272e-02,1.360087672350534516e-01,2.739350810703597427e-02,3.169693112533732344e-04,7.023753313683636125e-04,3.641102133175416235e-03,3.374541327098681039e-03,5.504486055471207329e-04,3.765057181146927445e-02,1.724137931034482735e-02,1.292340586902303995e-02,5.150683338975956538e-01,-1.304392272832120836e-02,-2.449872496313190706e-02,-6.471855829669935500e-03,5.661386091065818971e-04,3.085299455535390339e-02,1.334975571464596555e+00,-2.324919435504035903e-01,-1.079305437208034402e+00,-8.762777018802569984e-03,2.200136899124732481e-01,-6.157831789382313126e-01,-1.339375594590852536e-03,7.454541417244996415e-01,-2.243982013751903704e-01,-1.588131049319552734e-01,2.466768896000035571e-01,-3.249913737942434211e-01,-6.259749779067687037e-01,-2.387454107262193710e-03,2.041069747720005226e-02,-2.994531233920252195e-02,7.696534158447135288e-03,-4.536182387201173616e-02,3.116417131056274659e-02,4.564940358383680341e-03,6.881470848706539717e-05,-1.064393254902948685e-02,-1.983417661490774822e-03,-1.990988779523800069e-03,-7.547980411334478772e-04,1.372225155605540092e-03
2.041742286751361060e-02,2.033706915740099430e-02,3.111254910082819070e+00,1.305010142505277915e-01,1.987588159736894677e-01,5.867984836742030225e-02,4.290884686768916406e-02,1.451905626134301214e-02,-2.544410406681546988e+01,2.996652639061839540e+00,-3.174879593718431536e-01,1.091681387500124667e-01,2.513965432499739583e-01,-7.381816907113549764e-01,-8.072806871085925762e-01,-5.095664378164012354e-02,5.044227090169293992e-02,2.927038668283269418e-01,3.631410764808992164e-01,3.150691560436792438e-01,5.148385203096318696e-02,8.996787883090560543e-04,9.200674871488934885e-04,1.883370857607252454e-03,7.544732247100086010e-04,2.678495974133327743e-03,3.064950100394968693e-03,2.736822852373138951e-02,2.170231239720963462e-03,1.919991205635505627e-01,7.010138302101455790e-03,2.892284388321588167e-03,1.012496020916905243e-03,5.227454524062188912e-02,-8.166969147005445628e-03,-3.784199528077090979e-03,1.500439659394103842e-01,2.853601993662351066e-02,1.334653823154741126e-02,2.441860324841796381e-02,3.427787909973337849e-02,-3.085299455535390339e-02,-9.285615717784629908e-01,-9.775028168645905069e-02,2.368780097458810241e-01,-2.980686314824471661e-01,-6.132634477956644403e-04,1.098485124960582038e-01,-1.255875408024453854e-02,-1.790391891143691683e-01,4.655012824664058746e-01,5.907774808234472763e-01,3.998489494405541023e-01,3.583657712221534619e-01,5.402656119683956204e-01,-4.404190261784206827e-03,-2.026978109597612696e-02,-1.682450952669034419e-03,-1.939430025962332951e-02,-5.559627750858509715e-02,-1.329438171346584707e-01,-2.527958330458476843e-05,1.853261928467590282e-03,1.912967452321822082e-01,3.369036168926039555e-03,-4.822569387770928723e-04,4.620474153697845098e-04,1.462397342915261467e-02
8.303085299455535695e-02,2.227112489119872484e-03,2.718185134185565399e+00,2.029151927901013674e-01,2.074025051115290785e-01,6.517955441797184113e-01,2.288719848760285488e-02,9.709618874773139063e-02,-2.644196049028474960e+01,2.034075623325330096e+00,7.119494421226058023e-01,-1.452066762310322626e-03,-4.667799902789006028e-01,-2.622641698570126190e-01,-4.136683406822405651e-01,-1.695521337647808158e-01,-3.055164037068401894e-01,2.506854542114537177e-01,4.126648598527224987e-01,2.437699609067771056e-01,7.534942998809410208e-02,3.745660229603437006e-03,6.239582608639294807e-03,3.193491240060549689e-03,2.579689234450125573e-03,5.378042792575304237e-02,9.018046098709059377e-02,2.342591308051722443e-02,1.573347011755008538e-03,4.312868412573784421e-02,6.275757959388009871e-03,7.522992260054575143e-03,1.064062707355832929e-03,2.691668581106529401e-02,6.261343012704174982e-02,-1.810995666828112138e-02,-3.930697758972536704e-01,7.241417853957357598e-02,8.643689137839610792e-03,5.931156958122980605e-01,-2.002164838008630918e-02,8.257713248638837156e-02,-9.978564234692797186e-01,-9.625770157365094448e-01,1.029437401494448956e+00,-1.106202055123227945e-01,-7.181765335288745611e-01,4.759175208543423574e-01,3.936123464263520111e-01,-1.185954899831406922e-01,-3.559586746085331432e-01,-4.201841261687322415e-02,4.952378337182328227e-02,-7.129919513690213817e-02,2.386557795713091512e-02,2.845981441294380843e-03,5.319515121490401427e-03,1.310120382453297235e-03,1.825216009740116864e-03,5.110193195161971680e-02,8.711551088669562681e-02,-3.942315443214165077e-03,-5.968842279659549235e-04,-1.488704364378127254e-01,-7.343803427134459189e-04,4.630707871732987410e-03,5.156668643892768633e-05,-2.535785942955659511e-02
1.588021778584391974e-01,2.388223009604634010e-03,3.185610099247350835e+00,2.060760089426074970e-01,1.511574139469367140e-01,1.741662944422411430e+00,3.209250543046429736e-03,3.157894736842105088e-01,-2.659287757631361870e+01,1.678719042878853429e+00,1.216797660140504167e+00,-3.636416832140952626e-02,-1.373760510181543104e-01,-4.220284168109106893e-01,-6.603450727950765931e-01,-2.471315153320250702e-01,6.459970548977038707e-01,-7.146061818413126931e-02,-2.680227086923642199e-02,-1.100453552294736737e-01,-3.971713176912348153e-01,1.017855375322718366e-02,1.631763326066385964e-03,8.635277373656397720e-03,1.580162080856335055e-02,2.982044126052892444e-02,4.445109886970297769e-02,1.839978521560037272e-02,6.911949657105727167e-04,1.938998852868299575e-03,8.576602393852217343e-03,1.121082868050853575e-02,5.434969327296002364e-03,1.231243928779243539e-02,7.577132486388384047e-02,1.611105204847615262e-04,4.674249650617854357e-01,3.160816152506129573e-03,-5.624509116459236457e-02,1.089867400242693130e+00,-1.967794794455642385e-02,2.186932849364791043e-01,-1.509170860288691074e-01,-3.553565804464766664e-01,5.048482180178983647e-01,-3.491210155909920537e-02,3.294039392607462924e-01,-1.597642469538980703e-01,-2.466767321128360280e-01,-7.757938156724425438e-02,9.515134586045440601e-01,-3.221460723955850147e-01,-4.394671307219589207e-01,-3.538153161362507793e-01,-4.725207476793289452e-01,6.432893523623747084e-03,-4.607819282572908626e-03,5.441786133595848465e-03,1.322193157411322498e-02,-2.395998666522411794e-02,-4.572936211738761608e-02,-5.026127864916851706e-03,-8.821520460444358218e-04,-4.118968527286954312e-02,2.300844434464207472e-03,3.687836420453960602e-03,4.370906619940169435e-03,-1.460424652327285862e-02
2.450090744101633342e-02,1.656442741459118653e-03,2.778978798121869875e+00,1.102493939158954578e-01,1.434375532272561260e-01,1.802815564787939306e-01,1.360615462985533333e-02,1.451905626134301214e-02,-2.838933749076417357e+01,3.152875222813113609e+00,1.374133137324069942e+00,4.904644752449733858e-01,-3.709745004542834568e-02,-2.225508268377941468e-01,-1.240181075887605150e-01,-2.676173012957061559e-01,-1.432891099847117822e-01,-1.717933095708041313e-01,5.801755771028073438e-03,8.835664364804519944e-02,-2.753366341262227235e-01,6.403055690921635734e-02,3.766518395282518581e-04,6.517840949868118627e-02,4.361737283367064094e-02,7.059504177362048438e-02,8.224139247301856179e-03,2.403891144118697545e-02,1.929668984170310729e-04,2.547089401472158246e-03,6.495585035618726619e-03,1.538544238359171659e-02,4.355524977965863180e-03,2.650522040071935648e-02,-1.343012704174228744e-01,-7.317802681455153578e-04,-4.066313011254809595e-01,-9.582661502671203924e-02,-7.719860719680587957e-03,-1.561381387943617582e+00,1.039690408680890403e-02,-3.012704174228674758e-01,-1.796459914450554862e+00,1.474156179934260180e+00,1.573354771835657751e-01,5.268286435663829259e-01,1.002786009727259647e-01,1.994775899731165425e-01,5.363269652063160642e-01,-2.048578596368108573e-02,-7.892861648824156529e-01,-1.003326913866728620e-01,3.260402664026449543e-02,1.984019988775188592e-01,1.218346835650120918e-01,5.385200315598917542e-02,-1.255111486538134161e-03,5.654313212502479202e-02,2.781575202510729039e-02,4.077460051309156341e-02,-3.622695962240111978e-02,5.639126225586602731e-03,-4.982280672935416981e-04,6.080905486038586712e-04,-2.081017358233490724e-03,4.174613703083180846e-03,-1.079444349330139184e-03,1.419278111292692109e-02
1.801270417422867476e-01,2.814349262252994338e-03,2.810324565836294752e+00,2.174557607767944878e-01,1.290867229974677344e-01,2.028138318845284171e+00,1.906813239181846462e-02,3.185117967332123379e-01,-2.711813848474432120e+01,-1.086880105615964098e-01,1.104289615168983163e+00,4.855797498861367245e-01,-5.304281552143202960e-01,-1.992513266069632638e-01,1.850720714292103386e-01,2.772843355017482470e-01,7.800569355225768220e-01,-4.143226694882015115e-01,-4.342378506257564552e-03,4.760739249187619926e-01,1.639564923607795544e-01,3.664051173267659535e-03,2.523129653516137296e-03,5.119549203335246358e-03,1.121087632941906564e-03,8.017972335470871514e-03,1.506438506540918720e-03,2.573460693847676433e-03,9.962271998161370806e-04,6.500902633528859173e-04,1.731937613689696733e-03,7.476415460631871332e-03,2.112104720190563934e-03,2.381702364716113077e-03,1.556261343012704246e-01,1.157906520793875686e-03,3.134576771442487697e-02,1.072063668608990300e-01,-1.435083022978839162e-02,1.847856762366490324e+00,5.461977761963131284e-03,3.039927404718693049e-01,1.271199006019852362e+00,-3.261563233374709991e+00,-2.698435221550867791e-01,-4.884725358836661258e-03,-4.933307051688919365e-01,2.329950023083088295e-02,3.090901790179708675e-01,5.449016367974544028e-01,9.233460455072886042e-01,-2.425293599173973802e-01,-1.014413427728563799e-02,3.877172812707168070e-01,4.392931264870022501e-01,-6.036650573594869867e-02,2.146477813987885275e-03,-6.005886029534594078e-02,-4.249628520072873394e-02,-6.257706943814961287e-02,-6.717700740760937025e-03,-2.146545074733929859e-02,8.032603013991060619e-04,-1.896999138119272437e-03,-4.763647421929030103e-03,-7.909026922959845260e-03,-2.243420257775299246e-03,-2.412351803600324210e-02
1.460980036297640783e-01,1.740196697417645180e-03,3.151041125751349536e+00,1.728532405120249416e-01,1.254251232089964863e-01,1.694301227157472445e+00,2.514970455652820649e-03,2.477313974591651424e-01,-2.668052519254068145e+01,3.542982097878520364e-01,9.775352806139298023e-02,4.696722214829728292e-01,9.239250405089962648e-01,-7.235147822731153866e-01,5.246637176017552306e-01,-3.087603663082190072e-02,1.810568377857409428e-01,-1.716435816145187310e-01,6.863275168751627187e-02,7.403427909778749205e-01,2.455404725989700776e-01,4.982407489126772400e-03,2.886481948921357493e-03,1.385905286227672416e-02,6.259125241134085721e-03,1.393177157537329493e-02,4.143645095840768969e-03,6.345287069760483650e-03,5.307124588615520777e-03,2.297280255214819832e-03,1.073612075937290140e-03,7.366928136686962982e-03,5.248176607111539223e-03,3.869665966809012619e-03,-3.402903811252266930e-02,-1.074152564835349159e-03,3.407165599150547841e-01,-4.460252026476954623e-02,-3.661599788471248118e-03,-3.338370916878117267e-01,-1.655316193616564527e-02,-7.078039927404719545e-02,4.376132922036397588e-01,4.629862203494484740e-01,-1.006536087107590127e+00,-1.590752840316389527e-02,1.454353195723316450e+00,-5.242634556661520673e-01,3.395916461725448920e-01,-3.081603721325701373e-01,-5.990000977368359347e-01,2.426790878736827806e-01,7.297513019377382948e-02,2.642688660591129279e-01,8.158398023819052325e-02,1.318356315859112865e-03,3.633522954052201964e-04,8.739503658941476932e-03,5.138037608192178723e-03,5.913799239902423413e-03,2.637206589299850249e-03,3.771826375912807217e-03,4.310897388799383480e-03,1.647189991861934023e-03,-6.583255377524065925e-04,-1.094873239449083505e-04,3.136071886920975289e-03,1.487963602092899542e-03
5.852994555353902006e-02,4.469387822711080177e-02,2.888807188041699447e+00,8.357036814521968948e-02,1.162332584988040041e-01,8.866259665100664766e-02,2.280766678002751208e-02,4.174228675136116423e-02,-2.413768895653653956e+01,2.285030305975426224e+00,-2.084890672126443079e+00,-7.407050903884052628e-01,9.350558895113038060e-01,-1.071917313427292795e+00,1.878391456950096253e-02,1.903117556181589121e-01,7.715427657374698267e-01,-4.512779746821602433e-01,2.230700601458723842e-02,2.216413638945962106e-01,-9.293546091712887036e-02,7.345666216478105581e-02,3.437482785922828937e-02,1.456866400343723037e-03,3.642022945829655883e-03,1.305252770721315389e-02,1.866328921878425645e-04,2.855100738749322630e-04,2.220977571225219967e-04,4.039514754055344332e-03,1.613808961825929228e-02,6.878167558393451404e-03,1.647774540835175109e-03,2.057158417485036375e-02,-8.756805807622505822e-02,4.295368152969315789e-02,-2.622339377096500890e-01,-8.928287236680525207e-02,-9.191864710192482191e-03,-1.605638630506465825e+00,2.029269632437469273e-02,-2.059891107078039851e-01,2.542836236004141881e+00,1.930732096187574243e+00,-2.182644200187835892e+00,-1.210377311871378092e+00,1.113084900230754126e-02,-3.484025311541774084e-01,-5.058798030322542161e-01,2.211877922489808024e-01,5.904859279517289394e-01,-2.796343930676414846e-01,-4.632574567292903345e-02,-5.187014270832787100e-01,-3.384759335160989480e-01,6.847425467565428081e-02,3.148834591030693492e-02,-1.240218646193300134e-02,-2.617102295304429838e-03,-8.792438681601410372e-04,-3.957012203652926323e-03,-6.059776995885551333e-03,-5.085026831492998889e-03,1.742234498840524500e-03,1.506447754232200301e-02,-4.887605782935115772e-04,-3.600402066276364114e-03,1.670191820804135113e-02
3.266787658802177557e-02,2.336422011202356208e-02,3.229536439089558897e+00,8.249681161227141735e-02,1.199769009864908448e-01,7.490739445518811157e-02,1.642010208735332835e-02,4.264972776769510032e-02,-2.459684452629084461e+01,3.142629934160483973e+00,-1.776895071899010414e+00,-6.920796794531431928e-01,6.976097779585204162e-01,-1.079333912368566128e+00,1.181546956434480905e-01,2.436087136636052308e-01,3.930260848693168940e-01,-3.180755723218008924e-01,-1.469543708236868418e-01,9.737116889419797361e-02,-3.914686468212895676e-01,1.680087942001506213e-02,2.144602807018553686e-02,2.754449611929140132e-03,2.663047207726814032e-03,3.617254876183737845e-03,2.794300098120876437e-03,6.200883486721716232e-04,2.647520504962762029e-04,1.002837385448541486e-03,3.876807199251908892e-02,6.831439872754165032e-02,6.862651622798426540e-03,1.979549649324493371e-02,-2.586206896551724449e-02,-2.132965811508723969e-02,3.407292510478594494e-01,-1.073556532948272135e-03,3.743642487686840714e-03,-1.375520219581853609e-02,-6.387564692674183725e-03,9.074410163339360902e-04,-4.591555697543050485e-01,8.575996281850577496e-01,3.079956002274326643e-01,4.862541093526207003e-02,-2.374461115527833899e-01,-7.416598941273333523e-03,9.937078107394713145e-02,5.329695804544631876e-02,-3.785166808681529327e-01,1.332024023603593510e-01,-1.692613768382740802e-01,-1.242701950003982370e-01,-2.985331859041606695e-01,-5.665578274476599369e-02,-1.292879978904275251e-02,1.297583211585417095e-03,-9.789757381028418512e-04,-9.435272831029416912e-03,2.607667205933033791e-03,3.345782747972393602e-04,4.265429337375420621e-05,-3.036677368606802846e-03,2.262998237425979664e-02,6.143623116914819632e-02,5.214877081963251865e-03,-7.760876816054300409e-04
2.359346642468239663e-01,1.905845055967607046e-02,3.133173186090879803e+00,2.607747897985567276e-01,1.240588919346609087e-01,1.494106330628987678e+00,2.144560130187721583e-02,3.185117967332123379e-01,-2.743018853641472177e+01,3.350030947922136626e+00,-4.404189994271424657e-01,-6.496805488079834268e-01,1.280301392655385451e+00,-6.337920747102272490e-01,4.757318595037297593e-01,-8.238714286885104876e-01,7.864909006826974469e-01,-9.427408260482061930e-01,2.179830366587272306e-01,1.952635162931008750e-01,-1.886983963766951933e-01,9.111450780853834605e-04,1.277744945756465692e-03,1.495339131068801472e-03,1.075794798999160813e-03,1.854656780703669563e-03,1.672223129010429318e-03,1.282870669642619107e-03,1.452503668298341967e-03,1.320850119504474608e-03,3.594640794732561519e-03,6.003083909722964698e-03,3.184348194409465562e-04,1.453806606542297703e-03,2.032667876588021838e-01,-4.305769552347491619e-03,-9.636325299867909422e-02,1.782779781862853241e-01,4.081990948170063915e-03,1.419198936173799552e+00,5.025499214523887481e-03,2.758620689655172376e-01,-2.833344010123877155e+00,2.074010137616526528e-01,1.336476072471867838e+00,4.239913064515976604e-02,5.826916146968650345e-01,4.455418376583388795e-01,3.575771638602816549e-01,-1.067480142352115635e+00,3.934648158133805529e-01,-6.246652537264052452e-01,3.649374074824141001e-01,9.789234739890290138e-02,2.027702504445943743e-01,-1.588973434192967812e-02,-2.016828312442906987e-02,-1.259110480860338660e-03,-1.587252408727653219e-03,-1.762598095480068282e-03,-1.122076969110447119e-03,6.627823209704474840e-04,1.187751617802065710e-03,3.180127340559331210e-04,-3.517343119778652827e-02,-6.231131481781868736e-02,-6.544216803357479767e-03,-1.834168988670263623e-02
2.572595281306714887e-01,1.776837722335475322e-02,3.243351294222595715e+00,2.739221122291665700e-01,1.164435071501531277e-01,1.493826960718190877e+00,2.023286065981445142e-03,3.284936479128856557e-01,-2.890507192607482523e+01,1.130375926969536149e+00,4.923573004742285431e-01,-1.023671171810164982e+00,8.456891338273091474e-01,-8.608878422169856659e-01,8.334973185622657210e-02,-1.042805773159217964e+00,5.627475706359558183e-01,-3.805672020239504461e-01,4.343598127332128078e-04,5.582499457705271118e-01,-8.149168150299870295e-01,1.435393716010625658e-04,1.453280708644915362e-04,7.223460981042658258e-04,2.002929867106681243e-03,4.295226592424071358e-04,9.020104269274341682e-03,1.701609695307557384e-03,9.969178545186669228e-04,5.766214353539549607e-04,6.950321555216810868e-04,7.373955629602400126e-04,3.043924527240395809e-03,2.355513937569746717e-03,2.132486388384752241e-02,-1.290073336321317238e-03,1.101781081317159128e-01,1.314732243060984240e-02,-7.615384784507781002e-03,-2.793699107968006246e-04,-1.942231523589577069e-02,9.981851179673317809e-03,-1.474883389660103461e+00,-2.219655020952600477e+00,9.327762999013710088e-01,-3.739906230021815547e-01,-4.346122588280763033e-01,-2.270957675067584169e-01,-3.923821276475031872e-01,-2.189343444707074759e-01,-2.237433300467416286e-01,5.621736240242557470e-01,-2.175486768459940212e-01,3.629864294774262090e-01,-6.262184186532918639e-01,-7.676057064843208946e-04,-1.132416874891974210e-03,-7.729930329645356459e-04,9.271350681075204297e-04,-1.425134121461262482e-03,7.347881140263912148e-03,4.187390256649382771e-04,-4.555858137796750442e-04,-7.442286841505196468e-04,-2.899608639210880540e-03,-5.265688346762724577e-03,2.725489707799449469e-03,9.017073310274490144e-04
1.315789473684210453e-01,1.061380676138502961e-02,2.717119990017462516e+00,1.630694815324335578e-01,1.646117214449789867e-01,7.040383718172528171e-01,8.143350607387999859e-03,1.406533575317604479e-01,-2.436480471878867604e+01,2.693754326429757207e+00,-2.335789638628786857e-01,-3.583248694505941634e-01,-3.124968220906509386e-01,-6.780567535315438210e-01,6.243103273978265477e-01,-6.421166289026529750e-01,7.013858511041870525e-02,5.400482844019555834e-02,-5.311243415917107358e-01,-7.916904310420602719e-02,-1.421180052228293578e-01,3.772113429868823725e-02,4.678058003754858446e-02,6.968526046679214374e-03,1.058328112174149009e-02,3.818031817486037399e-02,4.621163098817102771e-02,7.862179407332805028e-03,1.471739599481005105e-03,6.643965142812722526e-03,3.183194465137643547e-03,5.564715364540345419e-03,4.695964710337016158e-03,1.744795992993593281e-02,-1.256805807622504434e-01,-7.154570461969723613e-03,-5.262313042051331990e-01,-1.108526306967330122e-01,4.816821429482585903e-02,-7.897885889009380600e-01,6.120064541406554717e-03,-1.878402903811252078e-01,4.540267207286149187e+00,1.563378399460221058e+00,-7.259362643371072288e-01,6.653463023595708181e-01,-1.158185955917960142e+00,1.828310886854418449e-01,5.409605955415999201e-01,4.006891442565649886e-01,-4.926089855255371130e-01,4.345720304641459975e-01,-5.315587014044439451e-01,-6.374189888747331389e-01,6.727988098071576717e-01,3.757759492708717675e-02,4.663525196668408951e-02,6.246179948574948765e-03,8.580351254634809716e-03,3.775079551561796865e-02,3.719152671889668776e-02,6.160569712025247210e-03,4.748217449623381818e-04,6.067343707458767998e-03,2.488162309615962568e-03,4.827319801580105298e-03,1.652040183096620349e-03,1.509244599236618523e-02
3.357531760435571860e-02,1.244728067741214528e-02,3.191124013327349296e+00,8.457819410957471973e-02,1.213272114937028051e-01,1.964133405756280371e-01,7.553119502006733557e-03,5.989110707803992767e-02,-2.347406203791014434e+01,2.228356823522775088e+00,-5.366755315353051170e-01,2.052978379182429924e-01,2.081336504678438781e-01,9.701221843520532739e-02,4.796095518603412655e-01,-8.043675258576825637e-01,-5.477905623993273299e-01,1.814480553420342313e-01,-2.652400312716183262e-01,3.538170590779275426e-01,-2.782070006986256394e-01,5.683544494257642202e-03,1.011223804747530229e-03,4.714469405600746343e-02,1.231606688636630552e-02,2.754222911270217539e-02,2.652054689073671256e-02,1.294063453310852728e-02,5.544812208874818141e-03,6.362357176637696565e-02,6.503778512035442681e-03,7.708581626638576038e-03,1.509898650218020021e-03,1.883608393452022509e-02,-9.800362976406531978e-02,1.833473916027115666e-03,4.740040233098867795e-01,-7.849128742285883809e-02,-4.328450995127618162e-02,-5.076250312416248356e-01,-5.902311053812663022e-04,-8.076225045372051325e-02,8.907426808785317007e-01,-4.653975029069821190e-01,-3.030965676724264313e-01,5.636227073688371281e-01,5.206304725584948168e-01,7.750689719667491762e-01,-1.447007755374852822e-01,-1.622508969550295888e-01,-6.179291475097460351e-01,1.274432269018386799e-01,2.658843103200924096e-01,4.329861021821335698e-01,-1.360889954757962816e-01,-3.203758980443059678e-02,-4.576935623280105336e-02,4.017616800932825166e-02,1.732785764624815428e-03,-1.063808906215819861e-02,-1.969108409743431515e-02,5.078455125775722251e-03,4.073072609393812819e-03,5.697960662356424399e-02,3.320584046897799135e-03,2.143866262098230620e-03,-3.186066060118996138e-03,1.388124004584292276e-03
3.266787658802177557e-02,6.202944178019416215e-03,3.203101609628452806e+00,8.731113209961986754e-02,1.290380575987816469e-01,1.992661638467534135e-01,8.059647882110091213e-03,6.442831215970962200e-02,-2.463873491769551549e+01,1.972463469097930577e+00,-4.413281473118957354e-01,5.873806286917597763e-01,5.035836976995181624e-01,4.417249432091968631e-01,6.571938622630801863e-01,-4.812109221540896153e-01,-7.178180094516622978e-02,5.270963145658120741e-01,-3.648346495387330135e-01,1.306527476205883165e-01,-2.479418879081026206e-01,3.252181594616716798e-02,2.010530757501263928e-03,7.460775026951178834e-02,2.622556785599485050e-03,3.942100574185167933e-02,4.376802185515295783e-03,1.709250541473256862e-02,3.420447965554153369e-02,2.493469660280436123e-03,8.772243837951819792e-03,8.017003741971555353e-03,8.875087059550261677e-04,2.145397503481975485e-02,-9.074410163339430291e-04,-6.244336499392729063e-03,1.197759630110351026e-02,2.732937990045147814e-03,7.710846105078841828e-03,2.852823271125376481e-03,5.065283801033576561e-04,4.537205081669694329e-03,-1.164672879785371151e+00,-2.558933544248445102e-01,9.534738422340938158e-02,3.820827907735168116e-01,2.954500472316742843e-01,3.447127247739915079e-01,1.775843104027389208e-01,3.231566037035929484e-01,4.760087614541611001e-01,3.456482592237778428e-01,-9.959461826711468735e-02,-2.231643114573392261e-01,3.026511279052301884e-02,2.683827145190952751e-02,9.993069527537336988e-04,2.746305621350432491e-02,-9.693510100766820903e-03,1.187877662914950394e-02,-2.214374470522141591e-02,4.151870881624041346e-03,2.865966744666671728e-02,-6.113010210609652606e-02,2.268465325916377111e-03,3.084221153329793144e-04,-6.223899442629938529e-04,2.617891100299529761e-03
1.134301270417422888e-02,2.355524036373732050e-03,3.095478599868314085e+00,8.695155029425928606e-02,1.398116938613133409e-01,5.136293817679130069e-02,1.566001925487838647e-02,1.996370235934664256e-02,-2.776730875999727743e+01,2.603773901296847271e+00,-4.192906028783255357e-01,9.583614445233725743e-01,5.064980116442635572e-01,5.480694295590287091e-01,6.055059826478230711e-01,-3.186545864417695273e-01,-3.097393085338157603e-01,5.149441620692174482e-01,-1.761717998971452648e-01,2.469911747136928071e-01,-7.898831056819309582e-02,3.349643098344718545e-02,1.079777087962898331e-03,2.282026887025785655e-01,1.865711426375664579e-04,1.359845556003956568e-02,4.684463973377742813e-03,1.142990566373027102e-02,8.126376573767288281e-03,1.079862887330683982e-03,1.616845131837587723e-03,1.033392055782945441e-02,9.423826107020860871e-04,6.154781177362067535e-02,-2.132486388384754669e-02,-3.847420141645684164e-03,-1.076230097601387214e-01,-3.595818053605814857e-04,1.077363626253169393e-02,-1.479032256699621128e-01,7.600371372768295261e-03,-4.446460980036297944e-02,-3.128573842301761943e+00,6.313104321989166934e-01,2.203754443357019976e-02,3.709808158316127980e-01,2.914313944745394735e-03,1.063444863498318460e-01,-5.168787961525711516e-02,1.625563357123200880e-01,-2.379575075886495306e-01,-1.215215249659462593e-02,1.886628496415877487e-01,1.163384270931044906e-01,1.689535773399095109e-01,9.746150372800174710e-04,-9.307536695383655974e-04,1.535949384330667633e-01,-2.435985642961918402e-03,-2.582255018181211365e-02,3.076617878624470295e-04,-5.662599751002297607e-03,-2.607810308177424541e-02,-1.413606772949752141e-03,-7.155398706114231636e-03,2.316916815857899062e-03,5.487390474705991939e-05,4.009383673880091703e-02
6.805807622504536636e-02,1.220311045477007758e-04,3.098609761958094566e+00,1.651318016750022433e-01,1.671774297930543329e-01,6.517609671685595796e-01,1.401792675012813842e-02,1.025408348457350211e-01,-3.043599431062027350e+01,1.882447843999187853e+00,-1.221669668129149178e-01,5.093264663427115035e-01,2.857731087741561260e-01,1.801317107550765573e-01,-1.385822566741812256e-02,1.114991765433574616e-01,-3.610509220752010640e-01,3.740374742128846353e-01,1.736275787666477499e-01,1.887817773742981042e-01,1.737952386819310857e-01,1.107951208486852336e-02,1.676296744964598118e-03,1.391432810818034604e-01,2.986234897726050552e-03,1.906736065948982928e-02,2.109315129725785123e-02,6.008004087499873441e-02,6.262587867029805171e-04,1.739541342862450718e-03,3.133564532447984281e-03,5.343237818212803747e-03,4.241961286955892355e-04,3.877461062258456131e-02,5.671506352087113401e-02,-2.233492931826031383e-03,3.131162089780481494e-03,7.818025138074295721e-02,2.736573593174099206e-02,6.003980289917683066e-01,-1.642092504750248053e-03,8.257713248638837156e-02,-2.668685550622996061e+00,-7.213260572976594176e-01,2.971236360654105901e-01,-4.490349781806610707e-01,-2.207249028701074312e-01,-3.679377188039521518e-01,-6.193642083152411937e-01,4.301537629851269751e-01,-5.131161354138530362e-02,-1.409066878563328129e-01,3.497993786637930147e-01,-5.820939733939470284e-02,2.527835492501241954e-01,-2.241691889857866382e-02,5.965196570016997879e-04,-8.905940762077510509e-02,2.799663755088483905e-03,5.468905099450263596e-03,1.640868732388010842e-02,4.865013521126846513e-02,-7.500117787064307547e-03,6.596784555317667352e-04,1.516719400610396559e-03,-4.990682739616650668e-03,-5.181864820064969058e-04,-2.277320115103611403e-02
1.887477313974591786e-01,1.643533743127027172e-04,3.239016539473855705e+00,2.135375354423957317e-01,1.629432106150654480e-01,1.679557955025222649e+00,3.784716014900211308e-03,2.994555353901996453e-01,-2.954089650397987299e+01,1.076931944546921205e+00,-2.074052979959299103e-01,5.048416971523843610e-01,1.714679495756137734e-02,-1.669959395601980645e-01,8.854713608718078888e-02,1.443757301275690463e-01,6.174453514107759722e-03,3.254531743686002732e-01,2.518919955152167933e-01,6.280428288775699586e-02,2.570926999824252324e-01,7.658460948499972755e-03,3.426580471528055567e-03,4.153220840252581231e-02,1.485807313732346105e-03,1.538327611314910942e-02,1.050352944463137615e-02,8.685032868587174923e-03,1.027457112303777021e-03,4.531972738377368359e-03,8.128393021293794235e-03,1.039941622081164835e-02,2.401107200198200880e-03,1.047333352738885268e-02,1.206896551724138122e-01,4.232226976500194139e-05,1.404067775157611386e-01,4.840573376739348843e-02,-4.234219177988884919e-03,1.027796987856663069e+00,-1.023321073522792668e-02,1.969147005444646381e-01,8.950978066404005062e-01,-8.055158994522666482e-01,-8.523833118301499256e-02,-4.484769190327142496e-03,-2.686263138165947417e-01,-3.471276503152745940e-01,1.024053617545989114e-01,3.287655358421158469e-02,3.672253755893088445e-01,-4.858429984428436210e-02,7.826441674856904340e-02,-1.259774944865411084e-01,8.329746130049414665e-02,-3.421051136368550606e-03,1.750283726563457449e-03,-9.761107267927765507e-02,-1.500427583993704447e-03,-3.684084546340719857e-03,-1.058962185262647508e-02,-5.139500800641155775e-02,4.011983256007965043e-04,2.792431395514917425e-03,4.994828488845809954e-03,5.056178402598844601e-03,1.976911071502611590e-03,-2.830127709519570864e-02
2.382032667876587961e-01,1.108451756295946214e-04,3.259013088542960013e+00,2.553686277217936951e-01,1.689707790634948636e-01,2.078641853898836711e+00,1.573661771350701047e-03,3.647912885662432103e-01,-3.099219966637157953e+01,6.426997252514070613e-01,5.612827870892644899e-01,7.071504187741304293e-01,5.115654589227521809e-01,9.888145115882671088e-02,1.981064709335701168e-01,-1.980641633367556942e-01,-3.057258285805968256e-01,-2.322164392476457062e-01,-5.411154078154250049e-03,1.208061981401365587e-01,2.825288332895348198e-01,9.871323411428481118e-03,8.000662393482950831e-04,1.207347329662512500e-02,2.318984182568688962e-03,1.384688919396537439e-02,3.800107296479499422e-03,1.644917317047766767e-02,1.354015736681146937e-03,1.734058539686204057e-03,4.079894808375912792e-03,4.150450218332117983e-03,2.094560532822594453e-04,5.387793489456877034e-03,4.945553539019961753e-02,-5.350819868310809579e-05,1.999654906910430796e-02,4.183109227939796337e-02,6.027568448429415637e-03,3.990838988736140625e-01,-2.211054243549510044e-03,6.533575317604356503e-02,-1.451303162391706536e+00,-4.342322192955141436e-01,7.686880850851943725e-01,2.023087216217460682e-01,4.944186639651907966e-01,2.658773907190247754e-01,1.095593348463893280e-01,-3.424398934643247405e-01,-3.119002820947046062e-01,-5.576696136162460071e-01,-2.573031495933710278e-01,5.800191525237956280e-02,2.543613330710958742e-02,2.212862462928508363e-03,-2.626514232179760593e-03,-2.945873510590068731e-02,8.331768688363428571e-04,-1.536386919183735031e-03,-6.703422148151876730e-03,7.764140301890492743e-03,3.265586243773699153e-04,-2.797914198691164520e-03,-4.048498212917881443e-03,-6.248966002479530366e-03,-2.191651146915941407e-03,-5.085540037931975642e-03
2.318511796733212227e-01,1.278170961369326020e-04,3.241677444557392374e+00,2.566734578580792681e-01,1.600213446098577019e-01,2.137338543662987256e+00,1.262184215320548680e-03,3.502722323049001774e-01,-3.105993360507874712e+01,5.794707844566489019e-01,1.563711894981975326e-01,4.001369117283138932e-01,1.994632962913335250e-01,-1.179752651264132091e-03,3.273368445565152385e-01,3.779454720177467808e-02,2.308994480721565101e-01,-2.603604318457361511e-02,7.760111800996838394e-02,-4.543978506235889225e-02,-4.954402715339777802e-02,6.386100185365090054e-03,2.222666595197300612e-03,2.314947287035069249e-03,1.869017891991513582e-03,5.070768551898734849e-03,2.159005738238021360e-03,1.847560249416514352e-02,1.618733628133046465e-03,1.053991927476425521e-03,2.811003295244062124e-03,9.807855348147834218e-03,2.688095075914055578e-03,4.791813551176082875e-03,-6.352087114337573448e-03,1.697192050733798059e-05,-1.733564398556763919e-02,1.304830136285572983e-03,-8.949434453637161724e-03,5.869668976415054473e-02,-3.114775560301523676e-04,-1.451905626134303295e-02,-6.773393870716759579e-02,-6.322894079475815943e-02,-4.049115975910669851e-01,-3.070135070458165361e-01,-3.121021626314186559e-01,-1.000612038100908430e-01,1.292303736229451216e-01,2.358587105385303584e-01,5.366252766527532803e-01,2.061803960630720911e-01,8.301227208812263225e-02,-1.662459832024954509e-01,-3.320728604429326047e-01,-3.485223226063391064e-03,1.422600355849005637e-03,-9.758526009590056186e-03,-4.499662905771753801e-04,-8.776120642066639541e-03,-1.641101558241478062e-03,2.026429323687475859e-03,2.647178914518995285e-04,-6.800666122097785357e-04,-1.268891513131850668e-03,5.657405129815716235e-03,2.478639022631796106e-03,-5.959799382807941595e-04
1.488203266787658796e-01,4.803449046439915742e-05,3.203395449916652815e+00,1.947060814746668367e-01,1.531616565965465970e-01,1.810868600582742793e+00,1.918861661812175379e-03,2.595281306715063740e-01,-3.118776295024909118e+01,6.016235304966147113e-02,2.380182176732593691e-01,2.156566982008223388e-01,2.129475905818282999e-01,-3.486532938827008321e-02,-1.020067700698222835e-01,-2.233686307533909732e-01,3.642956289633038081e-01,1.724203049119494430e-02,8.785033495869597198e-02,3.755061223322603281e-01,8.679105441091941597e-02,1.671093201587967036e-02,1.483430574287358545e-03,1.040192166673421792e-02,1.116098234832837034e-03,9.331178118546515354e-03,7.047497332213915021e-03,3.880474846241593889e-02,1.615284761831371893e-03,4.956530037784599892e-03,4.115013121203391772e-03,5.022964787640922524e-03,4.223130433738938282e-03,1.002026086629194922e-02,-8.303085299455534307e-02,-7.978260567253345138e-05,-3.828199464073955838e-02,-6.196737638341243137e-02,-6.859688013311104893e-03,-3.264699430802444624e-01,6.566774464916266991e-04,-9.074410163339380331e-02,-1.278293451703440553e-01,-5.193084314069874585e-01,8.164702817506183652e-02,-1.844802135274915544e-01,1.348429429049477490e-02,-3.368557673700595112e-02,-4.293436146263375219e-01,-2.611631779551656374e-01,1.333961808911472979e-01,4.327807367576855940e-02,1.024921694872758804e-02,4.209459073946192342e-01,1.363350815643172009e-01,1.032483183051458031e-02,-7.392360209099420668e-04,8.086974379699149104e-03,-7.529196571586765484e-04,4.260409566647780505e-03,4.888491593975893661e-03,2.032914596825079537e-02,-3.448866301674572560e-06,3.902538110308174588e-03,1.304009825959329648e-03,-4.784890560506911694e-03,1.535035357824882703e-03,5.228447315115866342e-03
8.892921960072595888e-02,1.812310580491232611e-05,3.233584071261751625e+00,1.653797749305961073e-01,1.751893734156422244e-01,7.449096271307601436e-01,3.263898922945556672e-03,1.270417422867513579e-01,-3.203631394074226080e+01,1.429649086905468547e+00,-1.185182477890809466e-01,8.182776105238145359e-01,2.806681810571646785e-01,-1.970230357737185189e-01,-2.548866771984723001e-03,9.988063494617815952e-02,9.097622778332903337e-02,1.576068847648440241e-02,-1.018057632766228016e-01,-1.671301064964635930e-01,2.350805746215139935e-02,3.095077859636190601e-02,2.734936044526430163e-03,8.979127612938082870e-02,3.365735368142675106e-03,8.857002708276729905e-03,3.193794137545827305e-02,1.708925161089295403e-02,3.166449116474878353e-03,2.798257205752909677e-03,1.631332146831176305e-02,1.873591776343922280e-03,3.658891170844056403e-03,2.409406112126904337e-02,-5.989110707803992073e-02,-2.991138465948683131e-05,3.018862134509880946e-02,-2.932630654407072934e-02,2.202771681909562740e-02,-1.065958973451982761e+00,1.345037261133381293e-03,-1.324863883847550161e-01,-8.485509904931696212e-01,1.369486733855806992e+00,-3.565364654623403018e-01,6.026209123229921971e-01,6.772059047533637854e-02,-1.621577063854484357e-01,9.945790329783756045e-02,3.232492656995691327e-01,-2.733194011799747747e-01,-1.481342014710541888e-03,-1.896560982353187597e-01,-5.426362288287238655e-01,-6.328299694876801662e-02,1.423984658048223564e-02,1.251505470239071618e-03,7.938935446264661078e-02,2.249637133309838073e-03,-4.741754102697854495e-04,2.489044404324435716e-02,-2.171549685152298487e-02,1.551164354643506460e-03,-2.158272832031690215e-03,1.219830834710837128e-02,-3.149373011297000244e-03,-5.642392628948818788e-04,1.407380025497709415e-02
1.202359346642468269e-01,9.404272657617862921e-03,1.104722242437428559e+00,1.093895015289801653e-01,1.468528573629903078e-01,1.619156664346410590e-01,8.034764716284521074e-03,6.896551724137930939e-02,-2.496618521487870623e+01,-1.516105923860079363e-01,-2.385306957894821167e+00,1.219921810277755148e+00,3.895885318464398783e-01,7.079180374007440490e-03,-1.464568059430956803e-01,-2.007785338532117603e-01,-2.223194812372185913e-01,2.981710787056700007e-01,-1.149297593099481984e-01,4.709812804544005194e-01,-3.309237065868247257e-02,1.647204408502469727e-02,3.367130568092212024e-03,1.943027281147415714e-02,9.846008308300385065e-03,9.826696080538183109e-03,3.888335588233369925e-04,4.375477550422317112e-03,1.432637971059848303e-02,6.886466231576814090e-03,2.316905304665601087e-03,5.988486885811250202e-03,7.117790387741575533e-03,5.616310883797544055e-03,3.130671506352086797e-02,9.386149551812951117e-03,-2.128861828824323066e+00,-5.599027340161594202e-02,-2.833651605265191664e-02,-5.829939606961190846e-01,4.770865793338964836e-03,-5.807622504537204855e-02,7.070128725863554564e+00,-1.581259679291476594e+00,-2.266788710105740012e+00,4.016441997539406117e-01,1.089203507892751999e-01,2.041022161477259456e-01,-1.439079391711109435e-01,-3.006591687993899198e-01,-3.132957090205475970e-01,2.824103902291855706e-01,-1.312399603332539688e-02,6.381113869508641123e-01,-5.660042812083387193e-02,-1.447873451133720873e-02,6.321945235657818601e-04,-7.036100331790667850e-02,6.480272940157709959e-03,9.696933722614532042e-04,-3.154910781663493313e-02,-1.271377406047063605e-02,1.115993059412360468e-02,4.088209025823904413e-03,-1.399641616364616196e-02,4.114895109467327922e-03,3.458899216897519131e-03,-1.847775023747149845e-02
6.760435571687840872e-02,4.185141219191731293e-02,3.242660602326020935e+00,1.122434101919741606e-01,1.408473474194381903e-01,2.614125776791926814e-01,5.427596264571942289e-03,8.711433756805807282e-02,-2.160354577737574999e+01,5.963138218512866739e-01,-1.490472970279879128e+00,7.591233420039825708e-01,1.470221382001560273e-02,5.905979166751755827e-01,-5.538481967695532138e-01,1.061230343556360256e-02,-2.698035385671944675e-01,-1.566205682358141338e-01,-1.319548562205579978e-01,8.894525370179859336e-03,-2.402254152217017102e-01,4.735804567312495994e-02,4.395036603171300835e-03,7.243392722790195290e-03,1.909339596203236608e-02,6.402509254760981212e-03,7.563053319205449536e-03,1.044445094046015862e-02,2.244783732987316004e-03,2.654783985911075405e-03,4.942667307733063405e-03,1.987128761776405655e-02,5.696908825972971969e-03,1.212884164846861693e-02,-5.263157894736841813e-02,3.244713953429945175e-02,2.137938359888592377e+00,2.853908662993995260e-03,-6.005509943552117536e-03,9.949691124455162239e-02,-2.607168451712578786e-03,1.814882032667876344e-02,3.362639437502956241e+00,7.479244142372946103e-01,8.948339876149420391e-01,-4.607984682737725768e-01,-3.748863180264242478e-01,5.835187363011681283e-01,-4.073913908264575334e-01,2.113908372887753628e-01,-4.748405732997587614e-02,-4.547916469414841067e-01,-1.702509691060979935e-02,-4.620867550842206462e-01,-2.071330445630192307e-01,3.088600158810026267e-02,1.027906035079088811e-03,-1.218688008868396185e-02,9.247387653731981016e-03,-3.424186825777201897e-03,7.174219760382112218e-03,6.068973390037841510e-03,-1.208159597761116616e-02,-4.231682245665738251e-03,2.625762003067462318e-03,1.388280073195280635e-02,-1.420881561768603564e-03,6.512530764671072871e-03
3.448275862068965469e-02,2.950012902811806337e-02,3.041037175797911107e+00,1.088938321682753479e-01,1.625681182246814516e-01,2.128715316658031098e-01,8.409774417413754671e-03,4.355716878402903641e-02,-2.266262259973917281e+01,2.116912133883430691e+00,2.230887163740151724e-01,-6.661802635206699463e-01,2.719317190464354272e-01,9.442247364821267919e-01,-5.617609763288439195e-01,5.387789288657143794e-02,1.841234861472156870e-01,-4.502191779915054592e-01,-3.402886196468883906e-01,-4.500848433089621459e-01,-1.461508493476859072e-01,8.381108426038304249e-02,6.980574594638507512e-03,5.230265040043624580e-02,7.351521560803723522e-03,4.467891930934145620e-03,9.620223631901396455e-03,8.897595639782956978e-03,2.988311092673246253e-03,1.612551032513355768e-03,6.193644049191101598e-03,4.166428793732390723e-02,9.563447793670637118e-03,2.468418289204963104e-02,-3.312159709618875403e-02,-1.235128316379924956e-02,-2.016234265281098281e-01,-3.349578023698812634e-03,2.172077080524326131e-02,-4.854104601338957159e-02,2.982178152841812382e-03,-4.355716878402903641e-02,-1.059076822363422821e+00,1.520598312032144017e+00,1.713561686653894300e+00,-1.425303605524652628e+00,2.572295052264198523e-01,3.536268198069512092e-01,-7.912779559290705755e-03,4.326558945100783538e-02,4.539270247144101544e-01,-2.935986097556912977e-01,-2.083337634263303928e-01,-4.589793686791420191e-01,9.407456587401580306e-02,3.645303858725808255e-02,2.585537991467206677e-03,4.505925767764604878e-02,-1.174187440122864343e-02,-1.934617323826835593e-03,2.057170312695946919e-03,-1.546855300677201644e-03,7.435273596859302489e-04,-1.042232953397719637e-03,1.250976741458038194e-03,2.179300031955985067e-02,3.866538967697665148e-03,1.255534124358101411e-02
1.633393829401088779e-02,4.348233829480299684e-02,3.176454409426579861e+00,8.496057320714965611e-02,1.569078780745136181e-01,5.258033754305396074e-02,1.771588571718289706e-02,1.905626134301270300e-02,-2.433551647192800260e+01,2.745298455594208598e+00,6.037966278609595561e-01,-1.072854454783875727e-01,-1.798951371033073038e-02,1.963689368931704760e-01,-7.888840218608081378e-02,2.727612063199914560e-01,1.202497467239855428e-01,-7.413722251081675263e-02,-3.671685120592967366e-01,-8.168863150658278727e-01,-9.440714508191359045e-01,1.903442186597930630e-01,1.460659012284027964e-03,5.770623243857829487e-02,4.256788048448510026e-03,1.911146830555931824e-03,5.111559171053163932e-04,5.146753477814440363e-03,2.284801360743154926e-05,1.988049585144178912e-04,2.900042881282169881e-03,1.683796410853155914e-02,1.418151310137199216e-02,5.230444513398466166e-02,-1.814882032667876691e-02,1.398220926668493347e-02,1.354172336286687539e-01,-2.393325896112569184e-02,-5.660240150167833439e-03,-1.602911941227491421e-01,9.306111299769142392e-03,-2.450090744101633342e-02,-1.672893872188829789e+00,6.283863217107779064e-01,3.807079114869443837e-01,5.588948180422823597e-01,-2.899212327567661784e-01,-7.478557995889563159e-01,4.828725741427630780e-01,2.188833134334200181e-01,-6.387373942323014420e-02,3.760819554806886789e-01,-2.687989241240834604e-02,-3.668014717568657268e-01,-7.979206014714499418e-01,1.065331343994100205e-01,-5.519915582354479114e-03,5.403582038142049071e-03,-3.094733512355213496e-03,-2.556745100378213578e-03,-9.109067714796080170e-03,-3.750842161968516615e-03,-2.965463079065814873e-03,-1.413746073998937850e-03,-3.293601167908931718e-03,-2.482632382879234809e-02,4.618065307701355038e-03,2.762026224193503063e-02
1.860254083484573495e-02,1.013144194320662363e-02,3.291383696153761917e+00,8.157119725165958013e-02,1.557175984728819962e-01,3.653219926868979395e-02,4.586917889927360353e-02,1.633393829401088779e-02,-2.588795257121295990e+01,3.288046384758947838e+00,9.239480419193271676e-02,-1.843821078059374244e-02,8.583475510089960681e-02,-6.870892345316681471e-01,-7.134395898494529931e-01,-2.281272161803213350e-02,4.404009930596683442e-02,-1.114000037985587444e-01,2.770515346407331214e-01,2.206673007634875339e-01,-3.374775273929611075e-01,1.070779596764108270e-02,8.043143240541880895e-04,5.355976584509929313e-03,4.574415327093711570e-03,9.976080840635056374e-03,1.583266325742597232e-03,4.165844520484045764e-03,5.318590019357750855e-04,4.950349289729706961e-03,1.647618667123748326e-01,2.493367531361789097e-02,6.547158152293519780e-03,4.412511328517989412e-02,2.268602540834847164e-03,-3.335089635159637494e-02,1.149292867271820562e-01,-3.389375955490075976e-03,-1.190279601631621942e-03,-1.604813827436416679e-02,2.815329318209070647e-02,-2.722323049001815209e-03,-1.552436099284957294e+00,5.427479291647392401e-01,-5.114018236690268671e-01,8.884723469779383376e-02,1.038242688112303302e-01,-8.834581714248386231e-01,-6.345511876633721515e-01,-2.955739279380236173e-01,-7.620964741801870834e-02,-3.726278128774199172e-02,6.442200467000298580e-01,1.037553615829315490e+00,6.065939234261747970e-01,-1.796364226921519924e-01,-6.563446882298398745e-04,-5.235025585406836296e-02,3.176272786452015440e-04,8.064934010079124332e-03,1.072110408637280948e-03,-9.809089573303945986e-04,5.090109883283434888e-04,4.751544331215289477e-03,1.618618238310926549e-01,8.095711205086331824e-03,-7.634354949078472376e-03,-8.179331848804767546e-03
1.678765880217785930e-02,5.260816029496917685e-03,3.108527025974709090e+00,7.774496227492537492e-02,1.588604811900932723e-01,2.787751796977841479e-02,2.915009122302918837e-02,1.996370235934664256e-02,-2.637843762656278912e+01,3.779628586100795218e+00,-2.148765945369670305e-01,3.268481092998418713e-01,-1.134988926610795146e-01,-6.775278813767617869e-01,-7.235675701409833849e-01,1.967667152345337067e-01,-3.313563884213711619e-01,-2.494488255422345480e-01,7.192555692736271600e-02,3.074388868717886636e-01,-6.460986349031319076e-01,2.830559373814008073e-02,9.151679301569242905e-03,1.878149483404563044e-02,1.982196576536533056e-02,4.862726261051349835e-02,4.010520285195386808e-02,5.476063191419308987e-03,9.750446902773409266e-04,5.454712527539228722e-02,3.223907883654474060e-03,4.092469420507414274e-02,1.912221018429364778e-03,1.857467572205548714e-02,-1.814882032667875650e-03,-4.870625913709705941e-03,-1.828566701790528271e-01,-3.826234976734205206e-03,3.142882717211276100e-03,-8.654681298911379161e-03,-1.671908767624441516e-02,3.629764065335754769e-03,-4.904850553498292243e-01,4.915822013418473801e-01,-3.072713987288997473e-01,3.452863200804356381e-01,-1.993336477619791214e-01,9.561353154906360174e-03,-1.012798029153039181e-02,2.195794368525658402e-01,-3.753964877273380241e-01,-1.380488217436758036e-01,-2.051259777133704054e-01,8.677158610830112973e-02,-3.086211075101708001e-01,1.759779777049899629e-02,8.347364977515054490e-03,1.342551824953570200e-02,1.524755043827161899e-02,3.865118176987844545e-02,3.852193652621126868e-02,1.310218670935263223e-03,4.431856883415658411e-04,4.959677598566258200e-02,-1.615379588287203516e-01,1.599101889145625177e-02,-4.634937133864154568e-03,-2.555043756312440698e-02
3.266787658802177557e-02,1.796644682206483381e-03,2.700734693274706277e+00,8.336150874943663858e-02,1.525908971155258420e-01,3.442927026980385774e-02,1.068029684538182762e-02,1.905626134301270300e-02,-2.779294568227382811e+01,3.518865740647841633e+00,-4.081149668725404522e-01,5.775665579349393841e-01,2.212150892824817083e-03,-5.778861553270417950e-01,-9.396054880254915975e-01,3.646799234170663984e-02,-2.596998017147848781e-03,-5.284126414589350729e-01,-6.826972232780179062e-02,-1.683932071248012141e-01,-1.073478263741342031e-01,1.609593003160897026e-02,3.236527039664126044e-03,3.113643772023575243e-02,3.612758639211004902e-02,1.409516483169619416e-01,2.833982093144552308e-02,1.482180566462285715e-02,5.130808232694449803e-04,1.125577500073022706e-03,6.804888606765063797e-03,7.328097673120558854e-03,2.690544178076929947e-03,3.716499448462256411e-02,1.588021778584391627e-02,-3.464171347290434522e-03,-4.077923327000028131e-01,5.616546474511263654e-03,-6.269584074567430276e-03,6.551752300025442954e-03,-1.846979437764736248e-02,-9.074410163339395596e-04,-1.414508055711038992e+00,-2.607628454529535844e-01,-1.932383723355734217e-01,2.507184486350975128e-01,1.157110435539043247e-01,9.964172604971999192e-02,-2.160379178845082127e-01,-1.602987228928270669e-01,3.287593904042233062e-01,-2.789638159167004972e-01,-1.401952792551645066e-01,-4.758320939965898777e-01,5.387508085289977044e-01,-1.220966370653111047e-02,-5.915152261905117295e-03,1.235494288619012199e-02,1.630562062674471846e-02,9.232438570644843634e-02,-1.176538192050834500e-02,9.345742473203548159e-03,-4.619638670078959463e-04,-5.342154777531926690e-02,3.580980723110589736e-03,-3.359659653195358475e-02,7.783231596475651687e-04,1.859031876256707697e-02
1.724137931034482735e-02,3.532002703611833092e-03,3.125540041258138224e+00,7.275217747955263492e-02,1.231961664879104856e-01,2.922614815368881208e-02,2.310422245147865372e-02,2.087114337568058212e-02,-2.697854909876822305e+01,3.001799853105690197e+00,-3.661780088172076897e-01,9.906678151023271539e-01,-5.953316704591465891e-01,-2.436689273750805018e-01,-6.027547346346280310e-01,4.471487902950355142e-02,-2.223459747910858653e-01,-1.089374339232798417e-01,1.397118313841329840e-01,1.752066665546742896e-01,2.887955737465381922e-01,7.678032632344780270e-03,3.028297072041391189e-03,6.025545645524161241e-03,9.579615646660707496e-04,5.212514393878876252e-03,6.971682622543608210e-02,1.414412832263813036e-01,1.957086860305288839e-04,3.242567771384888275e-03,5.735644734281288362e-03,1.724276899726016193e-03,1.121815065494785341e-03,4.082480069626496372e-02,-1.542649727767694823e-02,1.735358021405349711e-03,4.248053479834319468e-01,-1.060933126988400366e-02,-2.939473062761535638e-02,-5.203122116115045659e-03,1.242392560609682610e-02,1.814882032667879119e-03,8.143965835056050651e-01,-5.170658875421514367e-01,4.193695805533276255e-02,4.131012571673877698e-01,-5.975438213519713715e-01,3.342172279519612932e-01,3.368507533908635665e-01,8.246886687796911586e-03,-2.197489767739380095e-01,4.194752075356552590e-01,2.079815537119347746e-01,3.435998736794755315e-01,3.961434001206723954e-01,-8.417897399264189992e-03,-2.082299676227348552e-04,-2.511089207471159032e-02,-3.516962482744397794e-02,-1.357391339230830662e-01,4.137700529399056248e-02,1.266194775617584534e-01,-3.173721372389160965e-04,2.116990271311865353e-03,-1.069243872483775434e-03,-5.603820773394542661e-03,-1.568729112582144605e-03,3.659806211642399609e-03
5.807622504537204855e-02,4.894590558994087875e-03,3.139311612798735940e+00,1.216605082183437880e-01,1.526362348086699461e-01,4.751849898660932547e-01,9.753696723326822984e-03,9.709618874773139063e-02,-2.573510896909269619e+01,1.689894721684007006e+00,1.061561926385528487e+00,-2.740067826111481364e-01,-7.738875153666233686e-01,2.686123215154921362e-01,-9.806789720688313672e-01,-3.560472520922980388e-02,-5.570328782255440370e-01,5.573633843476659411e-02,1.597889780190038245e-01,-2.736343602376355433e-01,-9.677545280636322411e-03,2.827486682069588458e-03,9.474630886628582563e-03,3.720665486240981677e-03,4.187607906187461315e-03,1.469835300243627248e-02,5.428138927370328159e-02,7.752745337960645355e-02,2.700693754777107238e-04,1.207941766618577523e-02,1.310906700829417813e-02,4.593146989114306293e-03,1.456672509308804767e-03,2.303756065868749897e-02,4.083484573502722120e-02,1.362587855382254784e-03,1.377157154059771571e-02,4.890833073879115311e-02,2.944006832075946045e-02,4.459588417124044635e-01,-1.335052572815183074e-02,7.622504537205081199e-02,1.243440129675526862e+00,-1.311905131421683190e+00,1.427739935202736232e+00,-1.264674597713475235e+00,-1.785558449074767795e-01,5.122812488905725825e-01,-3.779242374342033362e-01,-8.031960423873335531e-02,-3.346869034344581717e-01,1.646737723580464219e-01,2.007714663487084050e-02,-4.488410267923098607e-01,-2.984731190271744938e-01,-4.850545950275191379e-03,6.446333814587191374e-03,-2.304880159283179564e-03,3.229646341521390674e-03,9.485838608557395357e-03,-1.543543695173280050e-02,-6.391382984677485002e-02,7.436068944718183995e-05,8.836849894800886951e-03,7.373422274012889771e-03,2.868870089388290100e-03,3.348574438140194259e-04,-1.778724003757746475e-02
3.584392014519056230e-02,1.720334773120888588e-02,3.098555309663303614e+00,1.363836548947169880e-01,1.993587673407308525e-01,1.925110031578806946e-01,7.691416648009825018e-03,2.450090744101633342e-02,-2.384199168610650688e+01,2.060878406492326675e+00,3.374154775274124107e-02,-5.542339784623027121e-01,-9.311117668360370248e-01,-6.414255810850983952e-01,-4.780415618855041737e-01,2.478638251111390522e-01,2.363485758922334590e-01,-3.900915083546036555e-01,-3.632880052487800354e-02,-1.803847921385052233e-01,1.999720021889133670e-01,1.421167250921235962e-02,5.217544192640003603e-02,5.270135726933074943e-03,3.708982177146468925e-03,6.768746183955739494e-03,2.876040986584959061e-02,2.611213393535324195e-02,1.456450611023071796e-04,3.780568804191631466e-02,3.497262973724659611e-03,3.310410063394231012e-03,2.792685818987450386e-03,1.618222090460700452e-02,-2.223230490018148625e-02,1.230875717221479801e-02,-4.075630313543232575e-02,1.472314667637319996e-02,4.672253253206090640e-02,-2.826739867082125324e-01,-2.062280075316997967e-03,-7.259528130671505375e-02,1.893117282986189309e+00,3.709836848083196692e-01,-1.027820378632787301e+00,-2.802271958511545757e-01,-1.572242514694136561e-01,-9.100379026005904759e-01,5.026374101833271935e-01,2.834685503203688839e-01,7.933814541177774959e-01,-4.458278467893702635e-01,-1.961177785438818211e-01,9.324956809913031996e-02,2.096495474695496963e-01,1.138418582714277073e-02,4.270081103977145520e-02,1.549470240692093267e-03,-4.786257290409923898e-04,-7.929606818480532116e-03,-2.552097940785369098e-02,-5.141531944425321160e-02,-1.244243143754035442e-04,2.572627037573053943e-02,-9.611804034569518956e-03,-1.282736925720075281e-03,1.336013309678645618e-03,-6.855339754080494452e-03
1.860254083484573495e-02,6.049306595916269930e-02,3.257454440088863645e+00,1.157202042989765728e-01,2.053735680776998807e-01,2.903973193436468550e-02,2.185427227421892979e-02,1.905626134301270300e-02,-2.374313877569240461e+01,3.069582503968848464e+00,-5.531841058341653294e-01,-3.398517694234314268e-01,-6.237167274302779507e-01,-9.262676596194105993e-01,-4.710620832881725062e-01,-2.311401511040939161e-02,1.409863268749073778e-02,-1.093855061926786026e-01,-2.751344472635813831e-01,-2.215113329379162499e-01,3.123644174348162716e-03,7.224524653823939657e-02,8.658209481945008251e-03,2.439825101162191538e-03,2.017222188599596816e-03,3.661872340862027016e-03,1.805889973597109011e-01,1.133267556081940346e-02,1.387338339384677755e-04,2.474615166504727862e-03,1.299922176001639925e-03,1.070922500630349435e-03,1.643871275230664522e-03,5.097286224783659919e-02,-1.724137931034482735e-02,4.328971822795381341e-02,1.588991304255600312e-01,-2.066345059574041521e-02,6.014800736969028172e-03,-1.634712712235160126e-01,1.416285562620910390e-02,-5.444646098003630419e-03,9.885291041410226853e-02,1.008704097476521788e+00,-5.869256535869065150e-01,2.143822090388712853e-01,3.073950394057590740e-01,-2.848420785343122041e-01,6.979478597331667533e-03,-2.709778402215484716e-01,-2.222499432047427281e-01,2.807060021619250390e-01,-2.388056467387033865e-01,-4.112654079941102658e-02,-1.968483580145652112e-01,5.803357402902703521e-02,-4.351723244445503125e-02,-2.830310625770883406e-03,-1.691759988546872109e-03,-3.106873843093712478e-03,1.518285874938613000e-01,-1.477945837453383850e-02,-6.911227163839404105e-06,-3.533107287541158853e-02,-2.197340797723019469e-03,-2.239487562763881577e-03,-1.148814543756785864e-03,3.479064134322959467e-02
1.225045372050816671e-02,7.313095352533775795e-02,3.293600248380593953e+00,1.100233914556669745e-01,1.986556458049657525e-01,4.036384651864043105e-02,8.344183491189063190e-03,1.905626134301270300e-02,-2.365869227274208697e+01,3.083434390661897950e+00,1.373042510835314478e-01,-4.249611727506201753e-01,-5.377828004429865416e-01,-7.608139625347927204e-01,-9.443242803450616618e-01,-5.037453491172989573e-01,-4.195011031468834362e-02,-3.263278302706245637e-01,-4.389366798186842278e-01,-3.106635322730743054e-01,-1.034273866730631708e-01,1.861467625381672472e-02,4.069962127735642261e-03,3.122454176877345871e-03,8.124160407812348189e-03,4.820184968897046202e-02,1.902788348756717929e-01,1.576803206235279434e-02,5.334975005818859385e-05,3.601611562733621208e-03,1.853815370727709142e-03,1.341354076570663986e-03,1.220088239788094144e-02,5.124944883040026544e-02,-6.352087114337568244e-03,1.263788756617505865e-02,3.614580829173030807e-02,-5.696812843309598251e-03,-6.717922272734128120e-03,1.132411458427574555e-02,-1.351008878302986660e-02,0.000000000000000000e+00,8.444650295031763676e-02,1.385188669304948661e-02,6.904883569176967217e-01,-8.510940332718874846e-02,8.593392698729140911e-02,1.654536970846178789e-01,-4.732621970568891556e-01,-4.806313340068895656e-01,-5.604874300217908140e-02,-2.169423240779459472e-01,-1.638022325551028446e-01,-8.915219933515805550e-02,-1.065510308474113266e-01,-5.363057028442266838e-02,-4.588247354209365990e-03,6.826290757151543334e-04,6.106938219212751373e-03,4.453997734810843240e-02,9.689837515960891823e-03,4.435356501533390880e-03,-8.538408388027918163e-05,1.126996396228893346e-03,5.538931947260692171e-04,2.704315759403145506e-04,1.055701112265027691e-02,2.765865825636662501e-04
1.179673321234119866e-02,7.542959809231060408e-02,3.271842209403447832e+00,6.735549019491268719e-02,1.240252971504544194e-01,2.092780079073833580e-02,1.149408962695327163e-01,1.179673321234119866e-02,-2.638558857665279689e+01,3.441952764301843715e+00,1.043705770984641124e+00,-5.301769663523316911e-01,7.654629493785524152e-01,-6.247068656279191057e-01,-7.961580407178183716e-01,2.070458896668155302e-01,-7.404446319867077353e-01,4.768948015165584697e-02,-4.137526127468709181e-01,3.389087343930582419e-01,-2.070106477134766587e-01,3.462079340102438359e-04,2.512040263397964895e-04,1.965308028136807854e-04,4.930661282473797555e-05,3.170993096796160260e-01,7.299252099626436438e-03,2.857741069252601063e-03,1.284154153278180862e-04,1.731462769811118190e-04,3.745314479241910609e-04,7.073594844421113867e-04,6.852466275713161269e-04,8.733581856713031055e-02,-4.537205081669680451e-04,2.298644566972846137e-03,-2.175803897714612134e-02,-4.266790126075428735e-02,-7.463034865451133315e-02,-1.943604572790209525e-02,1.065967127783436497e-01,-7.259528130671504334e-03,-2.726896303910709918e+00,3.585183736399457644e-01,9.064015199011097312e-01,-1.052157936017115158e-01,1.303245749821539068e+00,1.361070969068736147e-01,1.481662396272432902e-01,7.107912387841144319e-01,-6.984945216720194194e-01,3.740173104222804246e-01,2.518406707181330972e-02,6.495722666661325473e-01,-1.035832610404134879e-01,-1.826846831980647942e-02,-3.818758101395845934e-03,-2.925923374063665004e-03,-8.074853794987610356e-03,2.688974599906455709e-01,-1.829795827760453686e-01,-1.291029099310019371e-02,7.506566526962949240e-05,-3.428465285752509226e-03,-1.479283922803518135e-03,-6.339945921285525992e-04,-1.151563577030962487e-02,3.608636973673004511e-02
1.134301270417422888e-02,2.692495259583924799e-02,3.168260047480257580e+00,1.403988352832047926e-01,2.307900771723140898e-01,6.411164571083599606e-02,1.056196966438582435e-01,1.542649727767695170e-02,-2.412524632112201317e+01,3.162260421847967962e+00,3.816672628879885787e-01,1.520445831578688400e-01,-1.727378188979397655e-01,-4.001103042499612461e-01,-5.483277614067368910e-01,-3.743193057230483345e-01,-2.033699145700915978e-01,-2.483666254931406192e-01,-1.530740193112160585e-01,4.233492533198174312e-02,1.159280965153255682e-01,6.471573419607937368e-03,9.231807335210451271e-04,1.810533447911823191e-02,9.095820885124332456e-02,1.049179419636140920e-01,5.504822022616817634e-02,1.073797428015534246e-02,3.458062027316802819e-04,5.179186321868271305e-03,3.864844966444061589e-03,1.082272918286406385e-02,1.529068286180113858e-03,3.536341964417023115e-02,-4.537205081669697798e-04,-4.850464549647135609e-02,-1.035821619231902524e-01,7.304334508829210537e-02,1.067647800218596704e-01,4.318384492009766373e-02,-9.321199625674472800e-03,3.629764065335753034e-03,2.260342255530783717e+00,-2.796923424538757530e-01,-6.620385080966525448e-01,6.822215495102005312e-01,-9.382007682764921253e-01,2.245965613779578596e-01,2.478302793110814806e-01,-5.813651953898638647e-01,5.370747174166161653e-01,-2.960561056447964523e-01,2.606785934356548595e-01,-2.965738090610764988e-01,3.229387442288021992e-01,6.125365485597693803e-03,6.719767071812485833e-04,1.790880367630455147e-02,9.090890223841859019e-02,-2.121813677160019340e-01,4.774896812654173817e-02,7.880233210902741828e-03,2.173907874038621957e-04,5.006040044887159757e-03,3.490313518519870366e-03,1.011536969842195301e-02,8.438216586087977315e-04,-5.197239892296007940e-02
1.179673321234119866e-02,6.877131882044386357e-02,3.256377673296605213e+00,5.456533656847193520e-02,1.389083395427809231e-01,2.197773576274071085e-03,9.365169324145716789e-02,1.179673321234119866e-02,-2.701695776106943114e+01,4.210127289840320586e+00,7.413457808187974285e-01,7.979088425684648378e-01,9.475028754800202124e-02,-5.933056000600704927e-01,-7.094199106753502626e-01,-2.546012499518212069e-01,-5.650680147766626860e-01,-6.132910979872643331e-01,-1.796429375297434183e-01,3.683098799606978613e-01,-7.625624363016739182e-03,8.674343002266969539e-04,1.244189088084339989e-04,2.273015228983020237e-03,7.229116282626233021e-03,3.073365753379357912e-01,6.374715538727988851e-03,3.073293708634903306e-03,1.743081021467652949e-05,6.775003492385357024e-04,9.320996315292701031e-04,9.407708619631424164e-04,2.783268266494331143e-04,8.440205283718722751e-02,4.537205081669697798e-04,4.184636622460461558e-02,8.811762581634763336e-02,-8.583349871473286430e-02,-9.188173762953316670e-02,-6.191387213456192584e-02,-1.196800340240107563e-02,-3.629764065335753034e-03,-2.891711439947417972e+00,1.047866867992352624e+00,3.596785179308088498e-01,6.458642594105959978e-01,2.674881064459417868e-01,-1.931952958101092466e-01,-1.610921492686133716e-01,1.197180557712271276e-01,-3.616981002065711159e-01,-3.649244724941237417e-01,-2.656891821852735980e-02,3.259749546287161182e-01,-1.235537208783423074e-01,-5.604139119381240305e-03,-7.987618247126111824e-04,-1.583231925013521210e-02,-8.372909256861708893e-02,2.024186333743216992e-01,-4.867350468744018749e-02,-7.664680571520438718e-03,-3.283753925170037626e-04,-4.501685972629735494e-03,-2.932745334914791703e-03,-9.881958320900921869e-03,-1.250741459530680744e-03,4.903863319301699636e-02
1.179673321234119866e-02,7.062598005480683061e-02,3.258610198882327502e+00,7.137668817697334633e-02,1.442254622972221900e-01,1.020968689990692062e-02,9.844625059642968593e-03,1.179673321234119866e-02,-2.497192393132596422e+01,3.027675921212781063e+00,3.142152429707008587e-01,5.065732885797323837e-01,-5.315502667423943617e-01,-2.650585513038260510e-01,1.738974145927337234e-01,-6.161626112765572483e-01,-2.705861888493174550e-01,-4.993362656692471591e-01,5.981286109426583314e-02,3.189819971586259628e-01,-7.709647238016835435e-02,8.645586672706413820e-04,2.000343986318183940e-04,1.483402975532144416e-03,2.847558787981705961e-03,3.163581473647325004e-01,2.734983257109648209e-04,2.525928140750016444e-03,7.317010370480423343e-04,7.649073798881336457e-05,8.529621267453377188e-04,1.646029048862996573e-03,2.377487081886660769e-04,8.714612681271832750e-02,0.000000000000000000e+00,1.854661234362967037e-03,2.232525585722289208e-03,1.681135160850141114e-02,5.317122754441266919e-03,8.011913323632848666e-03,-8.380706818181420104e-02,0.000000000000000000e+00,2.045033829743466924e+00,-1.182451368627539523e+00,-4.271305378480965698e-01,-2.913355539887324541e-01,-6.263005542903963274e-01,3.282470487562444417e-01,8.833173252680839305e-01,-3.615613613247360414e-01,2.944818259273452310e-01,1.139548323180171741e-01,2.394557986240092584e-01,-4.932788280207189846e-02,-6.947084801715161517e-02,-2.875632956055571877e-06,7.561548982338439509e-05,-7.896122534508758211e-04,-4.381557494644527061e-03,9.021572026796709221e-03,-6.101217213017024084e-03,-5.473655678848868625e-04,7.142702268333658150e-04,-6.010096112497222837e-04,-7.913750478393238429e-05,7.052581868998541569e-04,-4.057811846076703742e-05,2.744073975531099996e-03
1.588021778584391974e-02,3.386835947431388050e-02,3.209152575419573328e+00,1.257038654824399748e-01,2.068375086004996255e-01,7.458669575468220014e-02,6.213591444837170824e-02,5.081669691470054595e-02,-2.305493128568314276e+01,2.441709174008488414e+00,-7.852809626424805955e-01,8.692177949056987263e-01,3.576093631898861758e-01,-5.235304783894010328e-01,1.602662035614334929e-02,-4.991589816122276035e-01,-9.702328437025569130e-01,5.266624452180516947e-02,2.319039921884165911e-01,2.111649097111389928e-01,-2.296171070386011370e-01,8.060212530954874444e-03,5.085367685106729303e-04,7.338605627465019828e-03,3.607320154285065250e-02,1.299259000575710976e-01,8.995273991403691591e-03,2.201487728508103384e-02,3.262759301196344747e-02,2.123311010802317930e-03,2.036289787351117184e-03,1.964415453301623926e-02,5.316197334461116725e-04,3.446794884969962142e-02,4.083484573502721079e-03,-3.675762058049295011e-02,-4.945762346275417443e-02,5.432717730546662849e-02,6.261204630327743548e-02,6.437700885477527779e-02,5.229128938872874138e-02,3.901996370235934902e-02,1.916992645642821458e+00,-5.859667472042926484e-01,-1.099496205613181399e+00,3.626445063259663426e-01,8.891596299322805930e-01,-2.584719270855749818e-01,-1.578707942365903671e-01,1.170036296643296447e-01,-6.996466548532394025e-01,5.520025101910522869e-01,1.720911310941507510e-01,-1.078170874474869700e-01,-1.525206346584327965e-01,7.195653863684233278e-03,3.085023698788545363e-04,5.855202651932875195e-03,3.322564275486894481e-02,-1.864322473071614028e-01,8.721775665692725957e-03,1.948894914433101783e-02,3.189589197491540795e-02,2.046820272813504402e-03,1.183327660605779357e-03,1.799812548415324204e-02,2.938710252574455685e-04,-5.267817796301870609e-02
1.134301270417422888e-02,2.708228433538649796e-02,3.255067325689937618e+00,1.053269151531710662e-01,1.941751115407537864e-01,4.643701150309694631e-02,5.410048022385612228e-03,3.357531760435571860e-02,-2.365951043934304820e+01,3.378709262397927127e+00,-4.945820050007426749e-01,3.564544750088965291e-02,3.586856517091509544e-01,-3.769928279352898759e-01,-6.335907587209774761e-01,-1.433909228017157811e-01,-7.179902628656449626e-02,-1.270223566151730543e-02,-8.889893225777470431e-02,-1.215338298802393913e-01,-1.219592865214365607e-01,9.987668819199565715e-03,2.133585262318081228e-03,1.484341960223007836e-02,8.378719312476198833e-02,8.844561218409120740e-02,9.219238656116672537e-03,2.159849004604377093e-02,3.559358790929223037e-03,2.114816122665634426e-03,1.322354438084393478e-02,2.776877337453351885e-02,1.774137565998875439e-03,2.918879180911171725e-02,-4.537205081669690859e-03,-6.786075138927382538e-03,4.591475027036429069e-02,-2.037695032926890859e-02,-1.266239705974583907e-02,-2.814968425158525384e-02,-5.672586642598609341e-02,-1.724137931034482735e-02,-6.045791536599054439e-01,9.370000883894387123e-01,2.906989576417379206e-01,-8.335723474048091219e-01,1.076288519264778643e-03,1.465376504541111569e-01,-6.496173790771208045e-01,3.557680588105118225e-01,8.984338174159923751e-01,-6.536848018332247490e-02,-3.208029244461912954e-01,-3.326987395913784118e-01,1.076578205171645763e-01,1.927456288244691271e-03,1.625048493807408189e-03,7.504813974765058536e-03,4.771399158191133583e-02,-4.148028787347989021e-02,2.239646647129809459e-04,-4.163872390372629073e-04,-2.906823422103422400e-02,-8.494888136683503843e-06,1.118725459349281803e-02,8.124618841517279588e-03,1.242517832552763766e-03,-5.279157040587904165e-03
2.540834845735027298e-02,1.548079849135669712e-02,3.264318233987514972e+00,5.546678186640371933e-02,1.011547574723297427e-01,1.337920414404857906e-02,1.958421260219104371e-02,3.992740471869328511e-02,-2.563691939594251679e+01,4.016386959407869384e+00,-1.358717520279163704e+00,-3.376868666581023803e-01,7.937889610061905632e-01,-8.065191348340829958e-01,-5.315166700283072698e-01,4.561090999521065781e-01,3.511503653315909412e-01,2.855679536297617283e-01,-4.885507670189837004e-01,1.841467809894714036e-01,-1.634608828423629312e-01,2.117136114736308319e-02,4.168416544695578013e-03,1.875392697976727141e-02,2.217641410579870853e-02,1.495183232566407901e-02,7.328409224149319903e-04,2.723129682388812471e-03,1.295142543119852418e-04,3.430548850471371123e-04,1.279570064472686231e-01,3.749540323232780810e-03,1.675765354589099036e-03,3.409655020897522926e-02,1.406533575317604409e-02,-1.160148584402980083e-02,9.250908297577353778e-03,-4.986013328676734691e-02,-9.302035406842404375e-02,-3.305780735904836898e-02,1.417416457980543235e-02,6.352087114337566509e-03,-1.977408956599468581e+00,6.376776970099422570e-01,-8.641355152784210292e-01,-3.733323141589920402e-01,4.351033092970396088e-01,-4.295263068987931199e-01,1.020740886926702062e-01,5.995000227538223037e-01,4.229493916181554236e-01,2.982701892912790198e-01,-3.996518347612090238e-01,3.056806108697107671e-01,-4.150159632092637052e-02,1.118369232816351748e-02,2.034831282377496785e-03,3.910507377537193047e-03,-6.161077901896327980e-02,-7.349377985842713012e-02,-8.486397733701741414e-03,-1.887536036365495759e-02,-3.429844536617237660e-03,-1.771761237618497313e-03,1.147334620664246935e-01,-2.401923305130073891e-02,-9.837221140977640312e-05,4.907758399863512006e-03
1.905626134301270300e-02,1.669890470963171850e-02,3.197621243181688389e+00,6.241667650384999377e-02,1.221733475932928192e-01,3.178106867807772851e-02,1.720131724806273077e-02,2.540834845735027298e-02,-2.423460612284235438e+01,3.070815578941278989e+00,-7.185354780882886594e-01,2.167762172079951144e-01,-6.785830515373260097e-01,-7.695865008944735575e-01,-1.175846880195747929e-01,1.659771920822561697e-01,-5.358374053566153927e-01,1.931409871820688462e-01,-4.403032972734590711e-01,-2.872215471344605753e-01,1.281972896314268473e-01,9.386449686256289476e-03,4.397354705526358709e-03,4.390667864200201859e-02,9.894078608831835542e-02,3.076487003610934787e-02,4.288867682265367492e-03,3.209002960494419538e-03,2.277033236497191977e-03,1.798195991100419878e-03,3.770349048337902353e-02,9.849697752568279535e-03,5.171408404760136817e-04,2.775072112439483374e-02,-6.352087114337569979e-03,1.218106218275021371e-03,-6.669699080582658368e-02,6.949894637446274448e-03,2.101859012096307655e-02,1.840186453402915118e-02,-2.382895354128312937e-03,-1.451905626134301214e-02,1.402313273100162405e+00,-9.455713804665903943e-01,6.401820421908750447e-01,5.544630838660975503e-01,-1.472372012543516462e+00,3.693263393960943830e-02,4.139319820087324908e-01,-2.901319078698504361e-01,-8.869877706882063340e-01,-9.242696644769288206e-02,4.824746974552462930e-02,-4.713683281239319789e-01,2.916581724737897785e-01,-1.178491146110679372e-02,2.289381608307806959e-04,2.515275166223474718e-02,7.676437198251964689e-02,1.581303771044526713e-02,3.556026759850435502e-03,4.858732781056070670e-04,2.147518982185206600e-03,1.455141106053282766e-03,-9.025351596388959952e-02,6.100157429335498725e-03,-1.158624514113085462e-03,-6.345829084580395518e-03
3.765880217785844142e-02,1.668328350461570353e-02,3.092124114228655518e+00,8.065588217676966654e-02,1.442833263288332279e-01,4.861374453776903110e-02,1.921000248924194242e-02,6.352087114337567897e-02,-2.358112486546018260e+01,2.606393626915115114e+00,-1.297274599120993965e+00,5.948595007319725791e-01,-3.222054473469553731e-02,3.258692659212383824e-01,5.294638260259795226e-01,-4.055013504406484448e-01,-2.043570320021181608e-01,5.011397440638811762e-01,-4.090163069536436602e-01,2.125987744252956779e-01,-1.426793913351767362e-01,3.007455898311485118e-03,1.330728930130972536e-02,5.846586191482083805e-02,4.014460342558166805e-03,5.145760668666143900e-02,2.898297132820728140e-03,6.927303660909895494e-03,5.616375123653267153e-03,3.864219872348908374e-02,1.596130997555470638e-02,4.647629139507494442e-03,1.123004812779077911e-03,1.955434133908310820e-02,1.860254083484573842e-02,-1.562120501601496625e-05,-1.054971289530328704e-01,1.823920567291967276e-02,2.210997873554040871e-02,1.683267585969130259e-02,2.008685241179211656e-03,3.811252268602540599e-02,6.534812573821717763e-01,-4.644219520261638756e-01,-5.787391210327053059e-01,3.780832835239774647e-01,6.463625068026305209e-01,1.095455766815711884e+00,6.470485140455543016e-01,-5.714785425229046423e-01,3.314803733544972042e-01,3.079987568818123300e-01,3.128699031981541090e-02,4.998203215597562532e-01,-2.708766809666035558e-01,-6.378993787944804358e-03,8.909934595783366648e-03,1.455918327281881947e-02,-9.492632574576018167e-02,2.069273665055209113e-02,-1.390570549444639353e-03,3.718300700415475956e-03,3.339341887156075175e-03,3.684400273238866430e-02,-2.174218050782431716e-02,-5.202068613060785093e-03,6.058639723030642297e-04,-8.196379785311725535e-03
2.949183303085299579e-02,9.438053716220048614e-03,3.175593277431521422e+00,7.947750960093226402e-02,1.308367344346024475e-01,1.608432639636003803e-01,4.693119382697881134e-03,6.352087114337567897e-02,-2.402782971484013075e+01,2.260836864556518222e+00,-8.294298069054200084e-01,8.661027858627716736e-01,9.243053464397479879e-03,4.508076060811038177e-01,1.001387359640753261e-01,1.097287680995583936e-01,-2.566039336689882044e-01,7.022126206033831863e-01,-4.345279732739879552e-01,1.992146319335081350e-01,-1.411451742604309945e-01,1.730642070177946384e-02,8.909295104547753502e-03,1.064862509370985560e-01,2.619886477939869628e-03,2.209852681347402453e-02,3.036215623508357452e-03,7.989114569056234710e-03,2.864567152515056295e-03,2.398701588509402280e-02,4.328084813851815205e-03,7.835794092636422931e-03,8.717614369516200456e-04,2.788974271907954799e-02,-8.166969147005445628e-03,-7.245229788395654916e-03,8.346916320286590363e-02,-1.178372575837402514e-03,-1.344659189423078050e-02,1.122295194258313422e-01,-1.451688310654406129e-02,0.000000000000000000e+00,-4.467048493799481435e-01,-3.455567623585968917e-01,4.678447922155739569e-01,2.712432851307990944e-01,4.146359819909301719e-02,1.249383401598654353e-01,-4.293250900619042243e-01,5.152301185402068384e-01,-5.224690166687004367e-02,2.010728765395020101e-01,-2.551166632034429504e-02,-1.338414249178754289e-02,1.534217074745741760e-03,1.429896480346797873e-02,-4.397994196761971855e-03,4.802038902227771799e-02,-1.394573864618297177e-03,-2.935907987318741447e-02,1.379184906876293124e-04,1.061810908146339216e-03,-2.751807971138210858e-03,-1.465518283839506095e-02,-1.163322516170289117e-02,3.188164953128928489e-03,-2.512433758274578658e-04,8.335401379996439791e-03
2.132486388384755016e-02,1.235534233483774613e-02,3.173891902656412967e+00,8.521884235213969538e-02,1.664952328828631922e-01,3.868747670155600615e-02,8.766428401416066774e-03,2.359346642468239733e-02,-2.488813692790130361e+01,3.639678420581037077e+00,-7.102664699305092366e-01,3.171132510904784430e-01,-2.103032712494088963e-01,-3.488092999781459147e-01,-6.380572319177434115e-02,7.493659328941195685e-01,-1.653287811133535845e-01,3.675653442457480491e-01,1.425496993787505051e-01,-1.998574448283819138e-01,-3.282499243365440134e-02,3.608111137527517109e-02,4.350946670106344699e-02,1.021548817225816225e-01,3.854768511490881070e-03,3.142286472123154845e-02,2.152789529714800674e-03,6.040022647278348034e-03,3.041665366266415346e-04,1.083532310838736766e-02,4.508040560277167159e-03,5.686204680206149477e-03,3.517115912412679610e-03,2.835095411566207133e-02,-8.166969147005445628e-03,2.917288618617697518e-03,-1.701374775108455140e-03,5.741332751207431362e-03,3.565849844826074477e-02,-1.221557872620443741e-01,4.073309018718185640e-03,-3.992740471869328511e-02,-8.603072130611728596e-01,1.378841556024518855e+00,1.191633369749107718e-01,-5.489895347722932861e-01,-2.195463247138063623e-01,-7.996169060592497324e-01,-1.639444591558496533e-01,6.396371647945611194e-01,9.127515255563461993e-02,-3.346472763576351372e-01,5.770776726527384604e-01,-3.990720767618900489e-01,1.083201818267765931e-01,1.877469067349570725e-02,3.460017159651569696e-02,-4.331369214516933575e-03,1.234882033551011442e-03,9.324337907757523913e-03,-8.834260937935567784e-04,-1.949091921777886677e-03,-2.560400615888414923e-03,-1.315169277670665514e-02,1.799557464253519548e-04,-2.149589412430273454e-03,2.645354475461059347e-03,4.612113965825233308e-04
2.631578947368420907e-02,5.994926638680562678e-03,3.034946204833516958e+00,1.074794125679999629e-01,1.710336683573190353e-01,1.014404921452023711e-01,1.500946679564641242e-02,1.905626134301270300e-02,-2.650289365417159004e+01,3.476238511137928366e+00,8.397698539620550573e-01,3.063359743961530657e-01,-4.449510206879834784e-01,-6.153467956110023618e-01,-3.827755144862347858e-02,3.209574228123630024e-01,-1.785427717231833911e-01,3.258651740286517828e-01,1.359167338977043948e-01,8.909333666218498260e-02,-2.768601141055740400e-01,2.713048795240354319e-02,1.087002830569118797e-02,1.097118254541941534e-01,1.052680063648102175e-02,4.948386619739229830e-02,2.653283576327324436e-02,1.489430657919673740e-03,4.507650443575238506e-05,2.864572449626870583e-03,3.454735104858359246e-02,1.061026401673271537e-02,1.860029505982910975e-03,2.982394430102967148e-02,4.990925589836658904e-03,-6.360415696157183454e-03,-1.389456978228960082e-01,2.226057021586026752e-02,4.538435474455843055e-03,6.275301544364636497e-02,6.243038394230345650e-03,-4.537205081669694329e-03,-1.614756726270286435e+00,-1.634399094431087107e-01,1.550036323892564294e+00,-1.077727669432537727e-02,-2.346477494385745821e-01,-2.665374956328564471e-01,2.552817174315086257e-02,-4.284085100817565661e-01,-1.321399060982980656e-02,-4.170017021709626626e-02,-6.632965481046110279e-03,2.889507814905669103e-01,-2.440351216719196525e-01,-8.950623422871627904e-03,-3.263943839537225555e-02,7.556943731612530968e-03,6.672032124990141116e-03,1.806100147616074986e-02,2.438004623355844239e-02,-4.550591989358674511e-03,-2.590900321908891292e-04,-7.970750658760496210e-03,3.003931048830642617e-02,4.924059336526565890e-03,-1.657086406429768635e-03,1.472990185367600152e-03
2.155172413793103314e-01,2.575314090742818630e-03,3.219219614611557923e+00,2.442663836433313362e-01,1.477892448483438814e-01,1.913431367426985164e+00,1.713386019311153446e-02,3.284936479128856557e-01,-2.837664047628729236e+01,1.948425479461895815e+00,1.548794119133360958e+00,-7.907351354332403659e-03,9.888254189201833855e-01,-3.959967634283712012e-01,-1.736218122547918685e-01,-1.636538501298605564e-01,2.304712336162471897e-02,2.738946725945638760e-02,8.311003801452132578e-02,7.397823332491622328e-02,-8.706273916436346738e-02,7.489826118201036408e-03,4.980060068273827910e-04,3.193302950799289247e-02,3.228655874832848070e-03,1.375541079138174402e-02,4.744710487186186432e-03,5.243093942963353120e-03,3.459376276790449077e-04,6.796793773241374117e-04,1.543021509260570885e-03,8.894621947506502202e-03,4.092239771137182332e-04,8.616599444387083515e-03,1.892014519056261224e-01,-3.419612547937744048e-03,1.842734097780409641e-01,1.367869710753313872e-01,-2.324442350897515386e-02,1.811990875281782820e+00,2.124393397465122041e-03,3.094373865698729631e-01,-1.873746822115702315e+00,-1.527813031676032551e+00,7.090242651713059008e-01,-3.142433257504854693e-01,1.433776439608166919e+00,2.193500321826311605e-01,-1.353442608061684038e-01,-4.846112729422235588e-01,2.015898950848081239e-01,-2.984757067691953814e-01,-5.280669588318306906e-02,-1.511510333726875932e-02,1.897973749412105726e-01,-1.964066183420250591e-02,-1.037202229886380507e-02,-7.777879594620126791e-02,-7.298144761648173683e-03,-3.572845540601055081e-02,-2.178812527608705793e-02,3.753663285043679597e-03,3.008611232432925023e-04,-2.184893072302733063e-03,-3.300432953932302266e-02,-1.715642069226213165e-03,-1.450805528869192687e-03,-2.120734485664258623e-02
2.613430127041742046e-01,1.901715889007368418e-02,3.196303335585350514e+00,2.705852181717002258e-01,9.818170597906708541e-02,1.410989578992431381e+00,2.447646875474642370e-03,3.402903811252268595e-01,-2.977413454257393255e+01,2.168901987730967318e-01,1.769008109539569551e+00,2.566729436021579214e-01,1.451591675895277600e+00,-5.748010712386483201e-01,-3.703425198558418785e-01,-1.576759623204023464e-01,-7.220469221645515745e-01,-3.313079022293207165e-01,3.904491704466662161e-01,-1.691007661521319871e-01,-1.177122206242976754e-01,3.748040184378257679e-04,3.748189710235316709e-04,1.105581272353252809e-03,3.389653562029917898e-04,6.259314260221255982e-04,1.634646091698384145e-03,5.637041697110579085e-03,1.154887727427564775e-04,1.649155068709444840e-03,1.615350409054301976e-04,1.160363818341319814e-03,5.547823390057358929e-04,1.447846344503594083e-03,4.582577132486387317e-02,1.644184479933086598e-02,-2.291627902620740898e-02,2.631883452836888959e-02,-4.960753886927679601e-02,-5.024417884345537821e-01,-1.468621331763689253e-02,1.179673321234120387e-02,-1.397494066286640191e+00,-1.731535280688799139e+00,2.202139904062085929e-01,2.645802949564903250e-01,4.627662569750942145e-01,-1.788043078102771188e-01,-1.967207076010500100e-01,5.977887809458209967e-03,-7.450940455261763073e-01,-3.586973694887771180e-01,3.073391324321448903e-01,-2.430789994770481965e-01,-3.064948145993420803e-02,-7.115022099763210206e-03,-1.231870358038511201e-04,-3.082744823563964010e-02,-2.889690518629856389e-03,-1.312947936535961875e-02,-3.110064395487802287e-03,3.939477541472259647e-04,-2.304488549362884438e-04,9.694756913853074280e-04,-1.381486468355140607e-03,-7.734258129165182821e-03,1.455583618920176596e-04,-7.168753099883489431e-03
1.769509981851179747e-01,5.671897381022681685e-03,2.980112585498347233e+00,2.032797654723897951e-01,1.389143114344833507e-01,1.834395236038165233e+00,3.342383717465802900e-03,3.330308529945553708e-01,-2.514840873001056565e+01,1.999803430639428115e+00,4.315005379353193948e-01,-2.805424664716170136e-01,-6.172542641933437962e-02,-3.997273998769327458e-02,-2.051455422577492804e-01,-2.470128246497449165e-01,6.642883519592866770e-02,-2.338390280200715043e-01,-4.318639189142676749e-01,3.416436800639705007e-01,-5.965313548391825149e-01,1.504189315162107569e-02,5.909617614095150420e-03,2.114909589970342604e-02,5.646767848108640193e-03,1.829814245948583815e-02,1.989232130721918859e-02,1.580085445151802395e-02,1.811434922362278356e-03,8.232543456289839398e-03,2.725401435624314958e-03,2.630649623016046400e-03,6.119399570980277141e-03,6.936317720009608362e-03,-8.439201451905622986e-02,-1.334526150905100336e-02,-2.161907500870032806e-01,-6.730545269931043073e-02,4.073260545541626532e-02,4.234056570457338520e-01,8.947368419911605301e-04,-7.259528130671488722e-03,4.625725812563366901e+00,1.782913231866331438e+00,-1.337507571604250156e+00,-5.372154100737749349e-01,-1.513317102314611917e+00,5.348283312509550802e-01,1.651969775980925981e-01,-8.933686232934257010e-02,7.884757573604802561e-01,9.746887420924921219e-02,-8.223130893609338354e-01,5.107444462161024878e-01,-4.788191342148848673e-01,1.466708913318325036e-02,5.534798643071619020e-03,2.004351462735017367e-02,5.307802491905648512e-03,1.767221103346371114e-02,1.825767521552080358e-02,1.016381275440744400e-02,1.695946149619521892e-03,6.583388387580394775e-03,2.563866394718884896e-03,1.470285804674726585e-03,5.564617231974541139e-03,5.488471375506014278e-03
3.947368421052631360e-02,1.788817952883180531e-02,3.057603475034452511e+00,9.577540472808813987e-02,1.314095939696143522e-01,2.690738244108309418e-01,1.106750550526684057e-02,3.085299455535390339e-02,-2.358441975672371882e+01,2.089832421555121833e+00,4.868971412439636604e-01,-4.610353525554365950e-01,-1.034468679246494938e-01,3.325610487154545547e-01,-3.670560763941469462e-01,-5.604754695527386366e-01,-2.342682709606900282e-01,-3.374826798557762908e-01,7.948012793050085456e-02,3.228151043839936341e-01,-1.429869748328080337e-01,4.402505515045542807e-03,1.555203297456326074e-03,5.764826704720976691e-03,1.004476418193390660e-02,1.639052842796212273e-01,5.598132562609087898e-02,1.451672809602286111e-02,2.574770336637427666e-03,9.910683254487497040e-03,2.607580814077223134e-03,2.416824850547386137e-03,1.328769261648264513e-03,4.489085545824095941e-02,-1.374773139745916750e-01,1.221628214780912450e-02,7.749088953610527852e-02,-1.075043607443016552e-01,-7.504717464868998489e-03,-1.565321411627334403e+00,7.725121787801037671e-03,-3.021778584392014744e-01,1.563988973286846829e+00,9.002899091569371848e-02,5.539660330864426552e-02,-1.804928860838195814e-01,-4.172144150531511414e-02,3.725337887031478501e-01,-1.619105341363976658e-01,-3.134626449029936923e-01,-3.006971061566187098e-01,-1.036436518357047865e-01,5.113440468447685294e-01,-1.882857567997686665e-02,4.535443800063744813e-01,-1.063938763657553202e-02,-4.354414316638824563e-03,-1.538426919498244935e-02,4.397996333825266412e-03,1.456071418201353995e-01,3.608900431887168692e-02,-1.284126355495162838e-03,7.633354142751493099e-04,1.678139798197657642e-03,-1.178206215470918236e-04,-2.138247724686602631e-04,-4.790630309332012844e-03,3.795453773823134758e-02
2.676950998185118058e-02,2.983760427098823900e-02,2.463674178468612475e+00,1.099768836006752432e-01,1.882093883753221397e-01,1.522629699281804194e-01,6.561836666318192172e-03,1.542649727767695170e-02,-2.366477027188393478e+01,2.530888414217815185e+00,1.008222584828350588e+00,-2.623502919361996380e-02,1.617778432141867700e-02,5.289221419661845058e-02,-6.758922405916214515e-01,-5.458475115099246100e-01,-4.825030029911699381e-01,-2.728601828730827794e-01,7.347325193229982399e-03,4.837919977476123901e-02,-5.193472142540014186e-02,2.186406204954414231e-03,4.131812028656144846e-04,8.543742262735191939e-02,3.390196305684717304e-02,9.426455678928002957e-02,4.691026416135515853e-02,1.509195092094550196e-02,1.466483294551525728e-03,5.299070390524867127e-03,7.812529759004994620e-03,8.007236152656768344e-03,6.247601665479224006e-04,3.208427460436522743e-02,-1.270417422867513302e-02,1.194942474215643369e-02,-5.939292965658400369e-01,1.420147887258710329e-02,5.679979440570778748e-02,-1.168108544826505224e-01,-4.505668838948648398e-03,-1.542649727767695170e-02,-8.035051516021596285e-02,4.410559926626933525e-01,5.213254435843869272e-01,4.348003233618166208e-01,1.196246522460681638e-01,-2.796688345188361180e-01,-3.088361641974745053e-01,1.462795804281402656e-02,-2.482347320304799099e-01,6.462249698269351139e-02,-7.213280273727087910e-02,-2.744359046092323950e-01,9.105225340740788487e-02,-2.216099310091128576e-03,-1.142022094590711481e-03,7.967259592263094270e-02,2.385719887491326643e-02,-6.964072749034119769e-02,-9.071061464735720448e-03,5.752228249226408463e-04,-1.108287042085901938e-03,-4.611612863962629913e-03,5.204948944927771486e-03,5.590411302109382641e-03,-7.040090951003421128e-04,-1.280658085387573197e-02
