9.528130671506351845e-02,5.461969532130908026e-04,3.182118932169158310e+00,1.326909943587798735e-01,1.220018473251207880e-01,1.118285592321525357e+00,0.000000000000000000e+00,1.578947368421052544e-01,-2.732131988131540723e+01,4.848218591219547458e-01,1.196217136842576551e-01,-2.913992734702741672e-01,-4.889998896746593909e-02,5.447843219371875101e-01,-5.817224477796941740e-01,2.043160535097746089e-02,-2.557227353011237714e-01,-3.289375725307183695e-02,2.496599993268014406e-01,5.227965049297719075e-02,2.101009992134386939e-01,6.319328670955282577e-03,2.876255317084483541e-03,1.080664075082094985e-02,2.578323195703223578e-03,2.109665156112530693e-02,1.181065775444844687e-02,4.146774911161535404e-02,2.274194436700799869e-03,4.306389403860605425e-03,1.182127308981668554e-02,1.197432849009478703e-02,2.464501241402095380e-03,1.074231186639921544e-02,0.000000000000000000e+00,0.000000000000000000e+00,0.000000000000000000e+00,0.000000000000000000e+00,0.000000000000000000e+00,0.000000000000000000e+00,0.000000000000000000e+00,0.000000000000000000e+00,0.000000000000000000e+00,0.000000000000000000e+00,0.000000000000000000e+00,0.000000000000000000e+00,0.000000000000000000e+00,0.000000000000000000e+00,0.000000000000000000e+00,0.000000000000000000e+00,0.000000000000000000e+00,0.000000000000000000e+00,0.000000000000000000e+00,0.000000000000000000e+00,0.000000000000000000e+00,0.000000000000000000e+00,0.000000000000000000e+00,0.000000000000000000e+00,0.000000000000000000e+00,0.000000000000000000e+00,0.000000000000000000e+00,0.000000000000000000e+00,0.000000000000000000e+00,0.000000000000000000e+00,0.000000000000000000e+00,0.000000000000000000e+00,0.000000000000000000e+00,0.000000000000000000e+00
8.439201451905625762e-02,2.500984827356270016e-04,3.214304935549431086e+00,1.425773170057149375e-01,1.557892365809540880e-01,9.518817085927192556e-01,3.076534042463766570e-03,1.651542649727767709e-01,-2.838786763794371026e+01,1.302799622569875915e+00,-3.981901549314349475e-01,-6.603005135205279874e-01,-2.971794680237566794e-02,4.534833280865867011e-01,-4.944128685627075664e-02,2.688622242220505693e-03,2.735656686479544589e-02,-4.910456725580547577e-02,8.273598471743009303e-03,-1.581053352498928977e-01,-1.041430890629247707e-01,1.001762830574756159e-02,4.136305018034380256e-03,1.854792757539819661e-02,9.663004915231135014e-03,8.157299842318249672e-03,6.882024989872816134e-03,1.423760646993530582e-02,1.850885022686403827e-02,2.420025383168662031e-02,1.209355170114511172e-02,1.928628698597271984e-02,5.887553217610030053e-03,6.033978933867961865e-03,-1.088929219600726084e-02,-2.960984704774638010e-04,3.218600338027277630e-02,9.886322646935064018e-03,3.378738925583329999e-02,-1.664038837288061012e-01,3.076534042463766570e-03,7.259528130671516477e-03,-1.066547756628303034e+00,8.179777634479211690e-01,-5.178118686156926165e-01,-3.689012400502538203e-01,1.918204216509027116e-02,-9.130099385060080897e-02,5.322811609234233687e-01,-1.774298310875695520e-02,2.830793021659191999e-01,-1.621081000273363881e-02,-2.413864008550584417e-01,-2.103849857428700953e-01,-3.142440882763634646e-01,3.698299634792279016e-03,1.260049700949896715e-03,7.741286824577246761e-03,7.084681719527911870e-03,-1.293935171880705726e-02,-4.928632764575630737e-03,-2.723014264168004822e-02,1.623465579016323754e-02,1.989386442782601488e-02,2.722786113284261789e-04,7.311958495877932812e-03,3.423051976207934673e-03,-4.708332932531253574e-03
5.989110707803992767e-02,1.879922134134289901e-04,3.262335111747526550e+00,1.331266598829362879e-01,1.612547025261412137e-01,6.813238776409860087e-01,2.720998417767428804e-03,1.243194192377495427e-01,-2.875222654012226542e+01,1.846418283141639360e+00,-1.418206581148456491e-01,-2.933165484976006931e-01,-2.241761111815071539e-01,3.164219740564501171e-01,-7.308139491987221403e-02,-1.153097972713306857e-01,9.759097856883613975e-03,4.541928969768245505e-02,-2.728902365420454376e-02,-4.683929548729171000e-02,-4.306820410366593577e-02,1.063618826350734570e-02,7.785938294551003440e-03,1.696191292264561876e-02,4.355895092761176424e-02,1.422899837062111331e-02,3.494016150330365306e-03,4.430594614749153864e-02,4.130846381214380893e-03,1.262928568866922285e-02,1.296692488957179416e-02,2.587423937234388169e-02,2.154290900180611153e-03,1.373649545344199363e-02,-2.450090744101632995e-02,-6.210626932219801151e-05,4.803017619809546446e-02,-9.450657122778649555e-03,5.465465945187125696e-03,-2.705578309517332469e-01,-3.555356246963377667e-04,-4.083484573502722814e-02,-3.643589021785551552e-01,5.436186605717634457e-01,2.563694968165892707e-01,3.669839650229272943e-01,-1.944581643791314929e-01,-1.370613540301365840e-01,-2.364010806360145739e-02,-1.179984195135511948e-01,-1.759746900791183191e-02,9.452385695348793082e-02,-3.556262212594755306e-02,1.112660397626011877e-01,6.107488495925883498e-02,6.185599577597841042e-04,3.649633276516623184e-03,-1.586014652752577858e-03,3.389594601238062749e-02,6.071698528302863634e-03,-3.388008839542450829e-03,3.006833967755623283e-02,-1.437800384564965825e-02,-1.157096814301739746e-02,8.733731884266824480e-04,6.587952386371161845e-03,-3.733262317429418900e-03,7.702516519574031766e-03
5.172413793103448204e-02,4.646492420764461581e-04,2.691243464028096888e+00,1.215832077172044196e-01,1.703534494407985822e-01,3.298125488049101217e-01,5.254719577011608342e-03,4.537205081669691553e-02,-2.798162931632264616e+01,2.199195660861590795e+00,-6.739515723893301224e-01,-6.527595136197151815e-01,-2.905064734962606310e-01,2.615461446537192119e-02,1.008970149736152927e-01,1.818658958861854580e-01,-1.673086189951062952e-01,-5.287786890712193877e-01,9.115842101049130564e-02,5.270141781091266520e-01,4.984948603456550859e-02,4.592287514709245295e-03,8.696214980390250607e-03,3.094223932824871279e-02,1.172828987260676747e-02,4.884559393480636391e-02,4.944757550438947519e-02,9.163240772194282055e-03,5.766209264007908855e-03,2.116960191646078543e-03,8.987621494558398899e-03,8.539863216041901350e-03,5.021982432957698694e-03,1.630910390424879230e-02,-8.166969147005445628e-03,2.766570286630171951e-04,-5.710916477194296625e-01,-1.154345216573186839e-02,9.098746914657368512e-03,-3.515113288360758870e-01,2.533721159244179538e-03,-7.894736842105262720e-02,7.705972237996192575e-01,3.527773777199514349e-01,-5.321309142744844456e-01,-3.594429651221144884e-01,-6.633036231475347710e-02,-2.902673595910781890e-01,1.739784098934875067e-01,2.971756931575161298e-01,-1.770677168519899092e-01,-5.741979787689018844e-01,1.184474446646958529e-01,5.738534735964183620e-01,9.291769013823145129e-02,-6.043900748798100402e-03,9.102766858392471669e-04,1.398032640560309403e-02,-3.183066105500499676e-02,3.461659556418525407e-02,4.595355935405910641e-02,-3.514270537529725486e-02,1.635362882793527962e-03,-1.051232549702314431e-02,-3.979303395013395264e-03,-1.733437615630198034e-02,2.867691532777087542e-03,2.572608450806798674e-03
2.903811252268602427e-02,5.522070543207294874e-02,3.255041865118614375e+00,6.349594185263159052e-02,1.015047012615126754e-01,9.213647324359588997e-02,1.546034711978271255e-02,4.174228675136116423e-02,-2.352858184692518861e+01,2.989452423842951845e+00,-1.477763859057614315e+00,-1.536960764701100102e+00,4.702821617830045264e-01,-9.038256236370476593e-01,1.770077084184517591e-01,1.532109573305144301e-01,3.992998663992439745e-01,-6.211052472709317485e-01,-1.015557255595673919e-01,1.961277477628128874e-01,8.025281975592915562e-02,2.476609145076174440e-02,2.245571419510852818e-02,9.463331089650557984e-03,6.756837717683893997e-03,9.298996764041313201e-03,4.722688909937506480e-03,5.199877983499820097e-04,3.333182792258440347e-04,1.789289609941094056e-03,1.800700139604729036e-02,5.220244500847134178e-02,5.530436910218892565e-04,1.448579112580907109e-02,-2.268602540834845777e-02,5.475605618999650204e-02,5.637984010905174870e-01,-5.808726586457282903e-02,-6.884874817928590685e-02,-2.376760755613142317e-01,1.020562754277110420e-02,-3.629764065335751300e-03,4.453047469397457547e+00,7.902567629813610495e-01,-8.038122866682841927e-01,-8.842012510813849202e-01,7.607886352792652129e-01,-9.299802381024195874e-01,7.611069344483646637e-02,-2.865493855567102788e-02,5.666084853943502697e-01,-9.232655819971236077e-02,-1.927141465700586975e-01,-3.308864303463137646e-01,3.040333372136364704e-02,2.017380393605249997e-02,1.375949921471827757e-02,-2.147890823859815307e-02,-4.971452154922873477e-03,-3.954659717076505071e-02,-4.472488659445196524e-02,-8.643252973844300913e-03,-5.432890984782065037e-03,-3.276705817049844864e-04,9.019379901488891460e-03,4.366258179242944043e-02,-4.468938741935809221e-03,-1.823312778439721213e-03
3.085299455535390339e-02,7.035001737965227916e-03,2.439232766076368186e+00,8.625293064511450891e-02,1.534760812535403696e-01,1.073919931142857387e-01,1.677126219151234623e-02,3.992740471869328511e-02,-2.532300406533136794e+01,3.183123140811992879e+00,-5.474322177270497525e-01,-9.808707715169953101e-01,4.145860114635947502e-01,-3.476322319663247007e-01,-4.807972732043588326e-01,2.226789233767157428e-01,5.445882201890430707e-01,-1.899408960675379454e-01,-1.857818301388693416e-01,2.872366617775450881e-01,2.132724214088267956e-01,1.585868983481249911e-02,1.669166620603543608e-02,8.614343383537236692e-03,5.017562455631560843e-03,3.911703840085474504e-02,1.310091025773681790e-03,1.616427154598857122e-02,4.342049274511811129e-04,3.000683313691372006e-02,3.846376096767078340e-02,1.013033141885382425e-02,7.346479300774685917e-03,1.283759475300123853e-02,1.814882032667879119e-03,-4.818570369410771909e-02,-8.158090990422461886e-01,2.275698879248291839e-02,5.197137999202769421e-02,1.525551987068984872e-02,1.310915071729633688e-03,-1.814882032667879119e-03,-1.794422218406179326e+00,1.936707169690410346e-01,9.303316413305645627e-01,5.560899931841047916e-01,-5.569615031940977623e-02,5.561933916707229031e-01,-6.578049816228106472e-01,6.946796604620131266e-02,1.452883537897990962e-01,4.311643512033938030e-01,-8.422610457930194972e-02,9.110891401473220075e-02,1.330196016528976399e-01,-8.907401615949245288e-03,-5.764047989073092099e-03,-8.489877061133212915e-04,-1.739275262052333154e-03,2.981804163681343184e-02,-3.412597884163824473e-03,1.564428374763858834e-02,1.008866482253370782e-04,2.821754352697262644e-02,2.045675957162349304e-02,-4.207211358961751579e-02,6.793435609752796443e-03,-1.648196372807832558e-03
5.852994555353902006e-02,5.843246532478357097e-02,2.711223246321975644e+00,9.721215945713330975e-02,1.542393420755361344e-01,1.065488355107963581e-01,1.653112062115944317e-02,5.535390199637023334e-02,-2.215122102462559184e+01,1.677520115459909755e+00,-1.935680834113465032e+00,1.032732043909550812e-01,-2.055596163034406898e-01,-1.926155379504313481e-01,-1.109765837432569874e-02,1.799478242391555627e-01,-2.999867900085915196e-01,-3.310665680846841541e-01,-9.833584488603577256e-01,-8.953082128110003701e-01,-1.187418608588508007e-01,6.465933394606103099e-03,7.706142328662171290e-03,7.307056780442613975e-02,4.855006507878230348e-02,4.412150214154338460e-03,2.341445522441825203e-03,3.608125841616117296e-03,1.646034852671291208e-03,4.861158369206955779e-03,2.311685231483928682e-02,6.914431201271302105e-03,1.791077388164744781e-03,2.162392398458013246e-02,2.767695099818511667e-02,5.139746358681834132e-02,2.719904802456074577e-01,1.095922881201880084e-02,7.632608219957648377e-04,-8.431576034893806249e-04,-2.401415703529030665e-04,1.542649727767694823e-02,3.171783040705776102e+00,-1.505603025352083124e+00,-1.388248616386415168e+00,1.084143975907950308e+00,-6.201456277670354122e-01,1.550166940158933526e-01,4.696996148300331408e-01,-4.273109913756018008e-02,-8.445750101976345903e-01,-1.411256720171462087e-01,-7.975766187214883285e-01,-1.182544874588545403e+00,-3.320142822676775962e-01,-9.392756440206396010e-03,-8.985523877373264787e-03,6.445622442088889958e-02,4.353250262315074004e-02,-3.470488818670040831e-02,1.031354496668143413e-03,-1.255614570437245392e-02,1.211829925220110149e-03,-2.514567476770676602e-02,-1.534690865283149658e-02,-3.215900217582522147e-03,-5.555401912609941352e-03,8.786329231578893922e-03
4.627949183303085162e-02,8.194352335739603366e-02,3.225153202887734771e+00,8.351906642241893608e-02,1.232444325775240435e-01,7.104122464633913503e-02,1.494580942674837536e-02,6.442831215970962200e-02,-2.187632132845519450e+01,6.616181547548315445e-01,-2.134074557517065429e+00,7.858923183561552506e-01,2.913944174693969824e-01,2.324294508020024463e-01,-2.173792048528277454e-01,-6.860896519501393787e-01,-4.972027313530575920e-01,-4.520091533159023012e-01,-5.163529235761419312e-01,6.529276953308942311e-01,1.075040068925126935e+00,3.183705216298449853e-02,2.901400326440660427e-02,1.020663794684149644e-03,2.754303002191649686e-03,1.017304791923707638e-02,1.292064237784323888e-02,7.961312174123401364e-03,3.437154097635559350e-03,2.605210828740379871e-03,4.228493284280107102e-03,1.214430547715745871e-02,8.892701921765326645e-03,9.648195134382597099e-03,-1.225045372050816844e-02,2.351105803261246269e-02,5.139299565657591273e-01,-1.369309303471437367e-02,-3.099490949801209094e-02,-3.550761086445722303e-02,-1.585311194411067812e-03,9.074410163339388657e-03,2.748996961703973341e-01,-1.015901960705078100e+00,-1.983937234036003971e-01,6.826191139652001416e-01,4.969540337728376445e-01,4.250449887524337944e-01,-2.062815464785020536e-01,-8.660374761892949413e-01,-1.972159413444660725e-01,-1.209425852312181471e-01,4.670055252842157945e-01,1.548235908141894601e+00,1.193781929783977791e+00,2.537111876837839369e-02,2.130786093574443124e-02,-7.204990400974199682e-02,-4.579576207659065423e-02,5.760897705082737921e-03,1.057919685540141368e-02,4.353186332507284068e-03,1.791119244964268142e-03,-2.255947540466575908e-03,-1.888835903055918058e-02,5.229874275886156609e-03,7.101624533600582080e-03,-1.197572885019753536e-02
5.081669691470054595e-02,1.786850587329173040e-02,3.077478117189434315e+00,7.435774722402281600e-02,8.263566536061735246e-02,1.556751727034774435e-01,1.310832327059503755e-02,7.259528130671506763e-02,-2.350699587282210601e+01,9.384258597227140841e-01,-1.394730614513258526e+00,6.209981885238380350e-01,-6.500595242702699172e-01,-1.929203022081178998e-01,-6.884892406610624294e-01,-2.528758622268156842e-01,-6.137245707091660840e-01,1.516568688150281285e-01,3.009868785257259760e-01,9.862455816278701271e-01,1.304190249940403445e-01,7.312350351935375387e-04,5.193525260362720150e-03,4.007319065489506685e-03,3.772383625268742411e-03,4.518013269740880217e-03,9.676845109473270617e-03,2.357928173319506771e-02,5.840094479651551651e-03,2.067889282170335200e-02,7.163331199678808422e-03,8.075531745511827994e-03,1.115548051052793564e-03,6.864583834935456333e-03,4.537205081669694329e-03,-6.407501748410429632e-02,-1.476750856983004567e-01,-9.161319198396120078e-03,-4.060876721690669100e-02,8.463394805713830849e-02,-1.837486156153337810e-03,8.166969147005445628e-03,-1.630674544366911505e+00,2.768077049678825396e-01,7.393439430038069027e-01,-1.648941298323172155e-01,-9.414539417396668997e-01,-4.253497530101203461e-01,-4.711100358082346840e-01,4.332137897233236945e-01,-1.165218393561084920e-01,6.036660221309304575e-01,8.173398021018678516e-01,3.333178862969758960e-01,-9.446210439310865903e-01,-3.110581712779095925e-02,-2.382047800404388238e-02,2.986655270805356824e-03,1.018080623077092725e-03,-5.655034649496196164e-03,-3.243797268369968262e-03,1.561796955907166634e-02,2.402940382015992301e-03,1.807368199296297342e-02,2.934837915398701320e-03,-4.068773731645630720e-03,-7.777153870712533515e-03,-2.783611299447140766e-03
3.266787658802177557e-02,2.099291302837824613e-02,3.251672215196459437e+00,7.895494416315486375e-02,1.002496667311383316e-01,2.143582699735866737e-01,1.340523177637219926e-02,6.624319419237749418e-02,-2.305009070822128692e+01,1.206065968174201419e+00,-5.294650722627174400e-01,4.937728604191046200e-01,-6.050238081309646798e-01,-5.501849288957255668e-01,-6.449791650630194439e-01,-6.360052681833192612e-01,-5.216166778226969392e-01,-4.986603321894316210e-01,-3.757752636538196356e-01,4.736315765510717979e-01,2.578376873463910091e-01,4.860183992605160083e-03,5.222228157215740192e-03,5.785064264477180092e-03,1.839996952730754351e-02,4.635623707126182436e-02,1.127132071584093231e-01,3.423888453586810404e-02,5.545673113000228194e-04,1.144284197828533039e-03,3.989097300451045595e-03,3.161171042042255474e-03,1.481928799176616572e-03,3.130690657815673322e-02,-1.814882032667877038e-02,3.124407155086515731e-03,1.741940980070251221e-01,4.597196939132047744e-03,1.761400137052097914e-02,5.868309727010923016e-02,2.969085057771617131e-04,-6.352087114337573448e-03,4.569051646008190914e-01,2.676401084514873352e-01,8.652655422505410865e-01,-1.272253281047334150e-01,4.503571613930523743e-02,-3.572646266876076671e-01,4.351007559804298541e-02,-3.831294059565035770e-01,9.210789288646914486e-02,-6.503172010044597773e-01,-6.767621421795455561e-01,-5.126140050767983292e-01,1.274186623523506645e-01,4.128948957411622545e-03,2.870289685302004207e-05,1.777745198987673407e-03,1.462758590203880153e-02,4.183822380152094067e-02,1.030363620489360560e-01,1.065960280267303634e-02,-5.285527168351528832e-03,-1.953460862387481831e-02,-3.174233899227762827e-03,-4.914360703469572086e-03,3.663807481238230083e-04,2.444232274322127862e-02
1.043557168784029106e-02,1.744914916413829731e-02,3.009043975638764579e+00,7.518047018439445728e-02,1.425861016213734178e-01,3.072422998879869790e-02,4.186275101284028799e-02,1.088929219600725910e-02,-2.538723100044128955e+01,2.481268957563312227e+00,-2.482454028308408445e-01,1.695766620780031486e-01,-3.272028901134719781e-01,-4.972520732866303472e-02,-2.296199531680807038e-01,-3.631433713612189917e-01,-4.572423993422279898e-01,-4.539058078900093385e-01,-7.424001507512768550e-01,-2.583631136737040701e-01,-3.852206483065551690e-01,1.897151977708371184e-01,4.877246109889635055e-04,9.539617942857454846e-02,1.902797513878409785e-02,4.428991553019543097e-04,2.436880842483231391e-03,3.309826389990759392e-03,1.218606476226715514e-03,4.343885724040881199e-04,1.656182474138962813e-04,5.977794503746203421e-03,8.935806002324286944e-04,5.552992390812294676e-02,-2.223230490018148625e-02,-3.543763864239948824e-03,-2.426282395576948581e-01,-3.774473978760406467e-03,4.233643489023508621e-02,-1.836340399847879723e-01,2.845751923646808873e-02,-5.535390199637023334e-02,-2.337140292220002635e+00,1.275202989389110808e+00,2.812196694318765955e-01,-3.241961983411014714e-01,2.778209180174927018e-01,5.004597215670625321e-01,4.153592118949387402e-01,2.728618968221002694e-01,6.437427848046894940e-02,4.475452429942228250e-02,-3.666248870974572194e-01,-7.319946902247758125e-01,-6.430583356529462336e-01,1.848550137782319636e-01,-4.734503546226776632e-03,8.961111516409736577e-02,6.280056114765543429e-04,-4.591333791595986896e-02,-1.102763263159260987e-01,-3.092905814587734378e-02,6.640391649266926943e-04,-7.098956254244449728e-04,-3.823479053037149179e-03,2.816623461703947947e-03,-5.883481989441878774e-04,2.422301732996621354e-02
2.949183303085299579e-02,2.822650097786194578e-02,2.028607364001469016e+00,1.236304978657486175e-01,1.856842339773058792e-01,1.943741097005831919e-01,3.791789622101307544e-02,3.448275862068965469e-02,-2.336454473354811512e+01,1.815276965648280116e+00,6.709667586803593764e-01,4.991151338858921260e-01,-6.841160784002175976e-01,-1.982912902734351168e-01,-8.458594293260108810e-01,-6.829820774768592395e-01,-3.396536699380537927e-01,-3.486091852628088184e-01,9.392317207820063962e-02,-1.507727016035744771e-01,1.276283519546969614e-02,6.983702284326280020e-03,1.051045159287274794e-03,1.122439610350844594e-02,6.390298938981049670e-02,9.418303175050334042e-02,6.648486605002822125e-02,2.247641366599693186e-02,9.472306961327270607e-04,6.789039919350941914e-03,3.661207219032899113e-03,3.595858840978364591e-03,1.265097965022625361e-03,3.092554699634799883e-02,1.905626134301270647e-02,1.077735181372364848e-02,-9.804366116372955631e-01,4.845002768135416027e-02,4.309813235593246139e-02,1.636498797117844906e-01,-3.944854791827212548e-03,2.359346642468239386e-02,2.022686266893174434e+00,-6.659919919150321110e-01,9.192121615112002209e-01,3.295384718078889774e-01,-3.569131882867456196e-01,-1.485660829447720821e-01,-6.162394761579301772e-01,-3.198387061156402478e-01,1.175887294041741971e-01,1.052966226272005201e-01,8.363233228294775223e-01,1.075904120701295930e-01,3.979834835020248374e-01,-1.827314954865108254e-01,5.633205482983112342e-04,-8.417178332506609906e-02,4.487501425102639885e-02,9.374013259520139196e-02,6.404798520754498292e-02,1.916658727600617160e-02,-2.713757800939884529e-04,6.354651346946853414e-03,3.495588971619002696e-03,-2.381935662767838829e-03,3.715173647901966669e-04,-2.460437691177494793e-02
3.811252268602540599e-02,3.896849221144447345e-02,2.525977182986204106e+00,9.924883815337397219e-02,1.492754522591198674e-01,2.091556095685945804e-01,3.730699414779958291e-03,8.802177858439201585e-02,-2.379952382873306149e+01,1.735204878334990930e+00,6.131763566106158692e-01,3.355887373652445549e-02,-1.360903290063461668e+00,6.771653966393843815e-02,-1.464722212307668858e+00,-1.336583746496027847e-01,-6.991307345412983709e-01,-6.545066526709760746e-01,-9.907393742912126711e-02,-3.468922458913260565e-01,5.066780633879510720e-01,1.443011768768794403e-03,1.348257888248897670e-03,1.404941976340898582e-02,3.923366394743411922e-02,1.072254341362480490e-01,7.666539229393942723e-02,1.429699725798362631e-02,5.842394362840702058e-05,4.815465943845688782e-03,2.199087894984597027e-03,2.302068902279001510e-03,6.202331484725349215e-04,3.358350983417705132e-02,8.620689655172410204e-03,1.074199123358252767e-02,4.973698189847350903e-01,-2.438165971237464535e-02,-3.640878171818601183e-02,1.478149986801138849e-02,-3.418719680623311802e-02,5.353901996370236116e-02,-4.349790951849463738e-01,-8.007208731328918638e-02,-5.779040206974350724e-02,-4.655562601493676844e-01,-6.767872116632440704e-01,2.660078299373735411e-01,-6.188627829816579773e-01,5.493237028272563993e-01,-3.594770646032445782e-01,-3.058974674081672562e-01,-1.929971095073219067e-01,-1.961195442877515793e-01,4.939152281924813481e-01,-5.540690515557485617e-03,2.972127289616228758e-04,2.825023659900539885e-03,-2.466932544237637748e-02,1.304240238574470856e-02,1.018052624391120597e-02,-8.179416408013305551e-03,-8.888067525043200469e-04,-1.973573975505253132e-03,-1.462119324048302086e-03,-1.293789938699363082e-03,-6.448648165500904398e-04,2.657962837829052488e-03
2.722323049001814863e-02,4.448395712689601732e-03,2.802531418593317891e+00,9.800170375413426449e-02,1.725778013394751176e-01,7.846594824044589300e-02,2.674650900727755867e-02,1.270417422867513649e-02,-2.713068933445705611e+01,2.438240593414387369e+00,9.496131169462672661e-01,3.924650363569069378e-01,-3.828566327595124275e-01,5.547457127799664267e-01,-5.537312109762266843e-01,3.945450269639556584e-01,-3.656953085290083338e-01,-8.182759019919927379e-01,-4.474453662609798044e-01,-7.277835203434220857e-01,-1.942309551094370534e-01,7.861261374094088983e-02,1.457892452117903791e-03,1.897985908042226222e-01,5.253687603445322298e-03,1.316608526588718651e-02,5.890243519706788757e-03,6.214646807191436841e-03,6.951010684934007548e-05,1.524301186127000952e-04,3.937139644783343127e-03,7.088283863749025339e-03,1.297433927955414512e-03,5.353068841112713916e-02,-1.088929219600725737e-02,-3.452009649875487085e-02,2.765542356071137853e-01,-1.247134399239707703e-03,2.330234908035525021e-02,-1.306896613281486874e-01,2.301580959249760125e-02,-7.531760435571688284e-02,-3.331165505723994613e+00,7.030357150793964394e-01,3.364367603356513969e-01,3.589061626203824962e-01,9.780466573039492406e-01,4.870291731160280024e-01,9.109910013314421739e-01,5.282034016135583876e-01,3.334354260122900371e-01,-1.637692493210166633e-01,-3.483714288318585650e-01,-3.808912744520960292e-01,-7.009090184973880699e-01,7.716960197217209716e-02,1.096345638690061214e-04,1.757491710408136398e-01,-3.397997634398879779e-02,-9.405934887036086767e-02,-7.077514877423263240e-02,-8.082350450792190333e-03,1.108616322093305490e-05,-4.663035825232988985e-03,1.738051749798746101e-03,4.786214961470023829e-03,6.772007794828795906e-04,1.994717857695008784e-02
5.943738656987295615e-02,3.060702751286612650e-02,2.818373886339669010e+00,8.931358916114541524e-02,9.392377753222509729e-02,2.528376669603604743e-01,2.991516846759200918e-02,8.348457350272232846e-02,-2.225259294449165282e+01,4.752171762821243983e-01,-1.017183864975143681e+00,1.080646999950152232e+00,-7.393659196548847401e-01,-5.273287592242352773e-01,-3.277642779832971587e-01,-6.167103021054749779e-02,-3.238048118790062269e-01,-4.171631093593465844e-01,-2.153442250259343937e-01,-1.958514787017328618e-01,-8.822791423166234659e-02,5.604911141819154258e-03,5.819375951771732502e-03,5.459108317132761734e-03,1.680685718133836937e-02,6.853946496575296157e-03,8.146998921545856032e-03,6.571504281001836964e-03,1.977940896651738181e-03,2.654406804336501263e-03,8.715543631043119743e-03,7.394974702838631384e-03,1.092013608820388169e-03,3.889600049211298666e-03,3.221415607985481100e-02,2.615863180017652390e-02,1.584246774635111876e-02,-8.688114592988849250e-03,-7.865402380725002029e-02,1.743717187199145813e-01,3.168659460314450504e-03,7.078039927404719545e-02,4.878096389965403290e+00,-1.963023417132262916e+00,-1.966796981921410836e+00,6.881819635932453494e-01,-3.565092868953723126e-01,-1.082074472004201704e+00,2.259669329929295256e-01,-4.562160571745031423e-01,4.189049665000210698e-02,4.011127926326461535e-01,2.321011412350454106e-01,5.319320416416892794e-01,1.060030408777747069e-01,-7.300770259912173210e-02,4.361483499653828928e-03,-1.843394824870898674e-01,1.155316957789304794e-02,-6.312138769311890357e-03,2.256755401839067275e-03,3.568574738104001234e-04,1.908430789802398201e-03,2.501976685723801032e-03,4.778403986259776616e-03,3.066908390896060446e-04,-2.054203191350263431e-04,-4.964108836191583746e-02
3.856624319419237751e-02,2.021040942007370361e-02,3.137734538753387703e+00,1.124082945508059900e-01,1.700400660341143122e-01,2.175532353684754283e-01,6.247339465835547410e-03,6.261343012704173594e-02,-2.274127829356848451e+01,1.583654094025583881e+00,-3.001603882402035239e-01,6.292534583817106508e-01,-4.772691719694126533e-01,-5.912320986975789783e-01,-3.574637776686199753e-01,-1.410449243951839571e-01,-5.891919294583003452e-01,-6.643220377602929716e-01,-2.405616812607776489e-01,2.075196948527393073e-02,-6.747851982850683328e-02,9.605857727841709409e-03,1.654710966419038103e-03,3.944647871534493616e-02,9.158716515665421554e-02,3.170295839960007162e-02,3.183593318403190459e-02,1.016850670345380812e-02,5.575879406872157442e-04,5.183640934437531468e-03,5.733406044393857433e-03,3.666848852802417555e-03,1.801269604109703108e-03,2.535755489568510337e-02,-2.087114337568057865e-02,-1.039661809279242288e-02,3.193606524137186931e-01,2.309470538966057473e-02,7.611628850188921491e-02,-3.528443159188504596e-02,-2.366782900175646090e-02,-2.087114337568059252e-02,-4.886853490768316988e-01,1.108436917743459427e+00,7.170234767349401572e-01,-4.513935415684415808e-01,2.620967476854720868e-01,-6.390333947334370102e-02,-2.969949968532281659e-02,-7.937389418463645929e-02,-2.653871175792941184e-01,-2.471589284009463872e-01,-2.521745623484325516e-02,2.166034481870068029e-01,2.074939440315551331e-02,4.000946586022555151e-03,-4.164664985352694616e-03,3.398737039821217443e-02,7.478030797531584617e-02,2.484901190302477719e-02,2.368893426248604855e-02,3.597002422451971160e-03,-1.420352955964522546e-03,2.529234130101030206e-03,-2.982137586649262311e-03,-3.728125850036213829e-03,7.092559952893149385e-04,2.146795484647380514e-02
3.493647912885662621e-02,4.630537403329814533e-02,3.275253213997782353e+00,1.040947036725551889e-01,1.595603646782622898e-01,1.795641373836596721e-01,9.544647121838206044e-03,5.263157894736841813e-02,-2.267299047340523899e+01,1.098801604710766933e+00,-8.853275854904330000e-01,2.701302572965771365e-01,-4.257152289149329638e-01,-7.978913033028967039e-01,-5.644929785701048308e-01,-1.026412276575197735e+00,-6.117862143159515931e-01,-1.183987118746111511e+00,5.449274325472268643e-01,4.904483724600644523e-01,1.963078909135210215e-01,2.182483906512744029e-03,1.965035365947139998e-02,4.448706564415731354e-03,7.957122564522316546e-03,1.482068082714489525e-02,4.784466702636290536e-02,1.045080299052931205e-01,4.148305712511519104e-03,1.039324831166666026e-02,2.058246807633351810e-03,2.027361276935801641e-03,4.337129330159197296e-04,2.884985537374779377e-02,-3.629764065335751300e-03,2.609496461322444172e-02,1.375186752443946503e-01,-8.313590878250801119e-03,-1.047970135585202245e-02,-3.798909798481575617e-02,3.297307656002658634e-03,-9.981851179673317809e-03,6.828782016324552728e-02,-4.848524893148169479e-01,-5.851671972502294761e-01,-3.591232010851335144e-01,5.155394305447968950e-02,-2.066592046053177256e-01,-2.070292009014848555e-01,-8.853673521800138335e-01,-2.259428485765124783e-02,-5.196650809858185394e-01,7.854891138080044577e-01,4.696964029747905389e-01,2.637864107420278548e-01,-7.423373821328965380e-03,1.799564269305236122e-02,-3.499777215092920307e-02,-8.363004259213190072e-02,-1.688227757245517463e-02,1.600873384233100077e-02,9.433952320183931761e-02,3.590717771824303468e-03,5.209607377229128790e-03,-3.675159236760505623e-03,-1.639487575866615914e-03,-1.367556671093783432e-03,3.492300478062690394e-03
4.673321234119782314e-02,3.195215060023508941e-02,3.299112104349844365e+00,1.005446678067900834e-01,1.211676226414037383e-01,2.162191733140237104e-01,1.795202633113617344e-02,8.257713248638838544e-02,-2.360253715553128728e+01,-7.225726369190853260e-02,-7.923040544717556699e-01,1.833692781612799583e-01,-9.540660130440248299e-01,-1.768950326486769531e-01,-1.019998345591184519e+00,-4.217800243556396045e-01,-1.487629655052034039e-01,-4.833910123204528397e-01,5.703661812804459164e-01,7.407867564688421780e-01,1.210927866825712435e-01,2.091676979592241737e-03,2.681350842240986469e-03,5.101557215357980200e-03,7.996899405216231684e-04,1.549988115957216242e-03,1.006969581753329674e-03,3.614021730108874647e-03,1.041522481617403358e-02,1.084295826578873245e-01,4.288790442859036775e-04,2.094015670786072373e-03,1.622737767535326059e-03,2.929428184270880739e-02,1.179673321234119693e-02,-1.435322343306305592e-02,2.385889035206201214e-02,-3.550035865765105436e-03,-3.839274203685855147e-02,3.665503593036403829e-02,8.407379209297967393e-03,2.994555353901996730e-02,-9.295466821260482959e-01,-1.171058868402675479e+00,9.302353101867733010e-02,-8.676097913529717820e-02,-5.283507841290918661e-01,6.209962706542198063e-01,-4.555053670210796879e-01,6.046322522195581861e-01,4.630232488107481892e-01,7.005961064256587267e-01,2.543874873321905206e-02,2.503383840087777257e-01,-7.521510423094977804e-02,-9.080692692050229206e-05,-1.696900281723041221e-02,6.528506509422488460e-04,-7.157432624000693161e-03,-1.327069271118767879e-02,-4.683769744460957590e-02,-1.008940081751842494e-01,6.266919103662514472e-03,9.803633434622066600e-02,-1.629367763347448241e-03,6.665439385027073158e-05,1.189024834519406383e-03,4.444264689610136210e-04
3.811252268602540599e-02,3.067520014800187086e-02,3.276019050199174831e+00,9.227594183779491699e-02,1.066492867639625142e-01,3.869934744327575560e-01,8.099823513018251930e-03,9.255898366606170324e-02,-2.408326597785591972e+01,3.746352791943464711e-01,1.453527820335341614e-02,-6.917025918012738028e-01,-1.098480784613288463e+00,-3.695942026031158734e-01,-1.365782088301458641e+00,7.430267944102142419e-02,-5.370786834779470720e-01,-1.583263972695880817e-02,7.860135854004129952e-01,7.173665507517881235e-01,1.205796602085904556e-01,8.368043544105674284e-04,1.142850123500143214e-03,1.217303211607574306e-02,2.507414576479769321e-04,8.079964927868565211e-03,1.727448068081828937e-03,6.338216675378036298e-03,4.279331100102338678e-03,1.627505652985596629e-01,9.192274923448389432e-04,7.462697418085860544e-04,4.453474398680323148e-04,4.419969167557852296e-02,-8.620689655172417143e-03,-1.276950452233218541e-03,-2.309305415066953415e-02,-8.268725968995166431e-03,-1.451833587744122411e-02,1.707743011187338456e-01,-9.852202818117921507e-03,9.981851179673317809e-03,-4.807288223246324321e-01,4.468925428862550175e-01,8.068393326751090999e-01,-8.750718699625537056e-01,-1.444147715692636336e-01,-1.926991699544389203e-01,-3.457837427102741223e-01,4.960827037966610287e-01,-3.883157179727436681e-01,4.675583725934940316e-01,2.156474041199670788e-01,-2.342020571705405452e-02,-5.131264739807878117e-04,-1.254872625181674417e-03,-1.538500718740843255e-03,7.071474900717762864e-03,-5.489484828736462905e-04,6.529976811911348752e-03,7.204784863284992638e-04,2.724194945269161651e-03,-6.135893716071694898e-03,5.432098264067233839e-02,4.903484480589352656e-04,-1.347745928977486319e-03,-1.177390327667293853e-03,1.490540983286971558e-02
1.860254083484573495e-02,1.776791698013978696e-02,3.124969725390464692e+00,1.023368803006628330e-01,1.603615464172029603e-01,2.728043612758046521e-01,2.747831120947359998e-02,2.177858439201451821e-02,-2.420929360639928873e+01,2.126684106319167711e+00,9.336085067877979426e-01,-4.978731234230557995e-02,-5.343561536961893843e-01,8.538035811234340189e-02,-9.195714975928592771e-01,-1.059893753507531039e-01,-6.908552740131898018e-01,-6.044912780554829723e-01,-6.183794900817758400e-01,1.184194177372240309e-01,7.640535971028977746e-02,1.258220102186695562e-02,4.019290387325924713e-04,5.228209803164475533e-02,5.352995904494918522e-02,7.323344155079140883e-02,5.948926051717089158e-02,2.434880308855508560e-02,4.738286862162773548e-04,4.528004495865396023e-03,4.720586990619196621e-03,4.989646432367302910e-03,6.687223145915566474e-04,2.622319181307964514e-02,-1.950998185117967104e-02,-1.290728316786208391e-02,-1.510493248087101392e-01,1.006093846286791604e-02,5.371225965324044616e-02,-1.141891131569529039e-01,1.937848769645534805e-02,-7.078039927404718157e-02,-1.260276285433690191e-01,1.752048827124821351e+00,9.190732285844445126e-01,6.419152794589682021e-01,5.641246309170990791e-01,4.549745607154592753e-01,4.462105907085993639e-01,-1.802920547917745142e-01,-1.537765905352427298e-01,-5.886586383285241642e-01,-1.404393075482188724e+00,-5.989471330145641481e-01,-4.417430049830067817e-02,1.174539666745638873e-02,-7.409210847675506886e-04,4.010906591556900880e-02,5.327921758730121138e-02,6.515347662292284014e-02,5.776181244908906026e-02,1.801058641317705017e-02,-3.805502413886061377e-03,-1.582225608026942565e-01,3.801359498274357786e-03,4.243376690558717072e-03,2.233748747235243326e-04,-1.797649986249887782e-02
1.996370235934664256e-02,5.882594842324360106e-03,2.359690649029811738e+00,1.169036852182948200e-01,1.981909197931499278e-01,1.059487455585204491e-01,1.154044892484226183e-02,1.633393829401088779e-02,-2.600692055672556080e+01,2.803950330652654088e+00,6.298463215123463188e-01,8.053073663790213943e-02,-1.479688535489397661e-01,1.515836500473583537e-01,-6.196326725424750048e-01,-1.972010388550200499e-01,-2.835902232185310012e-01,-3.052002789767397362e-01,-2.999926176801767652e-01,-2.362607044782866483e-01,-2.015236326188858951e-01,1.333512661651606590e-01,4.406348175033522000e-04,7.618806911304593088e-02,1.496303152340045309e-02,1.214380121362503354e-02,3.419820149011311601e-03,1.189614511721008051e-02,9.769028360812885992e-04,3.776350016511040297e-03,4.954480227358542405e-03,3.583387489677478110e-02,2.615556352821811915e-03,3.863784941659934025e-02,1.361161524500907605e-03,-1.188532213781542599e-02,-7.652790763606529545e-01,1.456680491763198693e-02,3.782937337594696747e-02,-1.668556157172841892e-01,-1.593786228463133642e-02,-5.444646098003630419e-03,-1.797626950326272066e+00,6.772662243334863774e-01,-3.037621852754516238e-01,1.303180489802077124e-01,3.863873001472496460e-01,6.620329193501495180e-02,2.999388250503842723e-01,-9.121166350426694602e-02,4.072650507946588005e-01,2.992909990787432362e-01,3.183868724015990748e-01,-3.546801222155107070e-01,-2.779289923291756725e-01,1.207690651432937051e-01,3.870577877075972876e-05,2.390597108140117555e-02,-3.856692752154873560e-02,-6.108964033716637876e-02,-5.606944036815957738e-02,-1.245265797134500509e-02,5.030741498650112987e-04,-7.516544793543557257e-04,2.338932367393457834e-04,3.084422846440747906e-02,1.946834038230255267e-03,1.241465760351969511e-02
7.350272232304899678e-02,3.594795469208129837e-03,2.292550546247729137e+00,1.788815885635106628e-01,1.207945641354673527e-01,1.733193676967471397e+00,1.838633371547664097e-02,2.313974591651542512e-01,-2.596898328918431531e+01,6.865986357134090667e-01,5.979473566699560205e-01,4.191918015001332154e-02,-3.930272587588516942e-01,-1.336549565355862612e-01,1.655930795868166827e-01,4.360066670615735107e-02,-4.015583624500472237e-01,-7.422719975429877826e-01,2.884418619183379273e-02,3.700306862468960012e-01,-5.166069679510509882e-01,8.363267710505635846e-03,1.041824337018568223e-03,1.624984314490771423e-02,1.286328643881025705e-02,4.748554093194539208e-03,2.740113186469166680e-03,3.569560908776572491e-03,2.971641491631453989e-03,2.129648150214156262e-03,2.383118745597841755e-03,4.639414362973258779e-03,2.545017974136046680e-03,4.531755988159354848e-03,5.353901996370235422e-02,-2.287799373116230269e-03,-6.714010278208260019e-02,6.197790334521584288e-02,-7.739635565768257508e-02,1.627244931408950990e+00,6.845884790634379144e-03,2.150635208711433599e-01,3.793726754124548961e-02,-2.117351694939245021e+00,-3.189896484239029828e-02,-3.861155648788881789e-02,-2.450584052099119281e-01,-2.852386065829446427e-01,7.852257521292916875e-01,2.408017055611774149e-01,-1.179681392315162225e-01,-4.370717185662480464e-01,3.288368038720105302e-01,6.062913907251826773e-01,-3.150833353321650931e-01,-1.249879984546550249e-01,6.011895195152160230e-04,-5.993822596813822012e-02,-2.099745084590196043e-03,-7.395247120430494328e-03,-6.797069625421449206e-04,-8.326584208433508022e-03,1.994738655550165607e-03,-1.646701866296884035e-03,-2.571361481760700649e-03,-3.119446053380152406e-02,-7.053837868576523507e-05,-3.410609342843998193e-02
1.592558983666061689e-01,6.173551653169003471e-03,3.016251132629535814e+00,1.868857129322231692e-01,1.184894129493381798e-01,1.743948754357415254e+00,1.852936265288335476e-03,2.431941923774954550e-01,-2.557063574092634894e+01,-1.149739967020672327e-01,3.730566940567567324e-01,-2.841002102312636252e-02,-3.832980287562250399e-01,6.241311652835827839e-02,-3.635505864497604600e-01,-1.118578597465765823e-01,-2.348470580110134653e-02,-2.714952318690775912e-01,-1.450342918511063617e-01,5.142045273554712859e-01,1.686061451648073750e-01,1.842902285119322678e-03,2.289325277385975341e-03,2.215865461157977712e-03,2.017968735642717074e-03,3.806144068904588652e-03,2.003394264131123578e-03,5.697019254641359429e-03,3.341247920337123666e-03,2.801147615304069773e-03,1.505402170921516609e-03,2.610348685140302313e-03,4.665331807426851066e-03,1.208800427271947099e-03,8.575317604355717216e-02,2.578756183960873635e-03,7.237005863818066764e-01,8.004124368712506321e-03,-2.305151186129172913e-03,1.075507738994385676e-02,-1.653339745018830506e-02,1.179673321234120387e-02,3.983475482579663662e-01,-8.015726324154762716e-01,-2.248906626131992881e-01,-7.032920117313967712e-02,9.729230002626654272e-03,1.960680730639445257e-01,-5.291436660365771427e-01,-1.554585264527339472e-01,3.780736566489458772e-01,4.707767656739101914e-01,-1.738784780429401544e-01,1.441738411085752847e-01,6.852131131158583077e-01,-6.520365425386313168e-03,1.247500940367407118e-03,-1.403397768374973695e-02,-1.084531770316753997e-02,-9.424100242899505556e-04,-7.367189223380431022e-04,2.127458345864786937e-03,3.696064287056696762e-04,6.714994650899135109e-04,-8.777165746763251463e-04,-2.029065677832956466e-03,2.120313833290804386e-03,-3.322955560887407532e-03
1.229582577132486421e-01,2.036926492392102453e-04,3.022429648454246554e+00,1.510694685367488799e-01,1.262379959543130092e-01,1.527832461679689890e+00,2.127357892216149779e-03,2.214156079854809334e-01,-2.873932195626169417e+01,1.012533190729285826e+00,4.109092033622192552e-01,-3.138544290505700385e-01,-6.298432973463335971e-02,3.215293909983696907e-01,-1.611961988023769554e-01,1.567935271103080008e-01,1.893601064940184653e-01,-2.157693905030498294e-01,-1.831174615163112251e-01,3.372739734763528785e-02,-8.692542278769055386e-02,9.652523095188455735e-03,2.809597163633084996e-03,1.861717809347632549e-02,1.197523741051446586e-02,8.613082305887235016e-03,3.435790190633815355e-03,9.794696347708164649e-03,1.564438924375108385e-03,1.267482276365899593e-02,3.513595758450951349e-03,1.477099937114738359e-02,3.903646770837355083e-03,5.214468528021716509e-03,-3.629764065335752687e-02,-5.969859003929793226e-03,6.178515824710739679e-03,-3.581624439547428929e-02,7.748583004974829436e-03,-2.161162926777253634e-01,2.744216269278143029e-04,-2.177858439201452168e-02,-3.168686215335345224e+00,1.127507187431353142e+00,3.785250930546252279e-02,-2.854444080274436968e-01,3.203136990215916802e-01,2.591162744700113985e-01,2.023543876473835046e-01,2.686513868568846108e-01,2.128448122951198118e-01,5.572584136602776184e-02,-3.808316966520486346e-02,-4.804771300078359841e-01,-2.555315679524979289e-01,7.809620810069133057e-03,5.202718862471096550e-04,1.640131263231834821e-02,9.957268674871748784e-03,4.806938236982646363e-03,1.432395926502691777e-03,4.097677093066805221e-03,-1.776808995962015280e-03,9.873675148354925726e-03,2.008193587529434956e-03,1.216065068600708128e-02,-7.616850365894959826e-04,4.005668100749769193e-03
7.985480943738657023e-02,1.816832008257229152e-04,3.286297717074484481e+00,1.211010348295403077e-01,1.271752775989529460e-01,8.160975154716264557e-01,2.848254087349538777e-03,1.724137931034482873e-01,-2.868433329907002616e+01,1.369514062335702498e+00,-1.217968778115466055e-01,2.131548179158936074e-01,-6.217366200156049239e-01,3.121087271468280244e-01,-5.127960552778507153e-02,-2.436194340439084768e-02,2.567691986895205281e-01,-1.182292665099683171e-01,-1.001433937096431609e-01,4.373605233954349636e-01,2.919885736143060240e-02,1.058140042952073444e-02,5.816239724135457284e-03,4.591994075537479680e-02,1.200267252842606054e-02,1.807674695541360704e-02,5.331106914596440635e-03,2.401494219561105953e-02,4.939234731671114133e-03,8.279885175838936143e-03,3.380491291209791749e-03,5.242090299048695126e-03,4.630287887362361833e-03,1.173692383509688728e-02,-4.310344827586207184e-02,-2.200944841348733013e-05,2.638680686202379277e-01,-2.996843370720857214e-02,9.372816446399367951e-04,-7.117349462080634348e-01,7.208961951333889978e-04,-4.900181488203264601e-02,5.498865719166801114e-02,3.569808716064166720e-01,-5.327060811737658330e-01,5.270092469664636736e-01,-5.587522902809716197e-01,-9.420663851541666300e-03,1.099165932745918839e-01,-1.811554705146988520e-01,6.740909219550206277e-02,9.754012399308151227e-02,8.297406780666806425e-02,4.036331260477996619e-01,1.161242801491211563e-01,9.288773343322787035e-04,3.006642560502372288e-03,2.730276266189847131e-02,2.743511791159468360e-05,9.463664649526372027e-03,1.895316723962625280e-03,1.422024584790289488e-02,3.374795807296005964e-03,-4.394937587820059791e-03,-1.331044672411595998e-04,-9.528909072098688468e-03,7.266411165250067500e-04,6.522455307075170766e-03
6.125226860254083527e-02,1.572117282281309104e-04,3.185108941594584575e+00,1.161189813321098635e-01,1.309023605699352610e-01,5.823696843197395667e-01,2.729402928684373890e-03,9.981851179673320584e-02,-2.918991339491855186e+01,1.726929142944298778e+00,1.824379962639325475e-02,2.949768317525053307e-01,-4.997765265880244057e-01,-1.374726670903583803e-01,-3.559292669641472839e-01,-5.906587698344387821e-02,2.693727051214892532e-01,5.378999736070083637e-02,-4.441339450431155966e-02,4.122849649723557830e-01,2.565538931917832333e-01,7.756333784035387632e-03,6.850379198995039387e-03,2.716956336383606271e-02,4.408693196217543069e-03,2.293440739194348155e-02,3.180212274390176175e-02,3.711405441973215924e-02,1.024319671432391771e-03,3.411163651557728299e-02,3.491024295731500610e-03,1.938659180647088823e-02,9.324597994864559231e-03,1.259725385039320647e-02,-1.860254083484573495e-02,-2.447147259759200472e-05,-1.011887754798999062e-01,-4.982053497430444233e-03,3.727082970982315002e-03,-2.337278311518868890e-01,-1.188511586651648869e-04,-7.259528130671508150e-02,-5.055800958485257013e-01,3.574150806085962806e-01,1.400406774379398533e-01,8.182201383661172334e-02,1.219600934275805182e-01,-4.495813942371864047e-01,-3.046496614363621847e-01,-3.470393357905303400e-02,1.260350643196872511e-02,1.720192638706691535e-01,5.572999920533160123e-02,-2.507555842307918059e-02,2.273550358303526309e-01,-2.825066645485346806e-03,1.034139474859582103e-03,-1.875037739153873409e-02,-7.593979332208517473e-03,4.857660436529874504e-03,2.647101582930531938e-02,1.309911222412109971e-02,-3.914915060238722579e-03,2.583175133973834858e-02,1.105330045217088608e-04,1.414450150742219310e-02,4.694310107502197398e-03,8.603300152963191949e-04
4.627949183303085162e-02,1.229244729985702741e-04,3.249312997603653663e+00,1.186444998547132312e-01,1.617146292314498579e-01,3.360055784539051627e-01,5.717152784602683689e-03,5.172413793103448204e-02,-2.969497488192619272e+01,1.906811856173138642e+00,-3.246636893660239109e-01,2.151785884700456730e-01,1.446240979901329826e-01,-5.554057262942599382e-03,-2.068170456792776946e-01,2.820348392975629004e-01,2.822957083845389903e-01,3.106785628558350609e-01,2.005119172330605548e-01,1.962708282243794122e-01,2.167816004603307367e-01,7.618200828175035813e-03,5.500595929803197594e-03,2.418713460118128780e-02,2.863179747839480430e-03,1.236581777360052856e-02,2.514920525085578232e-03,4.586609266017326048e-02,2.240516501662936141e-03,7.518111055892999495e-03,7.899492971545097122e-03,4.617943190572600803e-02,7.427316242322088390e-03,1.523585437992133751e-02,-1.497277676950998365e-02,-3.428725522956063633e-05,6.420405600906908816e-02,2.525518522603367733e-03,3.081226866151459687e-02,-2.463641058658344041e-01,2.987749855918309799e-03,-4.809437386569872380e-02,-5.050614870076408636e-01,1.798827132288398634e-01,-3.429074889924171865e-01,-7.979824328245965770e-02,6.444006245781573883e-01,1.319186098274157670e-01,1.491122212848695894e-01,3.411007162810067994e-01,1.292300326304973712e-02,2.568885654951342246e-01,2.449253117373721145e-01,-2.160141367479763708e-01,-3.977229273145249655e-02,-1.381329558603518193e-04,-1.349783269191841793e-03,-2.982428762654774912e-03,-1.545513448378062638e-03,-1.056858961834295299e-02,-2.928720221881618221e-02,8.752038240441101236e-03,1.216196830230544370e-03,-2.659352545968428350e-02,4.408468675813596513e-03,2.679284009925511981e-02,-1.897281752542470841e-03,2.638600529528131039e-03
2.359346642468239733e-02,4.334402030068499473e-02,2.982376249171765359e+00,5.316326701501077751e-02,1.083861957521612823e-01,1.103142162098566699e-02,3.358756738093995886e-02,2.177858439201451821e-02,-2.440919128089115731e+01,3.548301659368471306e+00,-1.414713265207358628e+00,6.958071741376119917e-03,-2.770096269923216781e-01,-7.428837846294172875e-01,-6.886441402785565824e-01,4.261680002657082245e-01,-1.919322636784636105e-01,-7.237535926574216738e-01,-8.643505473493348079e-01,-6.844553685032341850e-01,-2.444713937388013070e-01,1.070053688999651406e-02,1.126750435107416043e-02,6.466363681049065726e-02,3.557427822558639069e-02,5.562180711005296208e-03,5.364107987448493535e-03,1.789938140928015817e-03,9.786805104274771486e-06,1.527855928084160360e-03,2.088064344848574328e-03,1.406182963156305107e-03,2.701511617907030095e-04,1.853254814451705049e-02,-2.268602540834845430e-02,4.322109582768642738e-02,-2.669367484318883044e-01,-6.548123283970244679e-02,-5.332843347928857558e-02,-3.249741568329194696e-01,2.787041459633727430e-02,-2.994555353901996383e-02,5.285783601035035417e+00,1.641489803195332664e+00,-1.090049575841334661e+00,-2.082205167286695635e-01,-4.216337249824546607e-01,-7.373297273664747298e-01,-4.818270945992788601e-01,1.441331609681453241e-01,-4.742279720630026008e-01,-1.034432155513256735e+00,-1.064862464582395418e+00,-8.807261967276136527e-01,-4.612529941991320159e-01,3.082336061821478249e-03,5.766908421270962835e-03,4.047650220930937293e-02,3.271109847774691243e-02,-6.803637062595232349e-03,2.849187462362915303e-03,-4.407615451924524336e-02,-2.230729696558661317e-03,-5.990255127808838918e-03,-5.811428626696523228e-03,-4.477324894256970444e-02,-7.157165080531385434e-03,3.296693764595712978e-03
2.359346642468239733e-02,3.965238050267144883e-03,2.783448494678748553e+00,1.011843757726974963e-01,1.386291727808804386e-01,3.629905842804381777e-01,2.568199069009109367e-02,4.446460980036297944e-02,-2.613165259136277285e+01,2.258956935254563536e+00,5.887722722615976734e-01,-7.436183664696457973e-02,3.912151133858439156e-01,-9.723810194054116618e-01,2.147106588702781677e-02,8.174610250229763508e-02,-5.528289883886843281e-01,-8.152174598221620383e-02,-2.862967653762120146e-01,-3.182040620827441546e-01,-7.474684243270681705e-01,1.151034043756666708e-01,5.849995835131345133e-04,1.066286731703407903e-01,3.332977400259247176e-03,9.193874090559344195e-03,4.929217390526884762e-03,5.318983126967997098e-03,4.389245157973559316e-04,1.280978547040342169e-03,7.451154874114913028e-03,1.533878061359120193e-02,1.262161509478812145e-03,3.973591067051848724e-02,0.000000000000000000e+00,-3.937878225041784724e-02,-1.989277544930168062e-01,4.802110875768671877e-02,3.024297702871915627e-02,3.519591626594524847e-01,-7.905576690848865190e-03,2.268602540834846124e-02,-1.722461310471615548e+00,-1.289344724113907770e+00,2.003485537468956412e+00,-8.131990838834070312e-02,6.682247403781655937e-01,-2.294972347759943743e-01,7.101152061655844339e-01,-3.444218977634105894e-01,-3.608967247102207176e-01,6.422318466752054977e-01,5.780537819731228488e-01,3.662513064204900304e-01,-5.029970305882668358e-01,1.044028674856701533e-01,-1.068250476756102581e-02,4.196503635985013303e-02,-3.224130082532714048e-02,3.631693379554047987e-03,-4.348905969216087727e-04,3.529044986039981281e-03,4.291377106930811618e-04,-2.468773810438181903e-04,5.363090529266338266e-03,1.393259765043489661e-02,9.920103476881091901e-04,2.120336252600143676e-02
7.803992740471869805e-02,1.568348847475561220e-02,3.111242820442250423e+00,1.124895564507919776e-01,1.279515160798464779e-01,7.101442859316988709e-01,1.270335437635198433e-02,1.234119782214156136e-01,-2.337722892591510160e+01,1.183125580573079372e+00,6.810892359264947293e-01,-7.236232091962236934e-01,-1.253346977322437938e+00,-2.944162024622691831e-01,-7.555718010216183611e-01,2.772294476740777558e-01,-1.354395447761257976e-01,-2.365988639075445599e-01,-1.919382392408964522e-01,5.594364675424849664e-02,2.483972500950177020e-01,7.543599011169950172e-03,9.331824011661804183e-03,2.546428105248332505e-02,8.092666379371357341e-03,3.416369048818854864e-02,2.994264288312499522e-02,6.627948323236551934e-03,3.296535320835753975e-03,1.868489108907862850e-02,6.088144878385845157e-03,7.088695361743977547e-03,7.985123267102304037e-03,1.011110268621850765e-02,5.444646098003630419e-02,1.171825042448846818e-02,3.277943257635018703e-01,1.130518067809448135e-02,-1.067765670103396070e-02,3.471537016512606932e-01,-1.297863631373910934e-02,7.894736842105262720e-02,2.754423665447671254e+00,-1.075831354681484164e+00,9.231696366489705596e-02,-6.492613725492590859e-01,-1.644562090708281854e+00,6.779648169431424787e-01,-7.770428669086462126e-01,1.954833451717801207e-01,4.173894436125585305e-01,-1.550771179253283560e-01,9.435852613531556243e-02,3.741477088369926651e-01,9.958656744220858448e-01,-1.075598053644967189e-01,8.746824428148669561e-03,-8.116439211785746177e-02,4.759688979112110599e-03,2.496981639762920618e-02,2.501342549259811046e-02,1.308965196268554836e-03,2.857610805038397934e-03,1.740391254203828633e-02,-1.363009995729067871e-03,-8.250085251847224382e-03,6.722961757623492109e-03,-2.962480798429997786e-02
5.172413793103448204e-02,3.199152382508284407e-03,1.418396959012776071e+00,1.293374997222306866e-01,1.809743313674694876e-01,3.397715114569556660e-01,3.430989692775199360e-03,9.437386569872958930e-02,-2.592188635808713215e+01,1.924168810026737120e+00,9.136397262001965114e-01,-3.612211901673614833e-01,-1.180990166586807444e+00,1.934788743804208566e-01,-7.346344234905126669e-01,8.985207825959744543e-01,-8.955139698296403494e-02,1.054229866415927891e-01,3.782380034553986525e-02,-4.517599790981512431e-01,9.529600150295330918e-02,2.023818040573169622e-02,1.672642512301178441e-02,3.528657098117302104e-02,1.109219309252664279e-02,5.855742181899712892e-03,5.314877142042262470e-03,4.995145450723708670e-03,3.625676586462606328e-04,9.556142582198244584e-03,1.519820839355848566e-02,1.496058819644263682e-02,8.111108242720361725e-03,8.846778577821063153e-03,-2.631578947368421600e-02,-1.248433609224732822e-02,-1.692845861429474352e+00,1.684794327143870896e-02,5.302281528762300966e-02,-3.703727744747432049e-01,-9.272364683576785407e-03,-2.903811252268602427e-02,-2.544657432172030553e+00,7.410432294536577480e-01,2.325504902737017821e-01,3.624020190288622101e-01,7.235681073563049459e-02,4.878950768426900675e-01,2.093737753110569422e-02,6.212913349218966985e-01,4.588814779316176262e-02,3.420218505491373628e-01,2.297620395864363174e-01,-5.077036258523996981e-01,-1.531012485920643929e-01,1.269458139456174604e-02,7.394601111349980230e-03,9.822289928689695998e-03,2.999526713155285448e-03,-2.830794830628883402e-02,-2.462776574108273275e-02,-1.632802872512843263e-03,-2.933967662189493342e-03,-9.128748506880383917e-03,9.110063515172640500e-03,7.871892834698659275e-03,1.259849756180576874e-04,-1.264324108397444496e-03
3.221415607985481100e-02,2.295985914552977898e-04,3.225875030351117445e+00,1.090447530383478886e-01,1.645931938733790623e-01,2.442454119529240686e-01,5.751554208003819765e-03,4.174228675136116423e-02,-2.912686306888154064e+01,2.346428049831818186e+00,6.022849612783114787e-02,-3.956580450238244562e-01,-5.662443672734438493e-01,-1.886843369527555284e-03,-2.081754393338700049e-01,4.681818193878558576e-01,-2.457122577718326428e-02,-1.478434653674014915e-02,-1.215974934634942717e-01,-5.291220174111919972e-02,1.443611266919368752e-01,8.848315667992512693e-03,1.219876218396123181e-02,3.855845829485125137e-02,1.377295149395691039e-02,1.593649099083910281e-02,1.153830604055240076e-03,1.104327493263791704e-01,2.737185633989444762e-03,8.847122089748587700e-03,1.622255991146874868e-02,1.764454154396430732e-02,2.462088554718432944e-03,2.866690284707712130e-02,-1.950998185117967104e-02,-2.969553791052986780e-03,1.807478071338341374e+00,-2.029274668388279801e-02,-1.638113749409042530e-02,-9.552609950403159744e-02,2.320564515228620405e-03,-5.263157894736842507e-02,-3.204976710794408490e+00,4.222592398050810658e-01,-8.534112300723654121e-01,-3.443685485646297284e-02,6.147457993133635945e-01,-1.953657177499484032e-01,5.264589841566427175e-01,-4.303389632081185967e-01,6.498017120578077066e-02,-1.202073331783329313e-01,-1.594212938090341369e-01,3.988477773570320295e-01,4.906512518898356601e-02,-1.138986473773918352e-02,-4.527662939050552601e-03,3.271887313678230325e-03,2.680758401430267598e-03,1.008074880893938992e-02,-4.161046537987022828e-03,1.054376038756554557e-01,2.374617975343184129e-03,-7.090204924496568833e-04,1.024351517910263021e-03,2.683953347521670502e-03,-5.649019688001928781e-03,1.982012426925605642e-02
3.176043557168783948e-02,1.538991063983216156e-04,3.203851772176955937e+00,9.926423939795572804e-02,1.424666930420518118e-01,1.787943891175050315e-01,4.536664661599945116e-03,2.903811252268602427e-02,-3.014771893561925253e+01,2.442881755590107673e+00,-7.393352102310106477e-02,-3.920090326009607051e-01,-2.618771497005508708e-01,1.902682932268821292e-01,-2.494635554744828454e-01,1.606611051250654287e-01,1.036546694030460319e-01,1.521951638884214419e-01,1.689245956127323200e-01,-5.160953823777321425e-02,-4.131041232649573097e-02,1.651722585089945849e-02,7.098335385794734371e-04,2.660391339210441478e-02,4.232304680355343995e-04,1.359859145472160427e-02,3.849308447674415837e-03,2.136815741775050237e-01,6.176983346155281128e-03,5.161402187415082415e-03,5.341218910060532149e-03,1.047294994634227414e-02,9.181732353639776925e-03,5.703127350970484122e-02,-4.537205081669715145e-04,-7.569948505697617416e-05,-2.202325817416150855e-02,-9.780513640392160535e-03,-2.212650083132725043e-02,-6.545102283541903709e-02,-1.214889546403874650e-03,-1.270417422867513996e-02,-1.020855866737711892e+00,9.645370575828948745e-02,-1.341620171509322057e-01,3.649012422863751048e-03,3.043672175728929785e-01,1.921551365964096758e-01,-4.128811614061284052e-02,-3.075207142627904289e-01,1.282258951802293101e-01,1.669795104251615980e-01,2.905220890762265640e-01,1.302663503345985463e-03,-1.856715390184326131e-01,7.668910182906945802e-03,-1.148892864538175913e-02,-1.195454490274683659e-02,-1.334972102592137631e-02,-2.337899536117498539e-03,2.695477843619175761e-03,1.032488248511258533e-01,3.439797712165836366e-03,-3.685719902333505285e-03,-1.088134100140821653e-02,-7.171591597622033187e-03,6.719643798921343981e-03,2.836437066262771992e-02
3.039927404718693188e-02,5.400814103674731652e-04,2.756374131069144529e+00,1.022773124935789091e-01,1.649032366395191407e-01,1.281230463078965320e-01,1.287779889810007974e-02,2.087114337568058212e-02,-2.865516385402832356e+01,2.642128085282771544e+00,2.894177286367990432e-01,2.822532669592831001e-01,8.408190621832800637e-02,1.210511807970716669e-01,-7.484231062856177008e-01,-7.694244904392509576e-02,-2.943396940871100820e-01,-4.158420112698469340e-01,-1.734131224068298227e-01,-1.936994396094487980e-01,-2.462302322403867039e-01,5.456009976229343750e-02,8.103010175566595016e-04,9.989346426736201573e-03,3.912859082765224317e-02,8.428539354605499301e-02,2.613816487158649240e-02,2.194102134586460584e-02,1.853751197785464058e-03,6.381750941586318733e-03,7.004987013008045875e-03,3.844467750510691811e-02,4.285740372729718306e-03,2.453416697276503133e-02,-1.361161524500907605e-03,3.861823039691515496e-04,-4.474776411078114080e-01,3.013073095623181041e-03,2.243654359746732885e-02,-5.067134280960849946e-02,8.341134236500135496e-03,-8.166969147005442159e-03,1.492555081590928978e+00,1.992463296926638705e-01,3.633512496599001218e-01,6.742622995602438607e-01,3.459590559188788772e-01,-6.921711242981046230e-02,-4.989595508111348554e-01,-2.376035541689905384e-01,-3.979943634901561000e-01,-5.680371751582683482e-01,-3.423377180195621428e-01,-1.420899013716755976e-01,-2.049198199138909660e-01,3.804287391139397900e-02,1.004674789771860645e-04,-1.661456696536821320e-02,3.870536035961670562e-02,7.068680209133339221e-02,2.228885642391207483e-02,-1.917405528316404317e-01,-4.323232148369817070e-03,1.220348754171236318e-03,1.663768102947513726e-03,2.797172755876464398e-02,-4.895991980910058619e-03,-3.249710653693980988e-02
2.949183303085299579e-02,6.766918258069973182e-04,2.884434228342355855e+00,1.035170112377132717e-01,1.758377128013277613e-01,1.158780473101256314e-01,1.142980622036530482e-02,3.992740471869328511e-02,-2.787170027487250223e+01,2.842868732219212546e+00,-2.722274909873355631e-01,3.186948708068367830e-01,1.642868441081059838e-01,-4.239015240789835159e-01,-6.187287549860558400e-01,1.301816699086572882e-01,-1.547887504923421420e-01,-1.082539512779905483e-01,3.785191330874884130e-01,7.581816278944948639e-03,-2.970781360808233754e-02,8.554665236740149545e-03,4.419587577071867716e-03,3.250506598134595554e-02,1.193372883161642611e-02,6.383399823359184322e-03,1.878720541936057184e-02,2.523164115117706302e-02,1.562091380556759109e-03,1.456198956643080591e-02,2.721557494304068306e-02,2.366672956217549806e-02,2.874308443531176961e-03,1.005933961574148952e-02,-9.074410163339360902e-04,1.366104154395241530e-04,1.280600972732113263e-01,1.239698744134362651e-03,1.093447616180862059e-02,-1.224499899777090062e-02,-1.447992677734774927e-03,1.905626134301270300e-02,7.834635791558213214e-01,2.007406469364410029e-01,-5.616452196241346062e-01,3.644160384755368298e-02,8.020493788977797744e-02,-5.449527048760551828e-01,1.296943512995618608e-01,2.071241189525823700e-01,1.395509435947679400e-01,3.075880599918563996e-01,5.519322554943182357e-01,2.012812558883937397e-01,2.165224186323043698e-01,-4.600543452555328622e-02,3.609286559515208215e-03,2.251571955460975397e-02,-2.719486199603581705e-02,-7.790199372269580869e-02,-7.350959452225920565e-03,3.290619805312457180e-03,-2.916598172287049491e-04,8.180238624844488049e-03,2.021058793003263632e-02,-1.477794794293142006e-02,-1.411431929198541345e-03,-1.447482735702354181e-02
5.943738656987295615e-02,1.106540037108316244e-04,3.241736779372426547e+00,1.479962943483859594e-01,2.013241981234426825e-01,3.943399249467358647e-01,7.018961967945059818e-03,4.537205081669691553e-02,-2.997867323879759027e+01,2.015538632219682658e+00,-2.556990696204310964e-01,-1.365282777619664933e-01,3.879464955445714736e-02,-1.105291993474001033e-01,-2.476305449796966096e-01,-2.574242203004303287e-01,-1.395198886792080872e-01,5.830164577699047113e-03,1.163970566286119113e-01,3.317672808442148069e-01,2.118457238736123904e-01,1.948526411625640248e-02,9.324600001871459530e-04,1.426362451135530784e-02,2.557578108464187913e-02,6.195192362511882898e-03,1.005958034824628797e-02,1.088243102983073030e-01,3.098291571576889530e-03,1.771706969933943207e-02,7.383410927953288835e-03,3.019737543517264297e-02,9.029876166161432752e-03,2.779056968474995920e-02,2.994555353901996037e-02,-5.660378220961656938e-04,3.573025510300706920e-01,4.447928311067268770e-02,2.548648532211492124e-02,2.784618776366102333e-01,-4.410844252420244999e-03,5.444646098003630419e-03,-2.106972963925088038e+00,-8.273300999995298888e-01,1.652842136690446662e-02,-4.552231485688033041e-01,-1.254921945536488503e-01,3.133723247315833849e-01,3.710982100063592304e-01,-3.876058902090876446e-01,1.526886181313405477e-02,1.140841158556895885e-01,-2.621220764588765295e-01,3.241854645652698652e-01,2.415535374816947245e-01,1.093059887951625293e-02,-3.487127576884721872e-03,-1.824144146999064769e-02,1.364205225302545302e-02,-1.882074608473014235e-04,-8.727625071114283872e-03,8.359266914713023300e-02,1.536200191020130421e-03,3.155080132908626156e-03,-1.983216401508739596e-02,6.530645872997144913e-03,6.155567722630255791e-03,1.773123006900846968e-02
4.537205081669691553e-02,1.376450759112349677e-04,3.199498564046454607e+00,1.088897098005614378e-01,1.438590892241590202e-01,2.657613146575192875e-01,6.227307301794931561e-03,6.442831215970962200e-02,-2.983636643060302518e+01,2.186003678811659690e+00,-8.582028112678868892e-02,7.894391891158125674e-02,-3.472575608702759831e-01,3.592219000905315374e-02,3.946079160213016024e-02,7.401657715601147637e-03,1.911177955528977068e-01,-1.355224449137946430e-01,-3.731754938688989220e-01,-3.514826451708655264e-02,-5.266971918596826535e-02,2.461282692277662245e-03,2.340627166274866430e-02,5.792288482744338551e-02,1.126014625713796756e-02,1.555037923733943069e-02,1.237942605525410751e-02,8.588883373446082325e-02,1.348474073387190319e-03,2.162686688709953252e-03,6.690960189181739855e-03,1.792170694675312634e-02,8.660825782582454386e-04,2.494355974631484729e-02,-1.406533575317604062e-02,2.699107220040334329e-05,-4.223821532597193951e-02,-3.910658454782452165e-02,-5.746510889928366228e-02,-1.285786102892165772e-01,-7.916546661501282570e-04,1.905626134301270647e-02,1.423068081945650931e-01,1.704650465919770319e-01,1.698787884936424075e-01,2.154721966735477501e-01,-3.860522104247331443e-01,1.464513893564532432e-01,2.870913365818267837e-01,2.648258780160314685e-01,3.306376842321058218e-01,-1.413526094914936970e-01,-4.895725504975108056e-01,-3.669155453613013318e-01,-2.645154430595806350e-01,-1.702398142397874153e-02,2.247381166256151933e-02,4.365926031608807767e-02,-1.431563482750391157e-02,9.355186874827548654e-03,2.319845707007819544e-03,-2.293547656384647970e-02,-1.749817498189699212e-03,-1.555438301062947795e-02,-6.924507387715489806e-04,-1.227566848841951663e-02,-8.163793587903186988e-03,-2.847009938435111909e-03
3.629764065335753381e-02,1.461815471471534600e-04,3.135623749275298966e+00,1.054222963632903132e-01,1.584868525834711717e-01,1.592210060662529736e-01,4.214127297087987695e-03,4.446460980036297944e-02,-2.982877866025866354e+01,2.156466861288578230e+00,-5.281433620357941505e-01,-1.021428496396744462e-01,-6.818940870432765866e-01,-7.551320340726774827e-02,1.433852494979283299e-01,-7.874826409306608099e-02,1.487815192860034441e-01,1.513407058463656085e-01,-7.229700850552102376e-02,1.186491171120870186e-01,-8.035966124215013218e-02,1.048971858370345220e-02,5.015009799477433867e-03,2.652722972406466179e-02,8.343399101456707226e-03,1.596644958311028983e-02,4.486672623234240834e-03,2.149960087068061021e-01,3.263294693104668194e-03,6.770614540976871258e-03,1.383748634103424031e-02,6.825667103121832793e-03,5.310829327054459453e-03,5.708053751387065500e-02,-9.074410163339381719e-03,8.536471235918492327e-06,-6.387481477115564132e-02,-3.467413437271124610e-03,1.462776335931215144e-02,-1.065403085912663139e-01,-2.013180004706943867e-03,-1.996370235934664256e-02,7.587770344361643993e-03,-2.953681752308146002e-02,-4.423230809090054616e-01,-1.810867685512557168e-01,-3.346365261730006035e-01,-1.114353934163209020e-01,1.039244578957981696e-01,-8.614992180866723470e-02,-4.233627626689426271e-02,2.868631507601602237e-01,3.008784853633779122e-01,1.537973816291735574e-01,-2.768994205618186683e-02,8.028435891425789520e-03,-1.839126186327123130e-02,-3.139565510337872373e-02,-2.916747155681260334e-03,4.160703457708591485e-04,-7.892753432019866677e-03,1.291071749723452788e-01,1.914820619717477876e-03,4.607927852266918006e-03,7.146526151852500459e-03,-1.109603984363129354e-02,4.444746748796213690e-03,3.213697776755580771e-02
4.128856624319419272e-02,9.694854195891488722e-05,3.222315147174144467e+00,1.165575508465947624e-01,1.716882160257772183e-01,2.913979964721617466e-01,5.443007431709336388e-03,4.627949183303085162e-02,-2.973000402011198418e+01,2.312221641842545861e+00,-4.383007523448890774e-01,-7.435382354152911266e-02,-1.391504237646195019e-01,-7.108031226273740094e-03,-1.855459477241679644e-01,-7.235786757188865381e-02,9.567569666925616889e-02,-1.628304269212375588e-01,1.392830708624491834e-02,-2.888814720689270726e-02,-1.824938022918070335e-01,2.355549838296292983e-02,9.459861452309800689e-03,4.020677536379618777e-02,7.686574703287479306e-03,2.001109795239772518e-02,1.126343201119134503e-02,5.015484000425935590e-02,4.429150847451724868e-03,1.292657777796195166e-02,1.801341081090594015e-02,3.616076308962625635e-02,3.980173937149673880e-03,1.438506987844961199e-02,4.990925589836658904e-03,-4.923300518823857277e-05,8.669139789884550140e-02,1.113525448330444922e-02,1.320136344230604664e-02,1.321769904059087730e-01,1.228880134621348694e-03,1.814882032667872180e-03,9.877464014667935999e-02,1.557547805539676311e-01,8.984260969090507309e-02,2.778902609814533353e-02,5.427436632786570847e-01,6.840517218099401164e-02,-3.289311972220962943e-01,6.390396521177427180e-03,-5.310582261674727522e-02,-3.141711327676031673e-01,8.622531559176593863e-02,-1.475372643189797328e-01,-1.021341410496569013e-01,1.306577979925947763e-02,4.444851652832366821e-03,1.367954563973152599e-02,-6.568243981692279201e-04,4.044648369287435347e-03,6.776759387957104197e-03,-1.648411687025467531e-01,1.165856154347056674e-03,6.155963236985080404e-03,4.175924469871699837e-03,2.933509598650442529e-02,-1.330655389904785574e-03,-4.269546763542104301e-02
3.085299455535390339e-02,1.171387940991645062e-04,3.221621981771814358e+00,1.300374550953813380e-01,1.840633375275564365e-01,2.997640471875248069e-01,2.515668804916864048e-03,4.264972776769510032e-02,-2.976833306783466782e+01,2.298520530303206577e+00,-2.509917148742361603e-01,-1.665251005647501725e-01,-4.034566947837592288e-02,2.301630498678535752e-01,-1.489955150818513541e-01,6.117383916096224422e-02,6.185260416903040626e-02,2.149074892030682429e-02,1.895886656705734197e-01,-2.042176925153365019e-01,-6.358438697523657868e-03,2.000067415806100132e-02,2.837611249548097764e-03,2.121834953608325164e-02,7.726986073761116063e-03,1.653703917800617915e-02,4.122172599849921806e-03,9.948274609776282251e-02,3.609909890491841845e-03,2.345812274677200673e-02,1.269650750429933243e-02,5.263493038269461549e-02,1.354542008325596708e-02,2.637767971065256220e-02,-1.043557168784028932e-02,2.019025214024961900e-05,-6.931654023301092593e-04,1.347990424878657556e-02,1.237512150177921821e-02,8.366050715363060331e-03,-2.927338626792472340e-03,-3.629764065335751300e-03,-3.832904772268364013e-02,-1.370111153933928350e-02,1.873090374706529171e-01,-9.217127702322105987e-02,9.880475428624357903e-02,2.372710810941273119e-01,3.655043264231661038e-02,1.335317067328508911e-01,-3.382309250022576264e-02,1.843211758415443935e-01,1.756603585843284909e-01,-1.753295453084438016e-01,1.761353635942833895e-01,-3.554824224901928509e-03,-6.622250202761702925e-03,-1.898842582771293613e-02,4.041137047363675683e-05,-3.474058774391546034e-03,-7.141259411341423224e-03,4.932790609350346661e-02,-8.192409569598830231e-04,1.053154496881005507e-02,-5.316903306606607718e-03,1.647416729306835914e-02,9.565246146106293201e-03,1.199260983220295021e-02
