9.170487703209670785e-03,0.000000000000000000e+00,0.000000000000000000e+00,2.501042100875364681e-03,2.501042100875364681e-03,0.000000000000000000e+00,1.667361400583576526e-03,3.584827011254689694e-02,3.834931221342226249e-02,1.083784910379324666e-02,1.167152980408503460e-02,1.500625260525218808e-02,4.418507711546477978e-02,8.336807002917882847e-02,1.242184243434764496e-01,1.875781575656523537e-01,2.030012505210504470e-01,1.767403084618591191e-01,1.838265944143392949e-01,2.046686119216340194e-01,2.209253855773238850e-01,2.125885785744059953e-01,2.050854522717799056e-01,2.067528136723634780e-01,1.992496873697373883e-01,1.938307628178407571e-01,1.888286786160900399e-01,1.771571488120050053e-01,1.596498541058774534e-01,1.479783243017924188e-01,1.204668611921634047e-01,1.050437682367653253e-01,1.117132138390996288e-01,9.754064193413922168e-02,9.503959983326386307e-02,9.795748228428512172e-02,1.112963734889537287e-01,1.483951646519383050e-01,1.363067944977073842e-01,1.133805752396832012e-01,7.044601917465610763e-02,2.751146310962901062e-02,3.334722801167153139e-02,3.501458941225510380e-02,3.501458941225510380e-02,3.501458941225510380e-02,3.543142976240100384e-02,3.709879116298457624e-02,3.709879116298457624e-02,3.626511046269279004e-02,3.709879116298457624e-02,3.334722801167153139e-02,8.378491037932471464e-02,2.567736556898707612e-01,3.655689870779491590e-01,2.059191329720717056e-01,4.043351396415172799e-02,2.626094205919133132e-02,2.584410170904543474e-02,3.293038766152563829e-02,1.442267611504793601e-01,3.084618591079616445e-01,4.010004168403501490e-01,4.406002501042101116e-01,4.560233430596081772e-01,4.547728220091704632e-01,4.410170904543559978e-01,3.972488536890371180e-01,2.067528136723634780e-01,7.378074197582326632e-02,8.920383493122134577e-02,6.544393497290537653e-02,4.293455606502709354e-02,4.376823676531887974e-02,5.002084201750729708e-02,6.544393497290537653e-02,7.836598582742809738e-02,7.253022092538558008e-02,4.960400166736140398e-02,2.667778240933722442e-02,1.542309295539808292e-02,1.083784910379324666e-02,1.125468945393914150e-02,1.167152980408503460e-02,1.333889120466861221e-02,2.084201750729470712e-02,3.084618591079616584e-02,4.335139641517298664e-02,4.710295956648603843e-02,4.168403501458941424e-02,4.210087536473530734e-02,4.335139641517298664e-02,5.210504376823676259e-02,5.460608586911212814e-02,4.793664026677782464e-02,5.418924551896623504e-02,5.377240516882034194e-02,3.668195081283868314e-02,2.917882451021258997e-02,2.459358065860775197e-02,1.500625260525218808e-02,2.417674030846185887e-02,1.050437682367653253e-01,1.037932471863276390e-01,2.834514380992080029e-02,2.084201750729470712e-02,2.042517715714881055e-02,2.125885785744060022e-02,2.125885785744060022e-02,2.292621925802417610e-02,2.626094205919133132e-02,3.084618591079616584e-02,3.209670696123384515e-02,3.584827011254689694e-02,4.376823676531887974e-02,4.168403501458941424e-02,4.460191746561067289e-02,4.585243851604835219e-02,4.668611921634013839e-02,6.127553147144643858e-02,7.503126302626093869e-02,8.336807002917882847e-02,1.017090454355981666e-01,1.425593997498957877e-01,1.529804085035431360e-01,1.367236348478532704e-01,1.238015839933305495e-01,1.408920383493122153e-01,1.546477699041267084e-01,1.425593997498957877e-01,1.233847436431846634e-01,1.133805752396832012e-01,1.275531471446436083e-01,1.308878699458107531e-01,1.258857857440600359e-01,1.158816173405585598e-01,1.350562734472696980e-01,1.267194664443518082e-01,1.121300541892455149e-01,1.400583576490204152e-01,1.283868278449353806e-01,1.158816173405585598e-01,1.100458524385160425e-01,1.179658190912880322e-01,1.317215506461025532e-01,1.263026260942059220e-01,1.200500208420175047e-01,1.117132138390996288e-01,1.017090454355981666e-01,1.050437682367653253e-01,1.142142559399749874e-01,1.050437682367653253e-01,1.008753647353063804e-01,9.503959983326386307e-02,1.017090454355981666e-01
3.261925976788549860e-10,1.030034525126543826e-10,1.030034525126543826e-10,1.638732193761636169e-10,2.364678726179918295e-10,1.997963235017586617e-10,4.097636923083639634e-10,1.593647330931116962e-09,1.412534920321865570e-09,7.781421439582211340e-10,7.984320662460575326e-10,1.835795578910127469e-09,4.399726074118254889e-09,7.357730128704791442e-09,8.463088582320452575e-08,4.270511926995433207e-07,6.676403923704815776e-07,7.726124473274966767e-07,1.613548142567965055e-06,3.562628105316744775e-06,6.672627913568202620e-06,1.182355532416654267e-05,1.976064655153287705e-05,2.299866767553108995e-05,2.376308485049716880e-05,2.520064442858039669e-05,2.266041379121757192e-05,1.974225548523011773e-05,1.525341080714156744e-05,1.033431550528402636e-05,6.252841816655305077e-06,1.994866964994876798e-06,1.951092398927515477e-07,8.406393049268885189e-08,4.367344024422242691e-08,5.300846520168966859e-08,9.603323526363412366e-08,1.097874730768496558e-07,4.490319100313358629e-07,1.466888084180059584e-03,1.077622869423806862e-02,2.043458436340337553e-02,4.465770276966245234e-02,8.472481151220025153e-02,1.197181937480351344e-01,1.841730824724849558e-01,1.993492352760521946e-01,1.142982484953373040e-01,6.480859218931220300e-02,4.777245747904604323e-02,1.557777184427310870e-02,2.585676595065043975e-03,1.046628011801035811e-03,1.009529132790628432e-03,1.395653646931649698e-03,5.432212250552723165e-03,9.168891534322941989e-03,1.250436783896108177e-02,1.147216391025738906e-02,4.715823183447358929e-03,2.881827778542591506e-03,6.638061397703474108e-03,1.049838549694464759e-02,1.141616275540330641e-02,1.043997308887958594e-02,1.007459007378047958e-02,8.985909776462351270e-03,5.327717090785865847e-03,4.931580031710586925e-03,7.643480914175461265e-03,8.751885484468899939e-03,4.989618550982807474e-03,1.422728406939081014e-03,3.965230000731951102e-03,7.985884947631242958e-03,6.996670082965044529e-03,4.094077952345139167e-03,2.952657904921033097e-03,2.054369902522790343e-03,1.847071945011772654e-03,1.900434376398550890e-03,2.027289560827715692e-03,1.916810604115484979e-03,1.418587995698734417e-03,6.664243223626494742e-04,5.080919829231400273e-03,2.183838071526078561e-02,3.245980757673643663e-02,3.859902677855104464e-02,6.208187433579426262e-02,7.591547788406913244e-02,6.311030020337124458e-02,3.923285371598679572e-02,1.980714786073060549e-02,7.672234038369999884e-03,1.060309198772451571e-03,1.259987613649202589e-03,6.266888671222509838e-03,5.905707435784314507e-03,8.822789634313632371e-04,3.266961828610561217e-04,1.294814950267278366e-04,1.526710886265367868e-03,4.163630798001245574e-03,1.072330234941012116e-02,2.068702440470064630e-02,2.506933829780849665e-02,2.327186679543811337e-02,1.709847324464223647e-02,1.081423658045922200e-02,1.354759720872808146e-02,1.390261791800911743e-02,7.598053360844744288e-03,4.138207072505538549e-03,3.171341151276418739e-03,3.046307683853059951e-03,1.875538222149728462e-03,7.784767782692076027e-04,2.703482614072672051e-04,4.937175923241693843e-05,1.658545315949410892e-05,4.860274139183755510e-06,1.258412371862665551e-06,3.003979509449469830e-07,9.868780725482504934e-08,5.243477612168327826e-08,2.870047852968671568e-08,3.166704762018276711e-08,2.946126758022745598e-08,2.091547032752017164e-08,1.679146115112055034e-08,1.723576017698728539e-08,1.534846526320600111e-08,1.613677845246907178e-08,1.377874096010185867e-08,1.339489539712049321e-08,1.533116912088072145e-08,1.440307181057471307e-08,1.953908153292233925e-08,2.223315052726075415e-08,1.793792479563643440e-08,1.641360314806429049e-08,1.319723528917659766e-08,1.750942502211370551e-08,2.184506452780745352e-08,1.703735162405275309e-08,1.406205142714093274e-08,1.436581788697409167e-08,1.396783603213624017e-08,1.520493891720987137e-08,1.707177783819707409e-08,1.346582708987479885e-08,1.174958266081197138e-08,1.116100884395846652e-08,1.294760259129120619e-08
2.595011865749582203e+00,3.247760471687063610e+00,3.247760471687063610e+00,2.747111158802671760e+00,2.606196526446210804e+00,2.701832458569938478e+00,2.034077128350937347e+00,2.019399263831862079e+00,1.807326364241235162e+00,2.337960267099913114e+00,2.457878608806169041e+00,2.104436722058214748e+00,2.648792758249339130e+00,2.668334797228891109e+00,8.397770257283578843e-01,2.643256922298596212e+00,3.288732677363202406e+00,3.254374201989069793e+00,3.073969032312371841e+00,3.172871955869071225e+00,3.242083842836942953e+00,3.232287524091165487e+00,3.253104104479706660e+00,3.294101270176283514e+00,3.296015296304002806e+00,3.293507980112133193e+00,3.259063612771712304e+00,3.254011704930425353e+00,3.240858658225377553e+00,3.268952604555533714e+00,2.974828543028371630e+00,2.063618346401855153e+00,3.032414793690212829e+00,2.944269081577004954e+00,3.157507702341409317e+00,3.104045728728892062e+00,2.956404451894242946e+00,2.948304073847922702e+00,2.124545833571800380e+00,2.235142282585586671e+00,2.808549724581586027e+00,3.232035353399265176e+00,3.074333020409536488e+00,3.262021286401987297e+00,3.280619179743196945e+00,3.253634455706041262e+00,3.269414238999776678e+00,3.097024040557078806e+00,3.271328254149129311e+00,3.136011127782907693e+00,2.766358862131184537e+00,2.736753759036373523e+00,3.066086636925630771e+00,3.127688869438618013e+00,3.150955227942348280e+00,2.536597419734309966e+00,2.987800416841499107e+00,3.171670707587989746e+00,3.162776151009441428e+00,3.042879772541196459e+00,3.090085577361473046e+00,3.038771447649851964e+00,3.274124731852865011e+00,3.297419793490975692e+00,3.306357018225623889e+00,3.303116084642163663e+00,3.241060695225956856e+00,3.158434786878687728e+00,3.207190844477388669e+00,3.255753329297563781e+00,3.281510120262500330e+00,2.881412399722651507e+00,3.256790758332448465e+00,2.934461423746652198e+00,3.251852513127881927e+00,3.194519676640225292e+00,3.292514667102953929e+00,3.265911425287832515e+00,3.285582989472176418e+00,3.306727846460120634e+00,3.298159793430679887e+00,3.297838062220224131e+00,3.264653647595789465e+00,3.142149294976128271e+00,2.636566019157700502e+00,2.117816100700643744e+00,2.967975723476816707e+00,3.274714492963932244e+00,3.252646187126944977e+00,3.232521124189819961e+00,3.292581742308128057e+00,3.264124497910643186e+00,3.188097529380494066e+00,3.175249708758690836e+00,2.653446938881912853e+00,2.889721020495300330e+00,2.020110438809629816e+00,2.743853642972141404e+00,2.783686028287538416e+00,3.001520528271141686e+00,2.923358134928851104e+00,2.552674305530776344e+00,2.235338485760974159e+00,3.154819767500665950e+00,3.115997554433784789e+00,3.276457423124159885e+00,3.317342661561304418e+00,3.205335416382348868e+00,3.100806084575254751e+00,3.275703878738782215e+00,3.222127574607993150e+00,3.228304650792792607e+00,3.211214699696714803e+00,3.188080456160496290e+00,3.268291760707299431e+00,3.262980823076069292e+00,3.078440618739096912e+00,3.047698264028551041e+00,2.796231885991276478e+00,2.997197528215445050e+00,2.847583117318137180e+00,2.901583523587927260e+00,2.820305711368610968e+00,2.940296743577608396e+00,3.180234439052188833e+00,2.930541865144062008e+00,3.205303111380731096e+00,3.177203460440646943e+00,3.111618553412609955e+00,3.047832086229608439e+00,3.230939970624938429e+00,3.241483430981427105e+00,3.284225801142646173e+00,3.247987875459127594e+00,3.162930358885817750e+00,3.223624080978233941e+00,3.269292831668978661e+00,3.235132486397321205e+00,3.189812458222559322e+00,3.224669636050259580e+00,3.222489945663225885e+00,3.241513836966937401e+00,3.171270127166851083e+00,3.102494732081069628e+00,3.235046658288886157e+00,3.247318316954036277e+00,3.170363550003938435e+00,3.160368620713212007e+00,3.246860680247454223e+00,3.199484237656719632e+00,3.218210896908102470e+00,3.216233776408942369e+00,3.246175102264741597e+00,3.230823600961592490e+00,3.217052668149601224e+00
4.906876165223237329e-01,8.333333250000117239e-04,8.333333250000117239e-04,4.750858382174437122e-01,4.857117938732130047e-01,4.772483529307699479e-01,4.767992066859528810e-01,4.780301768819979480e-01,4.764432653845970256e-01,4.962383933165501748e-01,4.960027514667746384e-01,4.650627506145537104e-01,4.587880826507426679e-01,4.408065199731145412e-01,3.055984420602753660e-01,3.046555792220350667e-01,2.972170533740015608e-01,2.788432023428086826e-01,2.706161292190733536e-01,2.656232185574121107e-01,2.614963562433729738e-01,2.511293979461245440e-01,2.426409391197655585e-01,2.425173373690535927e-01,2.405510879625291365e-01,2.340036266337456594e-01,2.303826098655281096e-01,2.249013668485014272e-01,2.167606032183139186e-01,2.115276709873016858e-01,2.045531296089962703e-01,1.995980752219217724e-01,2.820260900327337117e-01,3.195582131929463054e-01,3.729067570987380509e-01,3.785270370272884599e-01,3.536045827360838056e-01,3.594385780291757815e-01,3.025691759603780784e-01,2.112757137346717440e-01,1.704244148301017336e-01,1.243536964657802751e-01,7.878346024070501108e-02,1.022895669970787513e-01,1.168456263099671016e-01,8.721523076077512815e-02,1.241782909904445426e-01,1.229274237891382487e-01,1.033633225837307101e-01,1.244490577133333387e-01,1.013240306238783611e-01,1.212881089373510912e-01,2.378925387348017340e-01,3.250815756533280143e-01,3.640830422214658690e-01,2.588517960009831809e-01,1.263155726915502763e-01,1.199424585510352331e-01,7.601989065522361810e-02,1.282355598032489941e-01,2.833234106231509175e-01,3.765027634701595960e-01,4.354525136258367568e-01,4.664406009409010623e-01,4.667585786676688442e-01,4.623481354478395366e-01,4.501190363123698801e-01,4.197529169524873427e-01,3.085937369389894491e-01,1.940165670475089144e-01,1.506676659888482039e-01,1.710473805246895407e-01,1.583072030536870900e-01,1.264385506479847876e-01,1.310335294019020769e-01,1.345952520955834286e-01,1.637914957329766608e-01,1.437119657082752966e-01,1.788318179456511448e-01,7.378029399685186174e-02,8.480946569075561992e-02,8.374182601054512565e-02,6.978229688663477315e-02,9.224018267504346946e-02,1.466870732444343628e-01,8.504602379119580169e-02,9.712823927813198088e-02,8.966462908403366461e-02,1.188218123853554686e-01,9.236343538374970630e-02,1.208962033984267853e-01,9.098608095491005077e-02,1.211939131787068691e-01,1.099638987250496774e-01,1.093861628274625797e-01,1.306526594826178111e-01,1.617242203294252390e-01,9.974426208529321713e-02,1.186596911214811562e-01,1.062856298528006421e-01,1.059699219478645593e-01,2.278693695784034245e-01,3.087124058790555181e-01,2.661390594783989427e-01,7.680437574133880396e-02,7.454893818998202526e-02,6.009674938877695993e-02,1.051448091424756898e-01,8.570995694090426109e-02,9.699295860454947016e-02,8.338786875417410205e-02,5.715559178213267671e-02,1.038862982503826193e-01,6.350515842339359007e-02,1.135675634206549101e-01,7.765227029405755155e-02,8.472912773251554952e-02,8.482098208672472772e-02,9.899419193029387887e-02,1.344924931770418719e-01,1.567162449248020173e-01,1.861821832246423891e-01,2.258615579220819014e-01,2.932371330975115375e-01,3.497259364022337058e-01,3.797107132478594327e-01,4.089952156478003920e-01,4.111184575842246613e-01,4.269387580199710541e-01,4.377240859235854709e-01,4.301217861317743196e-01,4.217300473092900348e-01,4.319749267798181358e-01,4.293016811691333645e-01,4.384856002462574343e-01,4.403365381247915655e-01,4.351500763277733053e-01,4.310078960152935457e-01,4.177217456363016557e-01,4.212333421489086738e-01,4.287481335728279275e-01,4.291923550701258749e-01,4.337202701657010828e-01,4.174211311273133274e-01,4.073841191979218901e-01,4.180170637930599176e-01,4.207737607262235779e-01,4.236256775345457193e-01,4.225054353674956853e-01,4.162191194236921632e-01,4.108551882136750044e-01,4.085238355129397481e-01,4.242976891385386029e-01,4.280771691556849445e-01,4.184697295758429414e-01
2.940963239202781243e-01,2.518027479371504223e-09,2.518027479371504223e-09,3.088501910965101294e-01,3.023956870594599611e-01,3.011887948379541324e-01,2.943790484019031539e-01,2.996824213984269902e-01,3.010468361844687579e-01,2.922380936356642755e-01,2.932915885064249495e-01,2.966629902752820347e-01,2.947868961886395134e-01,2.958945537363712464e-01,2.401635376268280997e-01,2.153385714871161039e-01,2.124515122948060220e-01,2.149020746587712860e-01,2.078627496967804245e-01,1.965841499779843737e-01,1.863941926924948533e-01,1.780426697697846394e-01,1.695973736825012734e-01,1.686013736643343364e-01,1.692109994635071224e-01,1.693311458533788005e-01,1.688615083656234694e-01,1.694227175161615584e-01,1.709960033246643862e-01,1.731040615447948794e-01,1.899082341229000048e-01,2.155248151175729598e-01,2.690689900171273630e-01,2.868499419353638391e-01,2.949153424846542859e-01,2.944904392678820981e-01,2.897940628540793817e-01,2.897428471984356824e-01,2.931373346634769117e-01,1.724575463700400713e-01,1.972043826427465896e-01,1.934070165381425455e-01,1.118276567600535176e-01,1.502686378193483496e-01,1.666754848291022162e-01,1.381712608668399234e-01,1.852994120328784466e-01,1.817984205432809364e-01,1.515344704524828889e-01,1.825107177085862342e-01,1.529443836703310300e-01,1.920787968447963956e-01,1.979383159298177264e-01,1.926000901219923345e-01,1.693675004988446919e-01,2.017325160263504502e-01,1.730659950352940180e-01,1.838385692832704421e-01,1.158581814397339066e-01,1.900030418123462572e-01,1.887246785803338434e-01,1.821217785672292755e-01,1.753932198807160725e-01,1.648184012874975291e-01,1.525654634717024671e-01,1.380212035268602866e-01,1.301534653505412864e-01,1.533123197642704827e-01,1.999755503222628572e-01,2.036228605764910382e-01,1.604812713967791182e-01,2.062008316766621996e-01,2.025816689016752548e-01,1.660091407098881200e-01,1.557057813485173414e-01,1.499928156495806408e-01,1.804007556000405410e-01,1.564147659132419654e-01,2.270796977621001300e-01,1.271154974830081275e-01,1.590200459821606849e-01,1.633349243878237655e-01,1.505350995872586639e-01,1.882896587350775253e-01,2.129587237611198502e-01,1.414755246013278123e-01,1.439104262300145154e-01,1.195254940733751353e-01,1.663150805752312278e-01,1.144805412173371534e-01,1.706325302963073720e-01,1.031886042613406884e-01,1.582044910477232447e-01,1.353362458369105348e-01,1.454708535725852403e-01,1.893896886054084183e-01,2.276532442734917061e-01,1.529614493151451871e-01,1.900938922653933327e-01,1.813827871753220522e-01,1.940732280184557790e-01,1.837059486753421511e-01,1.840306308676435132e-01,2.024723427469851400e-01,1.326107008766049256e-01,1.490826686000495671e-01,1.250610393822400301e-01,1.905930203170335124e-01,1.654498572775491838e-01,1.747262365243714144e-01,1.566537605221045848e-01,9.548608517524646844e-02,1.751223315869772923e-01,9.392538885861854980e-02,1.787317968593597484e-01,1.279045569195806920e-01,1.384256810561357853e-01,1.270654538927527277e-01,1.507209986125903067e-01,1.878585441994985727e-01,2.003623529263273417e-01,2.277118872856841447e-01,2.673865062486477373e-01,2.937584923757260991e-01,3.007257536080092386e-01,3.047012882677672674e-01,2.966272941432305243e-01,2.951425895331090676e-01,2.929855668439234062e-01,2.916772556351979739e-01,2.941986868659685617e-01,2.922600173136036261e-01,2.940100387147386862e-01,2.924268584589378994e-01,2.935904281880834521e-01,2.984654307417927144e-01,2.961077241670878601e-01,2.940347293680382057e-01,2.948073206129678270e-01,2.956811031912780496e-01,2.938599501973180317e-01,2.913796864928095975e-01,2.976211112146737725e-01,2.967461863817287826e-01,2.940384518670468572e-01,2.931726014613663667e-01,2.937244109759583610e-01,2.928699185261853244e-01,2.922010758764468918e-01,2.958349968434543786e-01,2.936701208467705215e-01,2.900172184581719104e-01,2.906947312018659524e-01,2.929500906969785268e-01,2.921028383514768789e-01
4.841940497477593697e-01,1.843776077393786406e-01,1.843776077393786406e-01,2.846950668150924901e-01,3.794710471566627441e-01,3.349940414566860980e-01,5.647588568668299169e-01,1.265801777975327891e+00,1.176886700718733803e+00,8.660972620512201736e-01,8.804552549943096551e-01,1.364151525208415539e+00,1.949080058825388706e+00,2.189451229445759317e+00,2.108766340499669489e+00,2.208255490469320570e+00,2.132650440055328112e+00,1.816330755423153587e+00,1.890056263904110745e+00,2.005343473576877145e+00,2.026351083592772273e+00,1.956597456609314278e+00,1.948919720865082361e+00,2.011878520222090128e+00,1.993898662474375971e+00,1.925274988820028232e+00,1.870572321944562910e+00,1.751580257382111538e+00,1.619927328015439150e+00,1.568939063269476186e+00,1.477127259581415553e+00,1.252565423949757673e+00,1.563381429550297463e+00,1.637456033905264619e+00,1.969400705613921110e+00,1.921421800889275833e+00,1.529752656484844264e+00,1.455061942769336536e+00,7.737409699565235277e-01,1.288118523860723119e+00,3.563323802153460784e-01,1.117277367728874149e-01,1.191727980458900243e-01,1.435146727785571730e-01,1.355036021507914912e-01,1.163553227063831158e-01,1.354900879866702823e-01,1.731240276011263013e-01,1.928099181655713867e-01,1.900951133002780069e-01,2.297810470760768276e-01,2.592217675130610854e-01,1.286654683393060328e+00,2.248618182869832172e+00,2.044036540983862338e+00,9.717137993370945637e-01,1.101544243055516126e-01,5.523946499738548871e-02,1.883895779094537162e-02,9.888080977449131836e-02,1.904952214605718286e+00,1.943692813415130116e+00,1.919347326510019158e+00,2.027330429640676446e+00,2.037612478679325712e+00,1.869225259304580389e+00,1.753598785836328222e+00,1.882751583851558275e+00,1.839187548720233822e+00,8.437274860431811518e-01,8.933255338559217273e-01,9.329319633781765209e-01,5.911060226506507087e-01,5.965596922901724719e-01,6.214743559378828053e-01,7.690328990476877902e-01,1.007160402131813903e+00,9.364870687556258178e-01,5.525627967477608760e-01,1.660040128593123776e-01,1.392576278459119465e-01,7.067572345438413728e-02,2.571256681700479982e-02,1.665567747624699738e-02,6.260939944232003784e-02,8.136499606699829079e-02,1.395291945275534684e-01,1.770814365881428765e-01,2.102561454773756722e-01,1.633168325826109268e-01,2.098949167773767055e-01,2.771859133845343548e-01,4.140681504847431582e-01,5.613253420839821040e-01,5.548756218437436161e-01,4.218226674255893260e-01,3.440618023496908595e-01,1.146164262516183446e-01,1.294825526190334086e-01,1.227134434151394143e-01,5.773390757603021062e-02,1.245766876982633775e+00,2.247865140188426647e+00,1.197046205995990764e+00,3.268362010508051724e-02,1.778814282245745962e-02,1.688928098353103049e-02,3.128719169428655772e-02,3.367245553411461062e-02,6.275593791909470087e-02,4.834157985907630573e-02,3.135449350460890738e-02,5.365934423681094356e-02,1.290393914223310172e-02,5.737018023542372891e-02,8.855931869652198390e-03,1.791097412796389607e-02,2.528488876285746659e-02,5.809523659554598901e-02,1.594590207088630862e-01,2.532386087965146082e-01,3.903186156065553969e-01,4.488553027074962953e-01,9.170103362989668883e-01,1.621047277481140636e+00,1.908384416124682570e+00,2.512653040999093701e+00,2.538366032410711348e+00,2.598976948147098121e+00,2.634565247164495361e+00,2.658520398569900411e+00,2.627626599272559371e+00,2.598836837548853751e+00,2.614206609027009520e+00,2.604470138816874947e+00,2.506465733568844279e+00,2.553979011862576254e+00,2.556607740127436301e+00,2.501901270787532106e+00,2.538191732175763438e+00,2.588458365504541892e+00,2.579160758955717725e+00,2.501083428652561391e+00,2.504440384515300710e+00,2.514677366677257275e+00,2.523713541454301268e+00,2.500529310754895818e+00,2.521694565124426024e+00,2.513487731578997408e+00,2.444810333069903141e+00,2.468369677650501526e+00,2.454118767988432648e+00,2.465413276689071953e+00,2.468970050677504968e+00,2.474902451705951911e+00
0.000000000000000000e+00,3.644382808728050538e-01,0.000000000000000000e+00,3.355515139163082750e-01,3.395447267336776853e-04,3.306143140791565791e-04,6.942573814063390109e-04,8.255543397073111540e-04,1.258601881507310160e-04,5.581667064226494574e-04,1.500352984544484341e-04,4.464653929311220492e-04,3.769969905763956427e-04,3.931581224318279194e-04,1.077906153153018916e-03,6.735113538304137630e-04,5.520862075985559937e-04,9.453672783629902274e-04,1.119564931585553249e-03,9.990396235537602355e-04,8.907346793318573824e-04,8.708506740980532547e-04,9.315446961715182980e-04,9.604791396894066116e-04,1.229329769766090638e-03,8.299283423805506278e-04,7.703080963281275879e-04,8.418872787240151527e-04,9.664191911284334378e-04,1.085104275445683553e-03,1.193804280181255933e-03,1.667423833026317106e-03,1.703804671152863272e-03,9.880870458908073365e-04,6.656879807005742274e-04,6.264524218104791219e-04,1.030068553383894350e-03,6.911587974763549027e-04,2.193009320059735763e-03,6.720518675609117240e-03,6.357217625396003290e-03,5.562680507957227898e-03,7.815477727290591828e-03,2.595365508063030534e-03,2.538800874568036391e-03,5.499665614933505094e-03,5.795223919913957029e-03,3.020009197423633579e-03,7.524701676639680877e-03,3.741513473976100252e-03,4.527725811391354951e-03,4.493940575455167979e-03,5.144934517069743238e-03,1.633978519273584975e-03,9.328702843288010950e-04,5.169603884987253664e-03,6.468067255544545681e-03,7.518236750801378723e-03,3.457445061034875901e-03,9.517434009192950184e-03,1.091192631052399255e-02,1.688128142658478241e-03,8.825841870877338194e-04,9.006425993881955446e-04,8.589768932726678675e-04,9.132687474866832932e-04,8.047428207433939299e-04,9.320145471408614784e-04,2.725346420335363756e-03,3.392711193745710958e-03,4.666073627002638793e-03,2.478287618109289471e-03,7.243293747534147037e-03,7.884780979349359509e-03,2.400424434466845273e-03,3.769441217574458994e-03,7.265147501940711662e-03,2.859272702011069010e-03,3.390532228729553881e-03,6.270480099805087089e-03,1.540458313174109233e-03,2.360216933349891348e-03,5.593354453190225832e-03,1.702207360660948701e-02,1.359302362761564617e-02,4.606790880669629773e-02,7.123752899516042937e-03,7.041073220944417399e-03,8.694485050144274210e-03,6.338395512600424053e-03,6.090942185300267549e-03,2.356869450619391345e-03,7.072919508620550619e-03,4.905185389834350838e-03,4.384079109498340877e-03,3.410534603726031629e-03,5.534159689260857024e-03,1.832101063153844869e-02,4.165192968178237955e-03,9.441020835521755569e-03,6.780070607543852920e-03,1.579371829517422360e-02,2.690444530173947881e-03,1.819614843985531199e-03,1.415431735316258037e-02,1.550402521024246000e-02,4.569418881713696416e-03,1.567270091261111983e-02,1.765452814674919185e-02,2.095050616756697834e-02,1.712174920193985928e-02,7.099590201124540874e-03,1.024762018055452341e-02,5.572130895774741501e-03,5.376916015870667441e-03,9.758477434867941780e-03,8.211866014631537258e-03,5.225286032757878001e-03,3.459781036439776424e-03,3.522316222180880627e-03,3.312631337785434948e-03,2.297018521860178832e-03,2.084655891200160038e-03,1.580918049125341115e-03,8.499727413897859886e-04,6.837595331703087221e-04,8.381392907952643937e-04,3.745182652757841489e-04,4.595661517011795155e-04,3.408339744916670153e-04,4.893889767726765198e-04,2.977566121525380104e-04,3.957626314460161582e-04,3.515946999469392710e-04,3.666358785164008233e-04,4.184214211600293071e-04,3.958571525694500222e-04,3.717245793627085046e-04,4.497443800556935904e-04,3.419192250846065425e-04,4.393556270346550443e-04,3.345170051361981032e-04,4.043425985510360181e-04,4.899232352087325550e-04,2.952706233660393263e-04,3.821531302578616649e-04,3.690944721587709979e-04,3.759766829305164794e-04,3.495928102148840853e-04,4.032705421265599588e-04,3.661484746621500308e-04,4.071884742306080759e-04,4.753003117983683806e-04,3.119300302950440106e-04,3.721470635929045694e-04
0.000000000000000000e+00,0.000000000000000000e+00,0.000000000000000000e+00,0.000000000000000000e+00,0.000000000000000000e+00,0.000000000000000000e+00,0.000000000000000000e+00,0.000000000000000000e+00,0.000000000000000000e+00,0.000000000000000000e+00,0.000000000000000000e+00,0.000000000000000000e+00,0.000000000000000000e+00,4.166666666666666609e-03,2.741666666666666696e-01,4.383333333333333526e-01,4.249999999999999889e-01,2.775000000000000244e-01,4.408333333333333548e-01,4.450000000000000067e-01,4.375000000000000000e-01,4.283333333333333437e-01,4.108333333333333282e-01,4.116666666666666807e-01,3.991666666666666696e-01,3.466666666666666785e-01,3.316666666666666652e-01,3.108333333333333504e-01,2.166666666666666741e-01,2.049999999999999878e-01,1.883333333333333248e-01,1.499999999999999944e-01,1.908333333333333270e-01,1.983333333333333337e-01,2.858333333333333282e-01,3.250000000000000111e-01,2.874999999999999778e-01,2.833333333333333259e-01,7.083333333333333148e-02,2.416666666666666685e-01,3.500000000000000333e-02,3.500000000000000333e-02,3.583333333333333509e-02,3.583333333333333509e-02,3.583333333333333509e-02,3.666666666666666685e-02,3.583333333333333509e-02,4.499999999999999833e-02,4.833333333333333232e-02,4.916666666666666408e-02,5.000000000000000278e-02,5.000000000000000278e-02,3.316666666666666652e-01,4.683333333333333237e-01,4.733333333333333282e-01,3.250000000000000111e-01,3.583333333333333509e-02,5.999999999999999778e-02,5.999999999999999778e-02,5.916666666666666602e-02,3.591666666666666896e-01,4.358333333333333504e-01,5.799999999999999600e-01,5.849999999999999645e-01,5.783333333333333659e-01,5.550000000000000488e-01,5.333333333333333259e-01,5.108333333333333615e-01,4.366666666666666474e-01,1.291666666666666796e-01,1.300000000000000044e-01,1.258333333333333248e-01,1.000000000000000056e-01,1.133333333333333276e-01,1.133333333333333276e-01,1.333333333333333315e-01,1.691666666666666596e-01,1.366666666666666585e-01,1.150000000000000050e-01,2.083333333333333218e-02,2.083333333333333218e-02,2.083333333333333218e-02,2.083333333333333218e-02,1.083333333333333370e-02,1.000000000000000021e-02,3.749999999999999861e-02,5.750000000000000250e-02,5.916666666666666602e-02,6.333333333333333870e-02,6.250000000000000000e-02,6.333333333333333870e-02,7.333333333333333370e-02,9.249999999999999889e-02,1.141666666666666663e-01,1.049999999999999961e-01,9.333333333333333759e-02,8.083333333333332649e-02,2.083333333333333218e-02,2.083333333333333218e-02,2.083333333333333218e-02,2.000000000000000042e-02,2.474999999999999978e-01,4.483333333333333059e-01,3.549999999999999822e-01,2.416666666666666616e-02,2.249999999999999917e-02,2.249999999999999917e-02,2.166666666666666741e-02,2.249999999999999917e-02,3.083333333333333412e-02,2.916666666666666713e-02,4.499999999999999833e-02,5.249999999999999806e-02,5.833333333333333426e-02,6.583333333333332704e-02,6.500000000000000222e-02,6.916666666666666796e-02,7.416666666666667240e-02,7.000000000000000666e-02,7.749999999999999944e-02,8.250000000000000389e-02,8.250000000000000389e-02,8.500000000000000611e-02,1.208333333333333343e-01,3.716666666666666452e-01,3.741666666666666474e-01,4.608333333333333171e-01,4.783333333333333326e-01,4.983333333333333504e-01,4.724999999999999756e-01,3.975000000000000200e-01,3.716666666666666452e-01,3.499999999999999778e-01,3.708333333333333481e-01,3.499999999999999778e-01,3.225000000000000089e-01,3.699999999999999956e-01,3.291666666666666630e-01,3.683333333333333459e-01,4.258333333333333415e-01,3.891666666666666607e-01,3.724999999999999978e-01,2.949999999999999845e-01,3.350000000000000200e-01,3.724999999999999978e-01,3.291666666666666630e-01,2.983333333333333393e-01,3.191666666666666541e-01,3.008333333333333415e-01,2.733333333333333171e-01,3.266666666666666607e-01,2.616666666666666585e-01,2.416666666666666685e-01,2.358333333333333393e-01,2.633333333333333082e-01
-4.824249341305627325e+01,-5.059644256269407236e+01,-5.059644256269407236e+01,-4.882399878154533468e+01,-4.858722856950860347e+01,-4.898681717851490447e+01,-4.811595216238255546e+01,-4.629830707036116166e+01,-4.619552525502638929e+01,-4.765169013094957506e+01,-4.743517806668060643e+01,-4.623603097074488488e+01,-4.524588117699315148e+01,-4.440579635282720972e+01,-4.119772905696056142e+01,-4.007196306509719363e+01,-3.982516522878701437e+01,-3.956816347236490827e+01,-3.834767980302601131e+01,-3.692988798136084938e+01,-3.585300811952703981e+01,-3.525159552574936583e+01,-3.492131119042918641e+01,-3.418447056474450818e+01,-3.399915105163017870e+01,-3.408577992209179541e+01,-3.400176953483420306e+01,-3.396085676675972564e+01,-3.435226573301486752e+01,-3.450781573432308846e+01,-3.454005694785708158e+01,-3.594168952394331029e+01,-3.899926738824799344e+01,-4.027154800322865924e+01,-4.140288804169529158e+01,-4.134374620300081915e+01,-4.093311561723545822e+01,-4.077838465755417019e+01,-3.873880431834102467e+01,-2.789315756701945759e+01,-2.547739778418413437e+01,-2.474169484119570583e+01,-2.370124263523952735e+01,-2.395949208658325702e+01,-2.448088404259948803e+01,-2.234157334647000326e+01,-2.275496266226385700e+01,-2.284355268023733032e+01,-2.392200330937049202e+01,-2.397450901454095984e+01,-2.452536307433820539e+01,-2.616564464840642046e+01,-2.762318537423573872e+01,-2.860380792707257314e+01,-3.015003954977506950e+01,-2.681397823625351862e+01,-2.593572501622674054e+01,-2.576569696524472874e+01,-2.609157398576538611e+01,-2.606392403268113966e+01,-2.727156763948498863e+01,-2.842436367114588336e+01,-3.061252383174887370e+01,-3.245153731001874320e+01,-3.230387550196628865e+01,-3.390552905999762601e+01,-3.380235495926753941e+01,-3.071323149605535008e+01,-2.698745461545004432e+01,-2.605127962471149417e+01,-2.592252035068418436e+01,-2.605601152975293644e+01,-2.748920964764270991e+01,-2.651061368112759808e+01,-2.674677770026560708e+01,-2.656882850282288544e+01,-2.731955392271386529e+01,-2.806728840377497747e+01,-2.780249998662445776e+01,-2.849090316581728644e+01,-2.858315875702366782e+01,-2.881706853896313092e+01,-2.934281257861441006e+01,-3.005472297030691564e+01,-3.101377426612419086e+01,-2.589015273756811553e+01,-2.430708798578771024e+01,-2.382755149530366978e+01,-2.367054168488973076e+01,-2.374206262543097523e+01,-2.335623418076844260e+01,-2.355767709037781188e+01,-2.350416542134362530e+01,-2.388543871219420467e+01,-2.442425283088722310e+01,-2.700158732108540249e+01,-2.647293870452702080e+01,-2.687785658039593883e+01,-2.653112127563922229e+01,-2.846372191795530782e+01,-3.071596129036427314e+01,-3.170209093503822828e+01,-2.900785400576121020e+01,-2.693152933685939843e+01,-2.570675886613003769e+01,-2.549657465982182458e+01,-2.561698841030872131e+01,-2.542463561220601775e+01,-2.691010482277320293e+01,-2.594598589659070242e+01,-2.529276249906993002e+01,-2.486153499771030084e+01,-2.511559158566315375e+01,-2.595204351666392029e+01,-2.589126449909555205e+01,-2.734677737240205886e+01,-2.724580584909441683e+01,-2.830590862779436989e+01,-2.929054178203512748e+01,-3.113564311143533558e+01,-3.253266196079940897e+01,-3.411466219952957601e+01,-3.606586096203865566e+01,-3.777792530245285008e+01,-3.943445749911870024e+01,-4.070580349381183538e+01,-4.141958940067423356e+01,-4.138139205530863052e+01,-4.170665875083163598e+01,-4.224929567977477518e+01,-4.235820930962115938e+01,-4.233088098240058628e+01,-4.249694205611076114e+01,-4.242999322917358995e+01,-4.264535584076342900e+01,-4.257401664834601718e+01,-4.230760635789071245e+01,-4.239781456595208908e+01,-4.203788702856913773e+01,-4.191592063371375332e+01,-4.229730966127457492e+01,-4.240891888220078698e+01,-4.257062464941603253e+01,-4.209189201310906014e+01,-4.177915414718860632e+01,-4.221690924790830479e+01,-4.244687232561671664e+01,-4.249153936948356147e+01,-4.251650450733136211e+01,-4.227710212510888965e+01,-4.206794497518536957e+01,-4.246108417452100525e+01,-4.275362123425684757e+01,-4.278387167636949329e+01,-4.267155883305650121e+01
1.729051141890952104e-01,0.000000000000000000e+00,0.000000000000000000e+00,3.413793259230617910e-02,3.590020588928806433e-02,1.958359680592272438e-03,4.505416518322633013e-01,1.477004403695928413e-02,1.921944358656953455e-01,-1.199352078478269912e-01,2.288464089462622364e-01,4.486465531709943333e-01,3.940275850794568435e-01,8.549442385968171187e-01,2.967632813316310042e-02,-5.746063795108887762e-01,-9.621465577616303833e-01,-1.152575358328409960e+00,-1.232259805510500517e+00,-1.181232760408096105e+00,-1.046971134385675795e+00,-1.143797448102471082e+00,-1.376257488447402588e+00,-1.103040332539503954e+00,-9.942888786479363583e-01,-1.244884895542093473e+00,-1.032168584053899441e+00,-7.316703275929723471e-01,-7.944144692371069016e-01,-3.584228369069446529e-01,4.252693082358274812e-01,1.310527417244279125e+00,5.894578136852939299e-01,6.607005316531819883e-01,1.097826765986446684e+00,1.288798613603296062e+00,1.253959324505302675e+00,1.213334808557014144e+00,1.792431255563375458e+00,1.980907012261388100e+00,1.370535614901600141e+00,9.592054017533349075e-01,1.228367161872127689e+00,3.967360207208582290e-01,-2.317631193325717098e-01,1.146212949941618486e+00,2.344893998854963302e-01,3.170659916141801427e-01,-4.554454233283123377e-01,-1.746716538408535080e-01,7.823165793957718162e-01,1.267042341302090369e+00,1.301652461663135085e+00,1.068830638669210797e+00,1.046006485027637156e+00,1.673688013370094652e+00,9.076835405644767540e-01,8.991244167705649826e-01,1.406995769669901364e+00,1.743845484159507242e+00,1.607806344839998847e+00,1.638240457807915273e+00,4.690564800761679587e-01,-2.930166255024029831e-01,2.185926623234095423e-02,-3.902071540038433151e-01,-4.060735943697539874e-01,1.460350047767148052e+00,1.180804279708091764e+00,1.306646574261963956e+00,6.361512079551868704e-01,1.634451013959137278e+00,1.747619641005797808e+00,1.649725281995250814e+00,1.457208237865884159e+00,1.068752867532642981e+00,1.719459005573864996e+00,1.977743904986803969e+00,1.716572784129029028e+00,2.685863179757010943e+00,2.785961898682680182e+00,2.889578284418071519e+00,3.299229905644822658e+00,3.419176397003683476e+00,2.495596351980661431e+00,1.691550260419884211e+00,2.211267472862802619e-01,-2.056778308935041655e-01,-4.380716434311808793e-01,-1.041614416257587161e-01,-3.510088905569970774e-01,-9.337470231811975108e-01,-9.659082916894896620e-01,2.276255150920375170e-01,8.033094725008440573e-01,1.029232882841055963e+00,1.573376447477218054e+00,1.587266744842684485e+00,1.843632480588499378e+00,2.569324812591820439e+00,3.099270073477269349e+00,2.666555519553495124e+00,2.281409493603609118e+00,2.114996616536113372e+00,2.895419474108944513e+00,3.194172877512259756e+00,3.336755533514807581e+00,2.248212361264259940e+00,2.431494534501802640e+00,1.859800884980031377e+00,2.250766323050912288e+00,1.818637564449776090e+00,9.331504343918020083e-01,1.264085235791454931e+00,6.004326743146994882e-01,8.157326112927746342e-01,1.027515621350255204e+00,1.417856278304584494e+00,1.970470296011438194e+00,1.955037924785505865e+00,1.235594959231190337e+00,1.102459538815146134e+00,7.461305410759015988e-01,1.442294580456624065e+00,1.118807216394343662e+00,1.069223624437912523e+00,8.473274829804664510e-01,7.688219409547921712e-01,5.993613310099523694e-01,6.421025432506489716e-01,7.065395844364589228e-01,8.404299191865500784e-01,6.519767721167772923e-01,7.872192161607012295e-01,5.329885798583507972e-01,8.716590733250950684e-01,1.018813619074510735e+00,9.085297412021924313e-01,1.025932420317303695e+00,8.193118439019365651e-01,8.808505532041137620e-01,9.568789969699740272e-01,7.888113154426730222e-01,7.291844654869825693e-01,7.490431265415217199e-01,7.862966452047571719e-01,8.152596534542697615e-01,8.179294546148707656e-01,6.256888302069459895e-01,7.279019050266380964e-01,7.116651233468945792e-01,4.821229317693373484e-01,6.526646841452563574e-01,7.500981534294943742e-01,6.132669488538322611e-01
-9.274811813368386004e-02,0.000000000000000000e+00,0.000000000000000000e+00,-1.205503462382299662e-01,-1.924272819516031907e-02,1.613119811503589407e-01,4.217071851395068904e-01,2.276438023383780540e-01,3.652170376780154992e-01,1.348449025900787523e-01,1.720609564270902669e-01,3.660513691570590478e-01,1.595728836708620590e-01,2.190394666782073951e-01,2.504932482689964379e-01,4.358604993614301204e-01,6.198179467794056041e-01,8.345052658981413352e-01,9.066234598047133719e-01,7.551912567518245245e-01,7.712314098007815311e-01,9.085852248233637907e-01,7.510338409167183205e-01,4.908461746622523880e-01,6.255603752902721970e-01,3.663064162370462951e-01,3.443147978904544937e-01,5.965653809231440396e-01,7.695118144245866043e-01,1.065803019890473546e+00,1.404864322934943122e+00,1.342939469130928209e+00,1.280318173623259170e+00,1.058675296821938616e+00,7.881307385247584563e-01,7.500385328013559061e-01,6.817320868305496440e-01,3.851127227110233697e-01,3.337681983373348427e-01,-1.752561196936014420e-02,-1.067826041229046119e+00,-1.443411266760885381e+00,-1.779044608984075682e+00,-1.938538326006533419e+00,-2.242215146919307678e+00,-1.970617487393737655e+00,-2.136218071931451412e+00,-1.985450283786504455e+00,-2.493122619958040964e+00,-1.977982656027848840e+00,-1.816881065821346786e+00,-1.770816901907697805e+00,-9.063024584688759155e-01,-4.053165814448839166e-01,2.054672958996520971e-01,-1.255614258352397039e+00,-2.273292622686026832e+00,-1.619916659907591150e+00,-2.488350453664272877e+00,-1.380290179709377618e+00,2.679359051714429521e-02,2.564704344691979276e-01,2.592218381849304421e-01,3.295306851212738142e-01,6.324934437199475346e-01,1.112985044346377350e+00,7.284413594067202791e-01,2.670048824036805324e-01,2.592808986400367277e-01,8.980758448508547875e-01,4.665075544906620575e-01,9.668265579515962216e-01,9.974823698651319459e-01,7.086083987334830248e-01,1.105818891365578649e+00,3.285915302369495916e-01,9.887266684009790030e-01,1.072013960146069866e+00,6.034149429910233842e-01,7.582761741099319774e-01,7.316153868836956509e-01,6.434928242697632861e-01,7.166079402766573070e-01,7.310975658845597636e-01,1.163444515993292905e+00,-1.406377368764340607e+00,-1.638473229872898562e+00,-1.667218480530147762e+00,-2.106169500847895559e+00,-1.340379765275385271e+00,-1.485355971468526715e+00,-1.459273455770506267e+00,-1.640241296635663426e+00,-5.563750716126460993e-01,-7.205682030405857752e-01,-4.204477723392316402e-01,-6.455298488614273911e-01,1.143966319791656777e-02,-1.523828658994959839e-01,3.471403588423777609e-01,5.631256922813301369e-01,1.433759598374079847e+00,1.199195422992842985e+00,-1.966852427762966760e-01,-1.620828287000997348e+00,-1.551932354104923917e+00,-1.566991395035868706e+00,-1.362728447630884965e+00,-1.653477638802019589e+00,-1.950685519292719938e+00,-2.343944302574774152e+00,-2.656477642420546736e+00,-2.596514856179691577e+00,-2.649790067258309012e+00,-2.147620851620920313e+00,-2.980694144772736642e+00,-2.415818211559111806e+00,-2.122374702919455736e+00,-2.010695218429918718e+00,-1.189303589920277293e+00,-9.963088433137528011e-01,-8.608466745538398968e-01,-6.480734574352695621e-01,-1.469220853162355733e-01,-8.998405961500549610e-02,3.684256861499103364e-01,2.169350106190527372e-01,1.616568112451476358e-01,1.343983549876743844e-01,2.827176087876106525e-01,3.386828692333277990e-01,3.663517343206116328e-01,1.193593055696437824e-02,7.060088044971141175e-02,-1.616432806918843001e-01,-1.871715203843743458e-03,1.925846245327399869e-02,-6.647776348007869429e-02,1.425106919716658538e-01,2.140472605941790563e-01,2.022396211367536167e-01,1.605734629218062981e-01,1.373047749230228431e-01,-3.938407119845418330e-02,9.107408975483292923e-02,2.900331727836693019e-01,2.300940311469433230e-01,2.094620707041551511e-01,1.966229723236793958e-01,3.082679468808161571e-01,8.260996195259434627e-02,-1.780620284686831867e-02,-4.706110564482889058e-02,-4.561851622503002024e-02,5.513034218945402770e-02
-1.878434563315071471e-01,0.000000000000000000e+00,0.000000000000000000e+00,3.829576331742613055e-02,1.344274877661645884e-01,2.636762655055548410e-01,2.126909973895719230e-01,2.955848556947743289e-01,3.580360659138288604e-01,3.655713286663930806e-01,3.693628129754444878e-01,1.342606787408580082e-01,2.618995325397212304e-02,-7.440885430954070900e-02,-7.863588282232480964e-01,-8.669662144156013994e-01,-5.392288732622168013e-01,-5.442643496293562144e-01,-4.290772659929712463e-01,-7.561833980176622116e-01,-8.244808215158043740e-01,-7.058906110024081304e-01,-1.162987879994385576e+00,-8.529847980168884236e-01,-7.658266096653953969e-01,-1.124414785908408820e+00,-9.340551529137710585e-01,-8.655511188105640130e-01,-7.332005311417497673e-01,-6.439658846514357826e-01,-4.725620225933235830e-01,-6.784208010065409522e-02,1.629865969642422807e-01,2.861485680938983256e-01,1.264117173263182570e-01,1.526750527841795324e-01,1.758567940674456986e-01,6.448416170427553884e-02,3.945706076765197468e-01,-1.499955996628522303e+00,-7.951559937612681095e-01,4.907462389050153140e-02,-2.723305362617698400e-01,-2.207470866585378028e-02,-8.137423868649458214e-01,-2.426856096760056647e-01,-1.922584366934772526e-01,-4.133459646567708146e-02,-3.020865314458396345e-01,-8.563478276483391105e-03,-2.527449102779396606e-01,-8.061627081239088888e-01,4.809478272228570050e-01,4.988821029311083510e-01,6.007268601905967342e-01,-1.015331825902237473e+00,-4.279676084705466010e-01,1.172773456950031434e-01,1.334933542132057949e-01,-1.961417326454497900e-01,-2.396008323384662408e-01,-1.685810357795987369e-01,-1.901374418906550540e-02,-4.140088192618652380e-02,1.086969282003526910e-02,1.282645191722836808e-01,2.609696517380080683e-01,-5.414391617926472833e-01,-1.044835846250799172e+00,-1.460564587333725850e+00,-1.683272145068176684e+00,-1.407959739852401970e+00,-1.103410290823724882e+00,-1.575670668435371624e+00,-2.262885232349856501e+00,-1.932473280283045103e+00,-1.609609757895054116e+00,-1.266113442947057965e+00,-5.758871569921759637e-01,-7.635088290382474607e-01,-6.434932805233846143e-01,-7.440201449481820273e-01,-3.044590399646246448e-01,2.700228645088846857e-01,3.234625774770022097e-03,2.811785365083597221e-01,5.569623347617962406e-01,8.806483658461690123e-01,7.857856721730587246e-01,1.198815660845713005e+00,8.574937176996172417e-01,8.006122676320276410e-01,-5.645779763402882789e-01,-8.313519534961324453e-01,-1.122144201694103671e+00,-2.224802141964017932e-01,-9.663557060049690062e-01,-1.203842830783397044e+00,-1.355465250499651386e+00,-3.460048733869787174e-01,-6.348306329968627093e-01,3.791590273058590421e-01,-8.527410325469222396e-01,-5.002469670059243034e-01,-7.588469008988536491e-01,-1.035071807587426562e+00,-1.699708215387550680e+00,-1.498817830264794093e+00,-2.354620871377674618e+00,-1.786454901738447898e+00,-1.539826727057553413e+00,-7.626958408530003508e-01,-1.324587231863724457e-01,6.778014239635303806e-01,4.570538707586207505e-01,6.195133739446350152e-01,4.469349112263418800e-01,6.093944951004675037e-01,5.722837402246829797e-01,8.203547373292090494e-01,7.665158057954523096e-01,6.344448490182716949e-01,8.727923552674020646e-01,6.746244915436080403e-01,7.938020137862458192e-01,9.428108972964708290e-01,3.645118111663845362e-01,2.354802340432702867e-01,3.415425577893990150e-01,5.030364906353477217e-01,1.042377874376723274e-01,-1.508567631544922155e-02,-1.260267025236233053e-02,1.437504702349012287e-01,1.166738648612351548e-01,1.498604776939855554e-01,-1.295477036625771738e-01,-1.861253840474502985e-01,2.731874028000850219e-01,4.116578160985352453e-01,2.368794528666191834e-01,7.578997226792053010e-02,3.159914732939117510e-01,-5.568334750884604278e-02,1.197465751058204714e-01,1.894039050224717857e-01,2.665061147015812537e-01,4.119589346218336390e-01,3.319186773894655662e-01,2.943193949705801282e-01,3.229118906789668619e-01,2.196392906353742402e-01,3.536917953612704613e-02,1.130952478567512909e-01,3.246796189734738047e-01
-1.012076024114313966e-01,0.000000000000000000e+00,0.000000000000000000e+00,1.190642169003102574e-01,1.170260301439886436e-01,1.589103320849615322e-02,1.879180012525902832e-01,4.255931056387260436e-02,8.943746992191470291e-02,2.161959608770877006e-01,1.798729701363587230e-01,-2.996737416199323212e-01,8.365938651210429178e-03,-1.914518237843029769e-02,-1.445164347324912058e-01,-1.996619747671068978e-01,1.474009774298760678e-01,4.777832659351094469e-02,7.665312377984928593e-02,-1.845643264878971679e-01,-3.142701974380291419e-01,-2.050829000052428186e-01,-4.131789728563719510e-01,-1.547173591328557529e-01,-1.810680326160667500e-02,-3.116956553327215884e-01,-2.308882183257942311e-01,9.701868597387109175e-03,4.649781680716398580e-02,-5.613719379960717404e-02,-1.681240829350589272e-01,-7.376972299347804574e-02,-1.818540459567256906e-02,6.385328466913001155e-02,7.708924219890456175e-02,5.189327430482530701e-02,1.285134681706450455e-01,2.470521288227969514e-01,1.671536003017123906e-01,-8.916656010641395014e-01,-6.449574400355256865e-02,7.440567925459886656e-01,1.025527444736307636e+00,1.264785352935292595e+00,6.600070381383791318e-01,1.099393370776904799e+00,1.089679814913803169e+00,7.759066147903097566e-01,5.802597630374856097e-01,3.158456858045104454e-01,6.637271342137061880e-02,-7.251146132578543124e-01,-1.801916491270721399e-01,-4.113497806485081898e-01,-1.638864003594127025e-02,-8.338728767050926916e-01,-8.691844323491686453e-01,-7.061099758196798248e-01,-1.295368789017174116e+00,-7.814671640718426904e-01,-6.728171303424838046e-01,-2.741827259834327402e-01,-7.764667431958345231e-03,5.497744339462695695e-02,3.682584994085198737e-02,-1.369954719697290269e-01,-1.697552047446235224e-01,-5.495643918984320919e-01,-3.784791229568126303e-01,5.324384241415249797e-01,6.157696050619482220e-02,5.052633247008833095e-01,-3.673662769230893188e-01,7.068807457624635970e-03,-1.392795115710551701e-01,3.476670802919444858e-01,4.470983852052168306e-01,9.062751202288963359e-01,3.866592645887749757e-01,1.207480245737605068e-01,-3.553537952740605244e-01,-4.568365052593192921e-01,1.488957764250001259e-01,-2.916732651721716252e-01,-1.384460501424651102e-01,5.217019925937752545e-01,2.366709961211385937e-01,4.282471293703052906e-01,4.389836380877946698e-01,1.433828997824043161e-01,2.496379344717761517e-01,1.489901713101469127e-01,-5.285848416279282924e-01,6.656927203983663277e-02,2.930138294204609473e-01,2.944412354089956385e-01,-4.528844691229827468e-01,-8.568426170514629181e-01,-7.750724996314932724e-01,-1.286452322967469031e-01,-1.755141529572505354e-01,-5.931543960235960977e-01,-1.159284791742153375e+00,-5.398576385720680326e-01,-1.118305183316073759e+00,-2.048357277241938112e-01,4.236778399856806071e-02,-3.920790082682490407e-01,-2.656779628017443828e-01,1.118862806150099920e-01,2.710894824132664693e-01,1.412058147342049319e-01,-2.778918638359907378e-01,-6.229982252929662234e-01,-4.717637352065342515e-01,-8.541650499702104771e-01,-9.604512225414768567e-01,-1.359492167044166422e+00,-1.598534944267237856e+00,-7.968836284237449386e-01,-6.163880209385682596e-01,-6.732370738193036441e-01,-1.805489667343930793e-01,-6.298522779457409182e-02,2.326162505010283543e-01,4.165908592603663196e-01,1.465676276499196518e-01,1.208830722993638890e-01,1.459842472949879899e-01,1.837343754623984582e-01,4.479943734201539962e-02,7.499845823900513908e-02,5.572114564795553615e-02,1.488620623908596882e-02,-1.469169573444009114e-01,1.012341833789994205e-01,-5.588931812963399831e-02,1.249776143778527637e-02,3.141103745215535481e-01,4.423783840752530394e-01,2.380794713622023662e-01,1.070123078108104475e-01,-5.989271934581187617e-02,-2.754402001934392469e-02,2.547029266299078998e-01,2.005266492252010813e-01,1.959675700748581550e-01,2.105791639914189606e-01,1.747811559303408535e-01,-2.205613673219865289e-02,8.050263936060116088e-02,5.121852167325865318e-02,1.185689799843480385e-01,-2.195311841337639451e-03,1.581840134629781680e-01
-1.801494020198478596e-01,0.000000000000000000e+00,0.000000000000000000e+00,2.765534388737222460e-01,2.829555179324295122e-01,1.138769827061939938e-01,3.169447253770099060e-01,1.844764011706655493e-01,2.374825638845840525e-01,-3.280879840527468200e-02,-6.653056242344804194e-02,2.109058460960269374e-02,1.899553338001263025e-01,3.443034276017805650e-01,-2.974482297814210474e-01,-9.848172729778323364e-02,1.164427248546327509e-01,2.594049750240330354e-01,7.803871414792847849e-01,5.218257472224856475e-01,1.343872983804871579e-01,3.444778365501938167e-01,5.138896314740472038e-01,2.963251430320499868e-01,7.023864727449709022e-01,4.760355315378587693e-01,3.443191274672711133e-01,5.621084425419826669e-01,6.016157456747313059e-01,6.273646475024694524e-01,5.386583220811778094e-01,4.572972877340247821e-02,6.349856888891505791e-02,1.789673149410049846e-01,2.581747001661147123e-01,1.385171832608902420e-01,1.864827264339894430e-01,3.283222680355982748e-01,1.631326426733280821e-01,3.951433273678878200e-01,6.201419131162009268e-01,5.698137883329621456e-01,1.373391429195170155e-01,-7.552522415277779233e-02,-6.610130168653685079e-01,-1.427623814105709044e-01,1.325647505125095438e-01,-4.448086766984752360e-01,-7.155559452810682508e-01,-2.375975295318394354e-01,-6.671612172680794206e-01,-8.409306808769730912e-01,-4.154161137897278699e-01,-2.817741231170739491e-02,-1.601775991007216848e-01,5.209959808943317450e-01,3.270412433097928395e-01,4.647482393879771578e-01,2.100434169737473988e-01,1.523569107014638713e-01,-1.836627786450890087e-01,-1.539816027036095547e-01,2.806335450711348878e-02,1.138915369858910231e-01,-1.710556290465903295e-01,8.908696526364087709e-02,-8.273879083627766473e-02,-2.285422058696930381e-01,-3.625543877506315904e-01,-6.304644383754723358e-02,4.236563151017767176e-02,2.306370576346089551e-01,-2.036744028015605862e-02,1.699744703792385736e-01,-3.093746715574796635e-01,-1.597272514220045014e-01,-8.941329920252499841e-01,-2.491653864130713991e-01,-7.498687356831867934e-01,-8.696312289492595660e-02,-8.065005574697812207e-01,-5.472866880767717213e-01,-4.869183724544847575e-02,-6.112885803545478058e-01,2.824863693523387009e-02,6.264860189723295836e-01,3.194499291936533925e-01,5.637026600686823735e-02,-1.948030011640836945e-01,-8.274155341812670095e-01,6.684708140868679538e-02,-1.191515826686769669e-01,-2.286894895495524827e-01,1.030397683379788570e-01,-8.439325148896542617e-02,-1.764015288831416450e-01,2.522774159008005501e-01,2.515077403727995486e-01,-1.159930051849049071e-01,1.669907115918904394e-01,3.141597074625395725e-01,-1.806087192955890264e-01,-1.372125174623851918e-02,7.521011445128953365e-01,-3.380310810204015248e-01,-5.828027022925383882e-01,-6.180877083156752771e-01,-3.523363939195367500e-01,-3.181406642922279815e-01,-2.121136413154128819e-01,-4.455474688781838610e-01,-6.405555274751089101e-01,-3.602746200989068170e-02,6.113729412896309334e-01,7.279308082641817723e-01,1.113986618632336834e+00,1.097023787868255607e+00,1.181523752032398233e+00,7.834287074587157340e-01,1.116407411395059501e+00,1.311895729177079861e+00,1.101502265751558518e+00,8.339805562626007029e-01,8.196141142001009960e-01,5.554216460600494010e-01,1.331801891257043957e-01,-1.843585141596643107e-01,2.024162115437176668e-03,1.985551149929128678e-01,2.660700645770352479e-01,-5.521737110331774445e-02,-1.442862459280754017e-01,-9.940125762610017845e-03,-1.676588023685769008e-02,-1.631442223203569686e-01,-2.850489501036726492e-02,-7.163362701128059284e-02,2.097038350331023593e-02,2.690617419766280771e-01,2.992067560742480148e-01,1.216115071797589098e-01,8.663077210863512345e-03,-8.488313514647545521e-02,-1.597442701911149232e-01,1.340233269155725326e-01,2.904296057992038493e-01,1.103329964719187845e-01,1.556296212343698943e-02,1.557510100000886188e-01,-1.421427978880840104e-01,1.429068118300965556e-02,-2.420177036291186121e-02,9.070295881678068495e-02,1.608608411539348693e-03,1.250650973316882845e-02
-3.594546040084120597e-02,0.000000000000000000e+00,0.000000000000000000e+00,1.081631594645622585e-01,9.480825322128021149e-02,4.366440099257334895e-02,2.071468266296700167e-01,1.149342313504187751e-01,5.037935424257159595e-02,1.089612870180848431e-01,1.899427477194674252e-01,2.046786319610116034e-01,3.052511991476659636e-01,5.543178505669746903e-01,1.944587505519735360e-01,-1.634117921669354656e-01,-4.827978423834673460e-01,-1.638458889582832811e-01,1.566412167020960200e-01,-9.285848080676152583e-02,-4.803634125948333389e-01,-2.476796460018593216e-01,-2.186752040901872030e-01,-3.119630958642759522e-01,7.925372344341924391e-02,-2.697498049872717463e-01,-2.545491098694894205e-01,-1.319125494386482744e-01,-2.667695457545429250e-01,3.528014972370605712e-02,-2.105182255365274091e-01,-2.500793915539799295e-02,-4.688438788004411495e-01,-1.855919806756596568e-02,6.198405142770574416e-02,1.627457638385923500e-01,3.128471860718144426e-01,1.726819659609758750e-01,3.770757960615436777e-02,-6.784293058601436055e-01,-3.709915136209592235e-01,-3.302695164273575790e-01,4.415326728491240915e-02,-1.432123024397338185e-01,-5.114127629991598312e-01,-3.050733821023619008e-01,-1.080720314047646929e-01,-2.590747817397127117e-01,-6.216860415783562743e-01,-1.441401543018726653e-02,-1.532883857654300172e-02,-3.932638316327555228e-01,-1.422306871979562293e-01,-2.775959905770411518e-01,-1.165238604339130096e-01,2.374973840327830321e-01,2.309327978250412250e-01,1.594787960859727627e-01,3.011040302591024703e-02,-3.262538382029573497e-02,-3.776445526785236484e-01,-8.776604612777220982e-02,2.808283479298184782e-01,-1.073713719933539756e-01,-3.162898403365259070e-01,-1.063981265044316449e-01,-1.901980737474796845e-01,-2.548067632947877414e-01,-9.945928694606136489e-01,-9.146613021304255131e-01,-6.784687545639136452e-01,-6.076000377061780977e-01,-8.371299719516847593e-02,-2.205917775889567126e-02,-1.651929764057817329e-01,1.429622114721413872e-01,8.299656343412137316e-02,5.521773388227493307e-01,-1.884430551041694768e-01,5.779101359044119812e-01,-1.554157108898781836e-01,1.463163401390230323e-01,-2.466929668545321808e-01,-5.762410817886656211e-01,-4.377085579709851237e-01,-5.658248881353540316e-01,-2.116663166075202218e-01,-4.333260325513714761e-01,-2.864350917590436918e-01,-3.801348310167919631e-01,-2.695903661174570143e-01,-8.290769981036074654e-01,-9.204820597968492724e-01,-8.787863605253376509e-01,-5.597219055392670395e-01,-6.232991909395118046e-01,-1.112256706457678546e-01,2.268926226537690272e-01,-5.029907927318828798e-02,1.071584623693287303e-01,1.295874043500889750e-01,-1.629968247417698524e-01,-4.089052691728332078e-01,4.081085126924566958e-02,-4.315933607162124597e-01,6.351693970408403556e-02,2.389103958976936115e-01,1.675326577174527376e-01,2.052477541956415630e-01,-1.891975276964979469e-01,1.942348335131225956e-01,3.405029128831423002e-02,-1.120548199147210905e-02,-1.328145552594469647e-01,1.298790344409184866e-02,1.231473884571000765e-01,-5.916565671921322767e-02,3.096715442146721203e-02,-1.803438440780758267e-01,-2.158154755284446558e-01,-1.781449833584870523e-01,-6.126578556175832357e-02,-4.606892106315890745e-01,-8.341414476212009876e-02,2.111850638860883755e-01,6.775802514510385899e-02,-9.512387052594792336e-02,9.293450666899308321e-03,3.458785480250217009e-02,9.929551847135648091e-02,-1.271949814115564681e-01,2.302528054034802540e-03,1.584217568123542919e-01,8.603418033308102286e-02,6.213700340234493830e-02,-4.703857751205755416e-02,-3.161170957381966018e-02,6.039474665227451133e-02,2.370257439768763408e-01,1.294163980289474991e-01,2.758375418114465405e-01,9.570358504573843461e-02,8.418605891423680543e-02,3.574223586234018257e-02,1.874573413608134759e-02,3.343592352569682569e-02,1.673962490097348488e-02,-7.734833487405259889e-02,-2.689289057472335140e-02,-1.440219387604866341e-01,-7.948679490807060433e-02,-1.098990608540575120e-01,7.255857636169152358e-02,2.334244901024860597e-01,1.981149924523027406e-01
1.412434808590329327e-01,0.000000000000000000e+00,0.000000000000000000e+00,-7.020381567040162585e-02,-8.388531637082358161e-02,-5.092502940937147782e-02,-2.218654678713702921e-01,1.867124684018778846e-01,1.231876220823940882e-01,9.319411988939671487e-02,-7.692771877130538671e-02,2.547475949291067021e-01,2.273805686793627934e-01,1.852811012996899986e-01,-2.845200315653149126e-01,-3.785962582717801173e-01,-6.453656938253446995e-01,-4.340369389490575935e-01,-3.181223386102890460e-01,-1.435459439655520086e-01,-4.048606060849072596e-01,-2.768624732398064503e-01,-2.765257779893802725e-01,-4.448266824009834419e-01,-3.701851598847551994e-01,-4.839452219690775214e-01,-1.795938758712147532e-01,3.374410548991670089e-02,-1.440944747843532214e-01,1.680423680416340826e-01,-3.385409486209217667e-01,-2.471154986915980456e-01,-2.448126122880821265e-01,2.719033437697809807e-01,1.493907366832386008e-01,-1.856357205018352441e-02,4.276153523641600118e-02,1.566193700234303487e-01,-6.400944926146223679e-02,-5.496445353491881125e-01,-6.146061141047334253e-01,-7.630427486553651439e-01,-3.191310513857242848e-01,-4.273522589714784936e-01,-3.895940186042713416e-01,-1.385926110896456565e-01,-3.198984825820109235e-01,5.406554099208073227e-03,-1.564061705482003573e-01,-1.604941225315162923e-01,-3.737750325406221097e-01,-9.672661088510288163e-01,-1.704950098962978652e-02,-5.578423878815006454e-01,-5.171172297712136601e-01,-3.765533749161633637e-01,-7.034038933022659368e-01,-9.234280220222294000e-01,-9.032191314328927856e-01,-6.312479361966721880e-01,-5.111867148067518185e-01,-7.074555751559583605e-01,-6.770127933210965399e-01,-4.195435869188728351e-01,-2.299257046922986991e-01,-1.885094504602637944e-01,-3.747185182916219492e-01,-8.115238994407804329e-02,-7.308115731420333772e-01,-7.461654279759784014e-01,-8.592369377053141744e-01,-5.966433023047280626e-01,1.662273240268968555e-01,-1.938093218364600467e-01,-2.744342175336814682e-01,-3.500581896905224921e-01,-1.449111085176773006e-01,-9.191834493955606256e-01,-5.892057853204613060e-01,-7.813555771648028614e-01,-3.324384765766643102e-01,-5.127096593908367916e-01,-5.519278609249707035e-01,-4.917067952041522805e-01,-5.293862649685037169e-01,-8.759277314296182171e-01,-8.584091228739753054e-01,-5.061958116389049245e-01,-5.284606146429420281e-01,4.408958447299314853e-01,-3.107144906829720915e-02,-1.667232957547435945e-01,-2.135884856404074161e-01,2.597004580399116525e-01,5.840931804523308291e-02,3.193390518251807975e-01,2.197593640931833070e-03,4.498201852331362716e-01,3.539275787159418263e-01,1.949842422690014898e-01,4.503774090459635726e-01,3.328850914728838095e-01,-4.509003270794690321e-01,-8.824865414588466406e-01,-5.193676680187248734e-02,1.382429107260563506e-01,3.310688217431894120e-01,2.766382062823466992e-01,-4.608670545574783395e-01,-2.234937928383518846e-01,-9.276670571444549374e-02,-3.165193939421661051e-01,-4.509046200650235203e-01,-4.806474102209334909e-01,-5.770025669432435889e-01,-8.192332523061829352e-01,-1.029680625411650396e+00,-1.052354613334123279e+00,-1.145192445725831787e+00,-4.052173086535601487e-01,-5.613684306619037834e-01,-2.490193752925372039e-01,-7.504392351516840920e-01,-5.007288124864278656e-01,-2.665958070307311578e-01,-1.471032051070546576e-01,6.570546527653295388e-02,1.526130632238626716e-01,6.224165900620562408e-02,2.195115521830443284e-01,5.333674302217349117e-02,1.366362770397848703e-01,2.947395018008667766e-01,1.211033379846493119e-01,-7.267344113895364555e-02,1.397755634299674074e-02,3.501809290452161105e-02,-3.002585489394231366e-02,-1.401331764178491771e-02,-2.282293135311754262e-01,-5.569295326248453748e-02,-1.653023564298146397e-02,-5.665886971428374386e-02,-1.323340152381304868e-01,-2.293777902186720508e-01,-2.485143919529461676e-02,1.972566363812746498e-02,-1.342621618632716674e-01,-1.828793283983983220e-01,-2.975930359377301215e-01,-1.206557789779583167e-01,-3.462246803133194745e-02,-1.867529718064637329e-02,-1.317210892509642906e-01,-2.907399947781110980e-02
2.906569798787252412e-01,0.000000000000000000e+00,0.000000000000000000e+00,-3.143067517723913129e-02,-6.015773629280805196e-02,-6.136409771874973967e-02,-4.251039688274210054e-02,4.553473815955596526e-01,3.292007196319997053e-01,2.306822246511453511e-01,2.480027324388941155e-03,-1.894448482050082594e-01,2.300525174087322822e-01,2.758665853195305662e-01,-7.002128387587468021e-03,3.258939349685913839e-02,-6.570416957310135087e-02,4.273040516600104533e-02,1.469194689899054329e-01,3.756361790180854920e-01,1.006626817629759640e-01,3.390354522100116896e-01,2.554069434901398705e-01,3.002233946503010675e-02,-1.153925687635273117e-01,-1.606202788351167032e-01,7.132568802187681800e-02,2.990322784500215603e-01,1.569061761554861323e-01,3.346197261654798583e-01,2.921524806410369379e-01,2.821224637183862294e-01,-7.936787034942847929e-02,1.042318613426271995e-01,9.149924607865084214e-02,9.176690902164177932e-03,-9.547316876954269060e-02,2.416916449489153740e-02,-1.242107670265343855e-02,-4.410807912553547094e-01,-1.081877824656058085e+00,-9.654854147174927181e-01,-3.778155201655316597e-01,-5.346418887235820927e-01,-2.559984499207901276e-01,7.892177150705784183e-02,-3.062084935822749210e-01,-2.376785341751713465e-01,-1.231342451618054751e-01,-7.286702595643326230e-01,-1.011436191667190343e+00,-9.733819444960279954e-01,-3.463490369605179420e-01,-3.823962534213573017e-01,-4.758814978126125195e-01,-3.735299563745565488e-01,-8.074275141003154355e-01,-6.520077395701234790e-01,-4.818284624295067209e-01,-3.989211909468359241e-01,-3.572660763031015319e-01,-2.681902690790199939e-01,-8.750903971515986424e-01,-7.270556154040097585e-01,-3.952911472696853945e-01,-3.102921163000840199e-01,-4.466065589600792807e-01,-1.131724398848489577e-01,-5.971421165412291732e-01,-1.061620459709744724e+00,-1.044971573026830303e+00,-1.154837948975115269e+00,-9.689020825582945751e-01,-1.093305588051358024e+00,-1.030582840768013764e+00,-1.082365466944190890e+00,-4.618680586028456325e-01,-7.003078234476765029e-01,-2.818368860696315314e-01,-7.263982071816401653e-01,1.891740722879189658e-04,-6.171373553696306580e-01,-3.601335482294862889e-01,-3.098195046899994143e-01,-4.230890680853077734e-01,-6.591429401731202509e-01,-9.217726762934294049e-01,-6.521483930904186099e-01,-9.232035015881452367e-01,8.472551866014396693e-02,-3.195766947646225264e-01,-5.581545688184522125e-02,-4.652704628922769703e-01,-1.016100390147694349e-01,-1.495830300671825430e-01,-1.581898671097314579e-01,-3.578530363402159797e-01,-1.483121960628678848e-01,-4.415857082811531775e-01,1.026605445024743601e-01,-2.234546586158178694e-02,1.589629606525735372e-01,-3.428833589890722955e-01,-7.665391198983133592e-01,-3.825429290166644236e-01,-1.860175551146572848e-01,2.386980135514702728e-01,8.397540465835368062e-02,-8.549759139387343165e-02,5.625109531573172644e-02,-5.081235513172109863e-01,-8.479325612948760416e-01,-7.785804089348346002e-01,-1.705987469709936422e-01,8.613935540936769331e-02,4.627170814218516393e-01,2.295165067880431120e-01,4.800744551590918618e-02,-8.194248242300646023e-02,3.569246912169443675e-01,1.317585917617214997e-01,4.011846052149313779e-01,-3.283194404992192950e-02,2.859993705363781391e-01,2.555563262303776201e-02,-2.701753132160474025e-02,1.628922906739456167e-01,7.536738594440388350e-02,-7.585619892454892321e-02,2.561142585843803055e-01,-5.322689915875058325e-02,-1.942435264537516193e-02,1.864104176173709410e-02,-3.930095393253374425e-02,-1.903578646807008723e-01,-3.441900258461950968e-03,-7.204938072475512711e-03,-1.803182343665344911e-01,-1.038278392078707257e-01,-4.716756369829747109e-01,-1.952266327132524404e-01,-1.153986951071319655e-01,-1.491331279762588280e-01,-3.438374649536002359e-01,-3.425123120446808000e-01,-1.416530198753371828e-01,-1.462961255007678707e-01,-2.152669595953241866e-01,-2.803010769998570684e-01,-2.945973145430499929e-01,-1.116721369369741423e-01,-1.802319543806696345e-01,-3.695402847968125570e-01,-2.470162808205751959e-01,3.175951489178456544e-02
2.386824481159831035e-01,0.000000000000000000e+00,0.000000000000000000e+00,1.241944411000285298e-01,1.453603420293324011e-01,1.018137615608884494e-01,-4.836743748261455866e-02,4.294797377257215665e-01,3.225076933308919092e-01,1.135652721618230637e-01,2.119208580961115182e-02,1.098557967900244117e-03,5.144590548868467339e-01,4.595650420535742353e-01,4.325441517492978338e-01,2.844213587548986011e-01,3.128768334924786898e-01,1.478683517441425899e-01,-2.312788178386687432e-01,6.790438426651648762e-02,-1.956068843615359210e-01,-3.580135487956651735e-02,-2.273678483105306958e-01,-5.548601605694039041e-01,-4.047962236378138678e-01,-5.106750438364819900e-01,-4.188179388012546744e-01,-3.571092159917870212e-01,-4.475727102319768669e-01,-6.414401814012780090e-01,-5.409278802574337686e-01,-2.392204276372113803e-01,-1.759957461116271882e-01,-9.139278954899127116e-02,-1.074970949211284527e-01,-2.050916361526757548e-01,1.698850573779532580e-01,1.305433411917077124e-01,2.279635990686875724e-01,-4.793304556861143206e-01,-8.101212406039995928e-01,-9.612772626545492693e-01,-6.016284321787095379e-01,-8.530468359045256799e-01,-8.580951582948042056e-01,-5.232441105232574774e-01,-7.052912831644781999e-01,-4.768088343844069099e-01,8.817357270957765225e-02,-7.941173206732912160e-01,-6.560711470789237776e-01,-5.959050265579802774e-01,-1.147030175758307236e+00,-7.461338486482634869e-01,-4.357827120961698109e-01,-7.942307708284990220e-01,-5.640074299116298873e-01,-6.047282505113998896e-01,-6.561401076117150399e-01,-9.763033348033699488e-01,-1.097111803233901561e+00,-7.074515899028739341e-01,-7.946365689075278738e-01,-9.512587880158521747e-01,-4.211539564991527151e-01,-5.529966144359681479e-01,-4.869185781290956694e-01,-3.229085292762851056e-01,2.272324332017680582e-01,1.331020140396775853e-01,-7.771002484756042716e-02,-3.127318709712926803e-01,-6.537988961365026608e-01,-9.141185151194739511e-01,-9.577114092902838660e-01,-1.035987561968847670e+00,-5.925531979102430791e-01,-4.375102075516640321e-01,-7.313467860379410102e-01,-4.270827459056404374e-01,-6.860875939285985270e-01,-4.079786817342059280e-01,-7.106368502303037626e-01,-5.418633275900255342e-01,-7.285774113998846335e-01,-6.265501497327009561e-01,-5.852729844892630151e-01,-1.079881630879429233e+00,-5.811069573164846513e-01,-5.374784037598273612e-01,-6.069205161365708312e-01,-5.651384233183496253e-01,-5.239761718965916248e-01,-3.415350466518093930e-01,-2.183353170949267896e-01,-5.308655803288084840e-01,-4.938955563994986142e-01,-9.281518985808711042e-01,-9.135747875925341877e-01,-7.606362912625315165e-01,-8.211700674661310817e-01,-4.116999940825376569e-01,-9.238255671555700710e-01,-9.385928492421868885e-01,-1.115261414531086182e+00,-8.665665704140209646e-01,-6.380066775860130379e-01,-7.907394081717284973e-01,-7.303316881976371633e-01,-6.591190230989784071e-01,-5.112964636389116801e-01,1.229209933117080128e-01,3.505729245847017950e-01,4.278416811025411159e-01,2.673355711015754088e-01,3.212812352199309607e-01,1.371681503191284068e-01,-1.827640483362386048e-01,-5.130574332575851271e-01,-4.169846931430792880e-01,-5.807791568926775616e-01,-2.608909475701777225e-01,6.215550365330509835e-02,-1.902513044133124498e-01,-2.690387368918870648e-01,-1.297948694470253683e-01,-2.065151373875234730e-01,-1.421211467686485930e-01,-2.549542154503186553e-01,2.726351990333777953e-02,-1.057042359669467663e-01,-1.823164716729173129e-01,-4.726454235335621201e-02,-1.038442876859285574e-01,-3.556591974767658870e-01,-2.176135002890304537e-01,-1.420651330658436462e-01,-2.562180183465698757e-01,-3.340809307500331449e-01,-4.508248846051259306e-01,-3.802651421900312689e-01,-3.869168610755234772e-01,-1.288906617034724922e-01,-3.968428449490150611e-01,-4.632586454244944085e-01,-5.606061707169209818e-01,-2.701749330206333344e-01,-3.283322379724895601e-01,-3.206368308146928525e-01,-2.648546182806678084e-01,-1.224255006873613549e-01,-3.180213889777506742e-01,-3.021100560621278186e-01,-1.543627240781224597e-01,8.076096347146058396e-02
9.115961621869332621e-03,0.000000000000000000e+00,0.000000000000000000e+00,-9.934440307724380637e-02,-8.428703958045925815e-02,-3.894024818409214106e-02,1.281164641562487494e-01,-1.076163557311974883e-01,-2.585149091938219734e-01,5.968841471544134025e-02,6.466405081248315090e-03,1.085141860220887045e-01,9.708243997191487451e-02,-3.625196292860774494e-02,-2.096657279204651725e-01,-2.897177483355010130e-01,-6.558626005628118150e-02,-5.129227673677025368e-02,1.207531132581326216e-01,2.424174833254242878e-01,2.598293749846252720e-01,3.934338043297763154e-01,3.375541040350262811e-01,1.691102137932823379e-01,-1.568720232537236525e-02,1.353474144993276895e-01,2.695522341730695048e-01,2.698976949758788435e-01,2.769927425131697984e-01,2.531818538124985252e-01,1.349861241418057467e-01,-1.643172094502672320e-01,1.057799316923544071e-02,-7.833849086932531680e-02,-2.628458002184438369e-01,-1.604801921423923416e-01,9.396964428731333085e-02,2.155621630169253511e-02,2.159214058173166140e-01,4.871527286542255974e-01,-1.375869882907319042e-01,-5.898192582178061194e-01,-8.377808720838375578e-01,-6.564473608445422492e-01,-4.707678683023392430e-01,-4.594719480069885398e-01,-6.074322867141831450e-01,-4.851751970512095946e-01,2.691662708297439255e-01,-6.637916699039116963e-01,-2.431727797518678513e-01,-9.459537236112682823e-01,-4.774694956060256956e-01,-3.452917312551346263e-01,-6.024386383851734750e-02,-3.772097546382191524e-02,-4.976610672147526726e-01,-4.137832442015226264e-01,-2.711381784131166039e-01,-4.598374156580685157e-01,-5.421745019383588104e-01,-3.203949602480647418e-01,-2.945324100987286031e-01,-4.055462715452990974e-01,-1.917372331657996587e-01,-1.151597287112353651e-01,2.527958213040172875e-01,6.980484622327003119e-02,7.285537668455848159e-01,8.724533247433933214e-01,6.255926703594686389e-01,2.688390581048921701e-01,-4.617089858094555743e-01,-4.006243505882758349e-01,-6.491598850562724232e-01,-7.647556911742454666e-01,-8.856277760344442029e-01,-6.935250916637460961e-01,-8.764868628392202821e-01,-6.604088758297020911e-01,-9.307798282866076578e-01,-6.060598270915394936e-01,-8.272831339458133204e-01,-1.012271068512959893e+00,-4.976126927797803745e-01,-7.686966814249592828e-01,-9.217323307760942885e-01,-1.305557008927376694e+00,-6.552431508967941909e-01,-1.033252262561445090e+00,-2.443071636475224184e-01,-4.226481506954464229e-01,2.165121386253490154e-01,-1.212478406163816913e-01,-6.680259849932590477e-01,-5.648650254873902599e-01,-2.170423488102865006e-01,-7.809080291161651921e-01,-6.647299527375177819e-01,-8.944206793756377394e-01,-6.315047077530189235e-01,-5.362554385791508116e-01,-2.097054069328899151e-01,-2.887570343628799163e-01,-7.877712971637431671e-01,-9.581601970619590958e-01,-5.316946563006352822e-01,-7.668419309870534439e-01,-3.672039264486306465e-01,-8.766163966436295585e-01,-2.688093013293217370e-01,-1.226160871172843198e-01,1.470684266481810665e-01,1.263952718593808200e-01,5.724895652145448738e-02,2.430058293383965673e-01,1.495462383952463614e-01,-1.131397620237784840e-01,-3.404805994289574200e-01,-2.865678008592502102e-01,-2.056174008263720876e-01,-1.992073158324791371e-01,-1.086429607613506737e-01,-2.201934296985761930e-01,-3.151297957313043407e-01,-2.527772139414285468e-01,-2.476481563992697366e-01,-3.530689393103206841e-01,-2.261397475849509786e-01,-1.092776804420972636e-01,-2.214127702027175737e-02,-1.128477319698232006e-01,-4.756903909662365398e-02,-1.180732127858643288e-01,-2.322648654851751648e-01,-1.882995530839220166e-01,-1.018726607299903081e-01,-2.096871693766156619e-01,-2.762003475639955852e-01,-2.031905280510871159e-01,-4.303652384633382955e-01,-1.830583937943119910e-01,4.253368842483860879e-02,-3.207371755208440200e-01,-2.874754389925797127e-01,-2.828552880408703452e-01,-7.134158304228394032e-02,6.364758567872937783e-03,-1.446032325774719018e-01,-3.238203180023629391e-01,-2.757247794470512048e-01,-1.825422227742130032e-01,-1.290324489861241486e-01,-8.653446195698615007e-02,-1.050163481884095196e-01
-1.808686157308683068e-02,0.000000000000000000e+00,0.000000000000000000e+00,-4.563003997954058477e-02,-3.246363068351588999e-02,-3.606645613266101780e-02,-1.276946710856761980e-01,6.844435106243884626e-02,1.052480739338623392e-02,6.434932934077156053e-02,1.505135873865980356e-01,2.870579851605361554e-01,-1.316057043203431864e-01,-6.684687015028839552e-02,1.294136349140534159e-01,-1.824352906945499453e-01,-1.078205532432873620e-01,-2.572617698322214874e-01,-1.591231229005007353e-01,-2.375411998826891247e-01,-1.539272878843166437e-01,-1.306243771353182148e-01,-4.962097034107916249e-01,-3.578846664307809844e-01,-2.335045415884722808e-01,-3.450968076836403720e-01,-1.744358212273221936e-02,-4.734793677100053444e-02,-2.171081766774068111e-01,2.460292870056320080e-01,-1.095457291197699246e-01,-1.810783886399019993e-01,-1.455057034068138466e-01,-3.340132893801553426e-01,-2.193967678334516058e-01,1.131561163534494374e-01,1.865252502004834112e-01,1.863088646166541074e-01,-5.120549291435977368e-02,2.997914172318830728e-01,6.729477804866792479e-01,1.007592980411315509e+00,1.699802394303397968e-01,3.683318292440450059e-01,6.285028903776962439e-01,3.135478230278533340e-01,2.092520979306914108e-01,5.394346299860263150e-01,6.949876466604960612e-01,5.276471535760440812e-01,6.009775560903131142e-01,-1.296504114689060461e-01,-9.409402534999178336e-02,-1.920247070630487773e-01,-1.608131162230428679e-01,7.945310100080231752e-01,7.834234307390071095e-01,1.017719697114841004e+00,9.238458939913041235e-01,6.019599815106445595e-01,5.499940945051975394e-01,1.310655725549898787e-03,-1.339950233147609859e-01,-4.744980328054632657e-01,-2.720519518537982129e-01,-3.009962516605828586e-01,-2.799533633375483888e-01,-2.018842436459116207e-01,1.769272089029244321e-01,6.521898009236868354e-01,5.307327069990882551e-01,3.171792140556803918e-01,1.417153391317348132e-02,2.824627628446859662e-01,4.395016763339109067e-01,2.714860776717961111e-01,-1.853740988638103993e-01,-1.171524786044894073e-01,-9.339156471973639184e-02,-2.355373242283630431e-01,-2.600406132811125537e-01,-3.530498836338751834e-01,8.805511678492553007e-02,-4.193956318200061095e-01,-7.375431367837737007e-01,9.234414015818507293e-01,4.301693102721169115e-01,7.279566703344451106e-01,3.701736576828423275e-01,9.133597041663557570e-02,1.363031831263390725e-02,-2.218911682301343835e-01,-2.908288000875625667e-01,-7.173973251081141589e-01,-6.942398929525768203e-01,-5.335788308063292851e-01,-5.063718203079355940e-01,-9.711572841860289795e-01,-9.472766654394821906e-01,-8.431247731196211959e-01,-6.870695792614542885e-01,-3.756068646033933200e-01,2.020065243211696393e-01,3.510674057710680973e-01,5.008886150830402784e-01,1.820526168408118095e-01,1.896719506851280435e-01,1.248120396893152850e-01,-2.241110780003831848e-01,-4.720836659059926554e-01,-4.758817597063524918e-01,-6.040757960313420938e-01,-5.239890079108473486e-01,-6.938182195261528573e-01,-4.360140402509165569e-01,-2.735793960082179010e-01,-6.730582120283171155e-02,-1.391415257683906170e-01,-4.861255789788182513e-01,-6.665080573872842473e-01,-4.559063272083689888e-01,-1.147718083040302761e-01,-2.871721894904664674e-01,-3.086165281718772357e-01,-2.415441981431526441e-01,-2.460423629432383907e-01,-2.686368365459379515e-01,-2.620924099017332698e-01,-2.487507275994638722e-01,-2.769219150469415247e-01,-3.586419924022805905e-02,3.368610304342008893e-02,1.771919816910646206e-01,6.924762370742525153e-02,-4.501145901242810388e-02,-7.222121176241780294e-02,-1.778507715839351688e-02,-1.166837184279900519e-01,-2.302552320105361039e-01,-2.297108886538987149e-02,-3.070507285173593726e-01,-2.805825374891139923e-01,-2.672767585351045194e-01,-7.276096042732319025e-02,-4.051086793934933344e-02,1.839352268573201388e-01,1.283117720328563749e-01,1.423474444275506512e-01,-8.214637502992402918e-02,-1.765795349840248996e-01,-7.934656182761921916e-02,-5.450959539149181909e-03,-2.894063737858763169e-02,2.812233149316474556e-02,-1.613002734903464658e-02
-8.317673516427481761e-02,0.000000000000000000e+00,0.000000000000000000e+00,1.102440923858492294e-01,1.369717027430609746e-01,7.352973684793459586e-02,1.204902351339615929e-01,2.783084247820511448e-01,1.589940890700755616e-01,3.512203481486843026e-01,1.902895206785111815e-01,2.526603374236172650e-01,1.439151399407767873e-01,1.207453796603670804e-01,1.922260668421346685e-01,-1.455882647313616607e-01,-1.603680697352317663e-01,-1.517085007103577965e-01,-1.285397585129374465e-01,-5.426126682324305950e-01,-4.759072413726303519e-01,-4.022886820997306767e-01,-5.814344913559914563e-01,-4.996984519795895086e-01,-3.304073833222055390e-01,-3.159222104954628740e-01,-2.034695752464832919e-01,-1.772374603017831118e-01,-4.309472784982415483e-01,-1.053954455389289474e-01,-1.252169331639619576e-01,-2.319336793747743264e-01,-1.187429071139330383e-01,-3.051778451233370104e-01,2.938124306965809313e-02,-5.998815182863278389e-02,-1.898842583926350913e-01,1.771106403748874958e-01,-2.323649331365675308e-01,2.867901225872513393e-01,7.965043787501480121e-01,9.471296199406291638e-01,5.328154646489424717e-01,7.361112492917445405e-01,8.741155728109447631e-01,4.152407460740940026e-01,6.070598513469229740e-01,5.296895705160877821e-01,7.543754162953592024e-01,7.856305095870036448e-01,5.753574554307319122e-01,1.302089920722301897e-01,-1.301406215947908396e-01,-4.456907574663480920e-02,2.899435432196937334e-01,1.960859903812221805e-01,3.375970567596610072e-01,5.700365456542124676e-01,5.258884228920808201e-01,3.948140058145889197e-01,3.992854004515907773e-01,3.125297364341141360e-01,4.270044021362565667e-01,2.381849660887528364e-01,1.682680079964096742e-01,1.040404044178835641e-01,3.905921509293251020e-02,1.969870062755956219e-01,2.180649883072396655e-01,2.812273859034042922e-01,3.042294939542738996e-01,1.199653547495782152e-01,7.918895227883906984e-02,4.055977843253701920e-01,5.025458401736048186e-01,5.961100600141400196e-01,3.882630158143391963e-01,1.788282807538247865e-01,2.002309317460502780e-01,2.227444542859197824e-02,1.543470526801220821e-01,1.005443395299420589e-01,2.619172895442299920e-01,-1.457482879599674153e-01,-7.228885652810120854e-01,4.425712164634429957e-01,6.398665288071556656e-01,7.536786784488456181e-01,1.563309524099312231e-01,-9.745010856366048690e-02,-6.293483008911814336e-01,-2.135508552738091814e-01,-1.936181212061937329e-01,1.998797799239230774e-02,-2.710854819654214820e-01,-5.042498603804969060e-01,6.844869456477527259e-02,-2.314015467177855945e-01,-4.094637110983355699e-01,-4.284533281582275643e-01,-4.687728526067299617e-01,-2.166755176137964423e-01,2.276572568570142674e-01,4.648358586562744144e-01,3.474193480145291169e-01,1.238247213665887303e-01,1.009882964711025510e-01,4.454447624869128930e-01,4.704306227277477159e-01,2.794012039784977280e-02,-7.980219799869072705e-01,-7.048382398115091707e-01,-3.483609944137371350e-01,1.564268697659341734e-01,-8.262019942561928121e-02,-6.323652881868808973e-02,-2.844658402336944780e-01,-4.143773499393955673e-01,-3.779133428452084997e-01,-2.541185433139047101e-01,-1.649478611025462227e-01,-2.041339852089201490e-01,-4.022217340628977400e-01,-2.090339121497293839e-01,-2.034593700310791675e-01,-1.935914589683246922e-01,-1.569515438810042407e-01,-3.208428567126203612e-01,-3.730184731664835107e-01,-3.760179764789728374e-01,-3.286081028118867930e-01,-3.106724676038665200e-01,-1.391875835819769147e-01,-2.061239391626245587e-01,-2.600902774638164106e-01,-8.888227845002212579e-03,1.998440651871236096e-02,-2.192688798222639512e-01,-3.084466747349304816e-01,1.441643890654945026e-03,-2.744751113945148591e-01,-4.554482017222503121e-01,-4.833076250469722224e-01,-1.303945418773337639e-01,-8.735019336445715155e-02,-1.885968263746438250e-02,-3.607596601167578632e-02,-9.641251642146289602e-02,-5.741519369752433322e-02,-6.026492007400969381e-02,-1.076142928892421941e-01,1.891839168769882673e-01,-2.897130155573165999e-02,-2.198178508368671680e-01,6.924379221822055119e-03
1.080402022193316901e-03,4.154279686827880102e-40,4.154279686827880102e-40,4.528547679052060413e-04,5.165055348787932774e-04,5.284947612123704931e-04,1.075377970850509768e-03,9.627614181589209215e-04,1.591686691576026840e-03,7.504373062596278584e-04,7.924781217926054038e-04,1.206368964850004994e-03,1.453722385488284913e-03,1.379237531906169455e-03,3.025298735384545409e-03,8.049742798928237290e-04,4.479956492525725173e-04,7.730892554255325289e-04,2.889986124292617635e-03,1.088924141632506950e-03,8.690585347101009847e-04,3.416513180663955079e-03,2.998080537748715538e-03,2.032443256634255176e-03,1.840382159135252067e-03,3.291027669233896787e-03,2.352327213896809096e-03,1.170613426166544797e-03,1.834049350933160275e-03,3.591569110247210418e-03,7.934462169791045572e-03,2.133823664442678625e-02,3.261965668546371825e-03,5.015278921241845579e-03,1.170961402464753892e-03,7.616462022909149462e-03,2.064466907507807661e-03,1.451069175043348449e-03,5.884443139865598756e-03,1.379400460689054423e-03,8.018447788015434534e-04,2.202100404603018861e-03,2.719904200407288405e-03,3.020574620844956870e-03,2.233240469196502449e-03,1.295049430150434049e-02,1.066334445618883145e-02,1.321499250105103926e-02,1.125291429101690083e-01,1.264162992408047470e-01,5.626665778210535734e-02,4.360770529794154998e-02,6.424575111161376362e-02,1.384018749088414442e-02,5.465350561788239738e-04,8.534794838658584914e-04,9.371717713185131722e-04,6.985793846609746841e-04,5.683377896197129618e-04,1.519083461931261753e-03,1.540535189502636884e-03,1.751426758244424217e-03,3.489965250819530873e-04,1.461446085318275916e-04,5.630423637137443784e-04,2.973213938178534584e-04,2.018686786366852715e-04,2.156372023531662283e-04,6.841975960386604801e-04,6.883032191835234629e-04,5.734259801431536166e-04,2.086516195953853469e-03,3.394809749194050482e-03,1.231497754126055456e-03,4.308469286291033299e-04,3.197699170611677483e-04,1.277030484332743795e-03,1.830538153623485070e-03,2.434863332925060568e-03,3.354869785073107125e-03,2.878394894986625440e-03,2.247800977757637760e-03,3.949312289194526794e-03,2.704862966154571863e-02,6.121186726421257857e-02,2.762287513088064819e-02,6.452986338654423913e-03,5.970776138134533013e-03,9.799089808952699942e-04,7.707004261056600103e-04,5.139614413812300213e-04,3.779724693316855681e-03,8.102029931590992023e-03,1.998237948954189463e-03,4.148912516461492755e-03,2.975149505698284139e-02,3.272986703073319480e-03,1.479602985325131599e-03,1.304820358280737828e-02,5.735628468811659192e-02,1.184281948344875768e-02,1.891147027936643590e-03,8.944628376129772985e-04,6.863268282315237436e-04,1.759681583046484275e-03,1.161163915420472276e-03,1.928433305197190884e-03,1.160624995507838781e-03,4.629777163288427010e-04,1.576781894782031861e-03,5.670481816665738292e-03,7.514706491240906797e-03,1.303150083494735096e-03,2.324392479239111280e-03,2.528088942409135922e-03,3.416102439133196240e-03,8.179530620933950918e-03,7.109644210512366252e-03,7.951406259658859790e-03,2.977588337957200876e-02,1.787671085333791821e-02,9.464632934274528134e-03,2.888983888957562252e-02,6.330584229640157795e-03,1.104947187892075383e-02,1.218108824826143709e-02,1.062519391240227852e-02,6.681386170865064381e-03,6.254738095512096634e-03,2.496332054683837297e-03,1.297240693064173958e-02,8.355364304444581197e-03,2.862378627657898803e-03,9.742036360517628696e-03,8.391634007826323169e-03,3.650458800239942975e-03,2.860465013654047480e-03,4.080551679933147949e-03,1.152264523890436654e-02,5.443215347711971575e-03,9.821325440817083030e-03,3.800689170505973380e-03,9.699482601243977070e-03,5.032229734168875042e-03,6.945203876358480195e-03,4.996936507165501001e-03,3.417399365055091842e-03,4.195731694482186455e-03,3.664361244045194737e-03,8.356414887404482739e-03,3.290746296031790002e-03,1.449578367580243565e-03,6.640129996819186045e-03,5.326383161305700206e-03,5.082229490675748904e-03
8.227044427540605763e-04,3.307712125874524557e-37,3.307712125874524557e-37,2.428405053322880579e-04,2.714220791671910905e-04,1.751776008387948079e-04,4.699307258378956692e-04,8.966823655114230943e-04,1.112626503912614133e-03,5.567389266956421874e-04,4.502219397393099668e-04,1.224012001980127017e-03,1.205147067216514852e-03,2.320829125119796849e-03,4.022597510501032224e-03,3.242997938103750564e-03,6.308428061996524706e-03,7.874438898494954750e-03,2.006622406727295947e-03,2.993725760277501577e-03,9.888742674110466944e-04,1.236445382152477927e-03,2.047085212154442588e-03,1.046559158166982190e-03,3.263136511330269607e-03,9.801689081626540311e-04,1.682420896134663446e-03,4.230671108205473312e-03,1.961542044866954482e-03,8.972889672947786640e-04,2.843573043714948609e-03,2.526734229860972802e-03,1.054867129374597754e-03,4.013168853638005018e-03,6.148848268851410045e-03,4.085919432597313362e-03,1.289303278202932153e-03,7.275977454400299818e-04,2.001233227476191361e-03,1.419583796975918289e-03,3.477395297123255023e-04,1.059675813531415567e-03,1.147429119763977105e-03,6.641574084499196834e-04,4.201695958366603607e-04,2.315835503647726851e-03,1.134328391238588170e-03,2.977488306083527370e-03,4.862533032454657497e-03,2.956662560978317277e-03,1.757406592922866823e-03,2.099387289882613007e-03,5.025744851580470594e-03,2.787733137466125860e-03,8.686509467852503510e-04,7.578164649709580271e-04,5.924113393977381483e-04,2.638892908596056678e-04,4.379902330279012552e-04,9.851237822282232423e-04,1.181034044787742602e-03,1.208248415882647638e-03,4.911343696982873415e-04,8.757217040658397955e-05,7.469842737280172110e-05,5.222277652579546332e-05,6.990942557286543833e-05,4.466568084641057480e-04,6.528919350693848309e-04,4.428165418363423514e-04,1.875005093563564945e-04,3.417303771836025439e-04,1.704825305178118327e-03,6.316816940711590927e-04,2.937401220956529406e-04,5.978916549101578144e-04,1.776415446114646248e-03,8.837468209311012061e-05,2.165328904448070475e-04,2.233777358272342670e-04,9.247081915285904020e-04,5.388605999331043351e-04,9.887422697715538922e-05,9.822174883994858573e-04,2.249155334172702717e-04,2.243804717578032001e-03,4.290104845751500939e-04,1.568246598130283503e-03,3.010099759177624324e-04,7.811745784254358433e-04,3.102661545263896907e-04,6.326981811889545795e-04,7.514925377023462787e-04,9.862909823318756920e-04,3.161773164259732653e-03,1.741454996265817592e-03,6.631526084236874855e-03,4.529553347880945803e-03,4.039698129885844688e-03,4.336326742321489590e-03,3.911171640642078194e-03,4.340223750818252881e-03,1.559656347182587777e-03,6.759779865969821940e-04,2.713628493669696749e-03,1.776950163966025450e-03,3.427682716236601316e-03,1.903449449427846267e-03,8.054925747774498027e-04,4.288877280066967848e-03,7.738459768335219716e-03,4.098187794903618286e-03,1.192520874674447102e-03,1.522807432202251789e-03,1.839029272209436469e-03,1.505413736085802487e-03,2.058879818684456169e-03,8.416060515998632224e-03,8.934595791224970995e-03,1.421765268495875888e-02,2.606688067611469175e-03,4.039097823170110374e-03,1.890212200011759814e-03,6.432555921718243787e-03,5.523508257575822540e-03,1.789267529522885593e-03,2.804285237272045438e-03,2.167224903992277449e-03,1.155375509724333206e-03,3.305019300182134544e-03,3.165423611950523783e-03,1.121877373517208773e-03,1.221752866148817160e-03,1.533583855438295541e-03,1.648072547351364962e-03,9.500032278986150639e-04,2.061561042897459839e-03,2.325542938001850558e-03,1.782715948286301734e-03,1.538177438751898258e-03,2.496568439627459227e-03,2.446066954102002911e-03,1.969450572091348012e-03,2.711682896667894321e-04,1.047290928071067896e-03,1.621347724297049616e-03,2.440636268597384719e-03,2.234594872551528763e-03,1.605177039086383385e-03,2.374794658585189806e-03,2.589689860598543003e-03,1.514453842758309342e-03,1.712602527802953170e-03,3.667402500967279107e-03,1.033608165161366017e-03
1.896965150328638015e-03,7.979802028107194807e-35,7.979802028107194807e-35,8.551097211523778869e-04,1.793099478536061293e-03,5.395438747512184760e-04,4.351410907529702429e-03,1.090324300123159118e-02,1.791229531963642665e-02,4.916069165692476574e-03,7.784984672302735186e-03,2.001647284098100402e-02,5.690847450884049114e-02,7.749376484360324946e-02,6.849818661545215015e-03,2.201831764104097717e-03,1.250248762670905841e-03,1.210727327551333480e-03,1.341440716300767565e-03,2.169108272916242877e-03,1.501468151981358431e-03,2.840892535406542695e-03,7.673789661390837367e-03,2.220909508075094921e-02,5.334075367717484688e-03,6.819308498295803544e-03,3.680031962152849421e-03,3.401360009391670141e-03,6.279094168965355417e-03,5.814139958007981390e-03,1.975331355874483663e-02,5.670738968878560882e-02,2.008130114398608626e-02,1.149761646186696767e-01,1.640447527953238782e-01,1.494092185277729468e-01,1.671422094931887259e-01,1.909241272588884653e-01,6.429205659604758649e-02,3.266294916077198789e-03,1.338314084540779929e-03,1.029356749098858832e-03,1.173458835677071216e-03,4.172076573874413091e-04,2.028785245570317679e-04,1.071410176623453997e-03,5.647576926643597213e-04,8.593047847872223744e-04,1.149496747556362367e-03,4.941966653434574355e-04,1.409464500946293157e-03,1.255880478580373265e-02,2.949922857893871528e-02,5.628159697986190313e-03,2.270099429915766864e-03,1.605658307510292012e-03,5.622122620172172527e-04,3.113883228563108126e-04,6.567528796104193630e-04,2.596772701653494650e-03,1.029377998095895239e-02,1.593283616998883651e-03,1.048349504179034528e-03,3.291745170060625847e-04,5.458107932191893141e-04,6.899344984543632998e-04,5.746251237977953062e-04,9.683536639383530029e-04,1.592550059495047863e-03,1.460799439506347804e-03,7.538947367010409529e-04,9.698291002674415753e-03,2.770756763638534265e-02,5.887063843088971571e-03,1.031218738565501053e-03,1.515011426071668750e-03,7.339769467788078566e-03,6.328853928107481229e-03,8.201229742750540744e-03,1.059434664230322551e-02,1.058316939462285687e-02,6.726743964667739224e-03,1.550557344796435824e-02,6.139460695091534387e-02,1.527531256907516399e-01,6.378273333484596117e-03,9.986315465799935464e-04,2.303231540475815346e-03,5.840472483948212432e-03,8.745972730598903719e-03,8.424360222379006363e-03,1.291198092531412739e-02,5.734678429813953177e-02,1.531644119480111803e-02,3.703801509398680497e-02,4.995903837539014680e-02,2.977843644531932149e-02,1.059214799055406830e-01,9.543774107314698107e-02,6.251886170990875180e-02,1.012365668741278674e-01,2.589725902113878056e-02,1.079299998550772334e-02,3.200203754831031869e-03,1.614856173124309957e-02,8.255292568813712983e-02,1.308771820938312846e-01,2.179520449384785702e-02,8.070239038480066240e-03,3.779126135784521834e-02,1.810414812666459594e-02,3.858395710307186040e-03,4.406278841077985488e-03,2.051856360142190281e-03,2.590082115874057372e-03,6.117306914791971429e-04,8.556266229050608213e-04,1.367082700921103859e-03,7.568373354399757572e-03,5.135212004286258958e-02,1.134989872284366055e-02,1.161484079572990859e-02,4.590520694440410401e-03,3.463412277706234832e-02,1.440151472364262740e-02,3.521565745548013021e-02,4.262225219453242599e-03,9.744869356521858664e-03,4.798511454433468382e-03,7.364231986569459536e-03,2.837355319421818161e-03,3.927089389372021531e-03,1.102317997794699175e-02,5.143589549207022368e-03,1.335531121921991644e-02,6.234478641126224054e-03,4.961653641105079511e-03,6.066006315731648814e-03,1.602433598245394525e-02,3.945301376110133505e-03,1.200204681474674288e-02,1.208808166861153992e-02,8.110747170483923602e-03,1.115438831963909069e-02,7.849105823247482655e-03,8.545717535608964716e-03,1.054060046268895205e-02,6.688809618286076404e-03,8.854565586996474003e-03,3.997279311018690252e-03,1.878902553329589789e-02,7.945876215390852010e-03,3.104252257753590226e-03,3.522440996547036678e-03,2.475827676416119619e-03
8.188017862791616489e-04,1.556607562819427605e-36,1.556607562819427605e-36,3.825909955950826478e-04,7.360508412575052012e-04,5.694137157184613355e-04,4.959044002402723762e-04,1.033304815193827235e-03,1.917740049332106352e-03,1.503189978431313228e-03,1.331801442978093088e-03,1.110663513450480715e-03,1.431406160731654199e-03,1.675720877547692833e-03,1.030218640486555782e-03,1.972338567953784393e-03,1.345738939255623117e-03,2.345071645783635122e-03,1.443737416879365939e-03,1.285605247050012169e-03,2.330128595670121622e-03,1.620435187005698184e-03,1.577134263939891266e-04,1.329156474040882894e-03,1.110016933844999503e-03,2.500977658527419809e-03,1.159073897565857190e-03,6.963206911361164916e-04,1.358972696836528759e-03,6.720933060387436269e-04,5.270018918479891547e-03,1.152111449080414629e-02,2.978951575421195236e-02,1.537337023533962010e-02,9.623256439953299657e-03,2.302691889496043167e-03,2.574640086683380527e-03,4.433286218333205506e-03,1.663765375158410189e-03,1.784557040333598424e-03,1.090942186936403983e-03,1.044298915455687963e-03,1.029315007818508041e-03,3.698481624413304473e-04,1.426359392412886184e-04,6.839615519416553232e-04,3.305513849588182949e-04,7.473397252359692284e-04,8.793904353526581881e-04,4.929892856878400221e-04,3.007552028945433432e-03,3.957015432613074368e-02,3.239208344033402132e-02,7.951017768704824948e-03,5.326875527498329752e-03,2.816014897141342482e-03,1.500784871383893009e-03,3.443417569778201774e-04,6.525523408331555721e-04,4.826541516169410330e-03,5.954273187257612572e-03,1.277409292043544912e-03,5.775742416027092709e-04,3.501045077998506789e-04,7.187067569798616601e-04,4.693608371006847144e-04,4.311498290358907335e-05,3.169632021443466387e-04,7.216433303219656377e-04,1.929143654597792771e-03,1.813414811808210019e-03,1.872576626549445761e-02,1.436790187296095866e-01,2.550269057377881760e-02,1.619614901193392256e-02,2.025180824953894468e-02,1.089649871628617650e-01,1.554943861294245944e-01,1.409181414851096437e-01,1.167578580325667609e-01,8.955210266136946762e-02,5.748203203584659887e-02,7.769194643327330396e-02,1.438864085690437222e-01,9.309604957220912747e-02,8.268439390470149093e-04,1.968085558245061782e-03,3.556787924639594894e-02,2.160343649674007632e-02,1.437799023503445739e-02,9.432192737710624192e-03,8.039192648061502591e-03,1.455965046616354390e-02,3.586224877935655780e-02,4.636230174610670579e-02,3.987268791825746006e-02,5.005060509233771882e-02,1.071019260799247336e-01,8.581020020282459360e-02,9.695753689884113735e-02,3.948143499202538820e-02,4.628091317828644108e-02,2.395975644901923024e-02,1.238081440226068870e-02,3.528333332695825914e-02,1.065730808489321058e-01,6.420438604456690790e-02,1.672737405391203913e-01,5.902221686073868406e-02,1.018129217451959057e-01,2.021638342561021123e-02,5.410069279244734963e-03,1.063778327800718676e-03,1.681640349942311544e-03,1.018991988569389233e-03,1.759104244968738649e-04,1.074788023944071901e-03,2.343371826618746451e-03,1.158381254909423425e-02,5.826284711552124664e-03,9.955446969311554373e-03,4.174934955566250196e-03,2.682654245382722416e-03,5.698063991692408486e-03,6.423276098241777893e-03,1.002538876269802245e-02,3.450050459085584297e-03,1.945985786552730185e-03,3.764224269715006448e-03,1.936763918060127251e-03,5.030886313067134755e-03,7.218730675903958262e-03,3.351549613719500241e-03,4.432967329078565076e-03,3.190715308731543586e-03,9.152676989869725681e-04,3.606908889170147049e-03,8.619749292864457846e-03,1.301166720965740362e-02,9.043407369201183349e-03,1.433927039931542219e-02,1.038226615492154718e-02,3.395505054167056308e-03,1.521045580679204236e-02,1.538695908605315285e-02,5.930881199032391089e-03,5.019954172508037452e-03,8.761385565303824591e-03,4.369947355117040702e-03,1.178535339611544788e-02,5.409559414760837202e-03,5.971012245197464263e-03,4.191119908629152048e-03,1.861157315782081692e-03,2.054020947390096212e-03
1.136028637223266205e-03,1.493349899052232320e-36,1.493349899052232320e-36,4.142962193348123353e-04,4.704866113576054308e-04,4.448167531437330932e-04,1.537030950364063264e-03,3.387208261542626591e-03,3.677002094960189413e-03,1.119547850844914956e-03,1.305363532492729304e-03,1.260896300245193790e-03,8.573259206508401049e-04,1.517617698690141518e-03,2.348935390582861105e-03,1.699162649983433984e-03,1.862232360917021002e-03,1.366019954970648133e-03,9.572835292042669586e-04,3.788350668419751522e-04,3.241205636542460059e-04,1.265245758003597084e-03,1.147786482000582057e-03,4.319819209265013545e-04,9.653587768722973229e-04,1.832945773343771720e-03,1.036051909016636775e-03,1.609399917928312643e-03,1.482774553703761948e-03,2.264225542316531444e-03,3.634521481412881280e-03,1.070575511573310448e-02,1.156540915288644007e-02,1.235470428434155572e-03,7.007578276495652313e-03,1.951031114105509709e-02,4.930547896557268064e-03,7.573705978156955627e-03,5.348011554064549186e-03,1.194320162468805006e-02,1.458883049808040906e-02,1.259137975544097690e-02,8.036501422371968711e-03,2.822228707031882670e-03,2.733943617461389707e-03,2.579166902516369288e-03,7.274685375071967327e-04,1.228953917208168867e-03,1.630824422460428955e-03,1.508303002726283509e-03,7.868676052682519600e-03,2.728881030770629809e-02,5.208497686564165195e-03,2.425923940366441368e-03,1.680213271215633998e-03,1.141529325983744146e-02,3.660379821457533656e-02,4.266342126398757137e-03,1.596877760737732809e-03,1.780361257224690949e-02,2.979112804122359404e-02,1.038252145458864713e-03,6.152323820188644122e-04,2.429176766482952750e-04,4.737180017065373977e-04,8.682855697041519892e-05,3.629226051440265829e-04,5.482641916051893098e-04,4.697298243858774244e-03,3.791671906158592103e-03,1.096508430199912313e-03,6.764683532921222410e-03,1.470026852478217849e-02,1.202051007137762140e-01,1.391589094774987601e-01,1.111482257645263899e-01,3.763454089327129826e-02,1.718114874439457748e-02,8.193530320694479563e-02,1.314019439009463663e-01,1.556640648039409325e-01,2.102259732700352546e-01,2.047554579902282068e-01,6.694043306810086580e-02,4.393091998328476321e-03,1.849328442732315475e-02,4.121074129962869204e-03,1.509439469686411558e-02,1.004709056466042937e-02,2.645104047131344085e-03,1.536283508455705974e-03,1.896100083909967038e-03,4.066414811091616580e-03,8.534257621396586918e-03,6.452269394577342214e-03,7.009140821884010143e-03,3.393288302758730446e-02,7.268762273145980453e-03,8.342706915478325172e-03,1.215020054729318635e-02,1.429736813534308957e-03,9.750734391601604059e-03,3.289896310350907266e-02,1.801834803692786355e-02,4.442045944033625599e-02,1.834544516656984314e-02,8.491866318557151835e-03,1.820994891488815492e-02,2.934438409781582949e-02,5.768882122194554304e-03,5.365005468084924067e-03,4.448537377638515748e-04,5.302515387415336623e-03,4.157348835119678218e-03,9.676010306453445599e-04,3.528559613450844390e-04,8.597404318448602237e-04,2.182416997183933040e-03,3.857337720778665664e-03,6.494907260555765616e-03,8.774889953894041139e-03,4.938756809374201216e-03,3.094609476881025022e-03,5.521898514017618310e-03,4.850202999845960872e-03,2.074245411957773618e-03,5.716304293702423669e-03,3.801031324604740944e-03,1.915633847670891515e-03,5.324756827964962150e-03,2.995515506739510406e-03,3.242196644084568372e-03,2.702429193365729360e-03,2.633667283106082106e-03,3.939614890666487748e-03,1.064600015454375895e-02,1.269569396469176839e-02,4.927195389722608884e-03,1.260533512422411240e-02,1.615850151312030192e-02,3.853137831149381926e-03,2.693531119541956072e-03,4.471113381074292431e-03,7.647646031187025316e-03,1.426781249135223271e-02,1.089852688473482399e-02,3.346533349676274541e-03,1.022480420502299737e-02,1.175948736978891032e-02,6.853057480247818148e-03,2.344215361044916374e-03,1.628384482933750146e-03,8.319229055728386349e-03,8.265996366621971778e-03,6.802588310545936226e-03
9.467043400704861292e-04,6.286521058269668085e-40,6.286521058269668085e-40,3.865488476278027040e-04,6.294190037406696518e-04,4.047849815756811341e-04,9.896376310359364208e-04,8.142400167612825037e-04,1.565764500957342971e-03,7.269737519531527465e-04,9.246963007448133010e-04,3.623044745900698155e-03,6.933452647574272956e-04,1.164291293770678597e-03,3.161019770652629540e-03,1.920114338527895495e-03,5.296467510557590144e-03,1.995254074163774205e-03,1.195702523296474822e-03,6.380657897912954575e-04,5.852118015442895780e-04,7.493363878322312514e-04,5.934971140421810938e-04,1.845224272744020204e-03,1.291794339442837959e-03,1.557217647658373175e-03,7.279960025447122307e-04,7.281235574464991252e-04,1.258494312294213685e-03,4.520326422249852129e-03,7.330804878334649596e-03,6.636820104227003636e-03,1.041977624117716196e-02,4.591358364651614704e-03,3.642597229559951365e-03,2.432942432578555012e-03,5.872047202015820986e-04,3.001964605855206910e-03,3.975498493712746953e-03,5.055155441251484028e-02,1.494241010743814491e-01,6.401281368795343207e-02,1.786806844288204785e-02,9.504004027857388195e-03,6.408636556584620947e-03,5.350339815179172391e-03,9.200991283544332489e-03,2.436327973314339479e-02,4.359188919947310642e-02,5.070499678525213633e-02,9.921969488290363626e-02,4.937122494501513387e-02,1.037863872747468719e-02,1.091341205078227850e-02,3.571789097761617938e-03,9.661387614067090679e-02,6.097245925245543124e-02,7.577180154850310378e-02,5.439672167416572529e-02,1.202755470470764781e-01,7.196990124851360138e-02,7.026165919029391665e-03,2.719308457367830383e-03,9.160693120595703913e-04,3.572465204718478318e-04,7.894257463010857746e-04,1.363424525244341092e-03,1.989493254247038626e-04,6.289700456053883525e-04,8.174647156402427631e-03,1.049171638898453024e-02,4.964241673327922377e-02,4.167284566912095312e-02,4.450695867467945044e-02,3.685245890959832488e-02,1.640015940144353562e-02,1.040705687403437399e-03,4.710199832261034378e-03,6.824476799679269311e-03,7.800935342729597467e-03,1.356951043984007746e-02,1.076327750416527368e-02,3.370136779719716882e-03,1.443369521085925873e-02,1.449758400743082537e-04,8.242049657481184677e-02,3.916840122999183660e-02,8.430412638709305906e-03,1.937104914342587360e-03,3.210185218689865644e-04,4.770352689385094856e-04,3.226857120200832111e-04,6.079324205281765644e-04,7.248434134868380566e-04,1.107454627507920746e-03,6.395228352999649457e-04,1.294367144201687657e-02,6.698267029112167474e-04,1.137364421041810007e-03,3.608742025326377024e-04,8.691483611367485781e-04,6.695856908341756876e-03,2.941505342767561718e-02,1.460983514229545199e-01,6.130601173973341395e-02,1.378714688253237716e-02,2.521283017818682758e-03,2.146464769310270273e-03,1.975353896888840978e-03,1.052633788158358324e-03,3.714884345957556767e-03,9.604866484319933215e-03,3.670866347785870648e-02,5.123871065799005461e-03,1.217407435384891892e-02,8.115908482046806788e-03,9.982416964095691334e-03,4.583583057760473069e-03,1.013062070538993907e-02,3.675965723766366940e-03,1.861429454643384954e-03,2.035865076829763889e-03,3.479699901402517458e-03,4.367729051178111978e-03,6.187920431400708091e-03,3.506738158655542392e-03,1.333269527134875671e-03,1.853016721211418359e-03,2.027266810514109178e-03,9.363561045713043656e-04,2.376461473045115950e-03,3.619377978234260967e-03,3.076988924521518055e-03,1.121177298648831904e-03,1.704632994093434502e-03,1.295601816408537520e-03,6.445630406717397544e-03,1.542772183691649979e-03,1.153242015844796464e-03,3.671001836313811731e-03,3.220029091525852556e-03,3.674090628626710663e-03,1.464967533575525305e-03,4.109969919605807077e-03,3.928600522662002194e-03,3.825156239338680080e-03,2.716162684641564625e-03,2.591828966565588865e-03,2.421790082671017655e-03,4.564736096520074712e-03,1.829163601961819770e-03,5.426118352050719046e-03,4.332920619866297701e-03,2.505999381997375645e-03,2.154267140217356030e-03
7.067522251450591986e-02,1.666666666666666852e-01,1.666666666666666852e-01,1.254265155425967615e-01,1.026220117562993001e-01,1.201897955595803286e-01,8.043497303320340519e-02,4.868397254876586505e-02,3.485661580658662440e-02,5.189956302256153176e-02,4.769696421605949810e-02,5.650773304908939670e-02,3.610019840511557304e-02,2.577930935990288552e-02,8.315190857260719090e-03,4.905843912532367387e-03,4.273082339696375291e-03,2.957267527798494548e-03,2.293175135659812972e-03,4.242648489983519809e-03,2.481979651520102234e-03,2.494112800496096211e-03,2.065241542198480770e-03,3.007591007402168719e-03,2.736191617057684693e-03,2.781521498035115225e-03,3.336784338666668251e-03,2.456668308081641321e-03,2.052407907980801239e-03,5.191515424475361823e-03,1.194372811323280402e-02,2.982024674459020017e-02,9.214511146915554951e-02,5.361495189686558971e-02,8.985767274700401722e-03,3.830488702219300712e-02,7.168362404352111861e-02,2.268504391857463845e-02,2.256041790594343899e-01,5.714003842617101925e-02,9.067530967092103308e-03,5.758566468797245499e-03,1.160033511349918122e-03,3.567397097264446209e-04,1.452338928889648968e-04,7.242318786602083792e-04,5.620795024575150987e-04,5.562786088579101638e-04,1.605300013891322814e-03,2.757698801080492573e-03,8.081240723656875694e-03,5.508603679755863514e-03,4.132234950819729628e-03,3.551880833693238891e-03,1.024190619176354846e-03,1.630625783439521373e-02,1.511490883016949373e-02,4.008321749097717469e-03,3.568994993482511782e-03,6.591158794327336284e-03,2.417312558600213414e-03,1.970930478941969495e-03,2.769245016516346815e-04,3.527960025229245791e-04,2.000612262993527863e-04,8.879022113897806908e-05,4.445210722624321170e-04,8.417888101821721083e-04,2.748118128113399145e-02,6.524385608061841757e-02,9.985793569724629726e-02,5.540543179394576828e-02,5.461838009123769558e-03,6.618724996673820173e-03,1.980943630899534205e-03,4.570600149117010590e-03,5.568577749904845588e-03,3.725340948137010038e-03,3.226297818711830034e-03,4.699579665945465175e-03,4.683056354033397761e-03,3.771944474170904095e-03,3.431742928970938147e-03,3.160448504739636535e-03,7.698297737874836098e-04,1.508136281899404886e-02,2.499247401456774955e-03,5.093654573518278635e-04,3.995120562810939788e-03,5.789081062108973087e-03,2.170556335112937534e-03,3.375431354180710719e-03,3.202769093103797517e-03,1.204369319724709437e-03,1.420687073703085857e-03,2.080203126295550060e-03,4.755855185979226615e-03,3.378034451139603567e-04,9.475286111421819986e-04,3.144809413364272211e-03,1.805499715201044561e-03,1.470768859562603288e-02,1.589033562405775535e-02,1.380456963284938839e-02,5.332786349392269407e-03,9.530208231113214586e-04,1.341448431925609938e-03,7.597856274239436552e-04,7.375396144646757021e-04,6.256250724341095876e-04,1.417411799754888374e-02,3.212014998711739538e-02,1.387243170485451954e-02,1.367848908156986919e-02,1.111425632325131578e-02,3.502673600161223654e-03,1.428914560232523272e-02,4.128699554909683739e-02,2.369369148851665705e-02,1.167167163046945767e-02,1.283456735709745562e-02,1.188168271884906119e-02,1.745129316155513005e-02,2.171552561123728589e-02,2.960801897738893351e-02,2.318698147004649365e-02,4.386142791674754043e-02,2.220131399078902404e-02,3.327367385908141378e-02,1.488866130335245348e-02,1.472562589280249079e-02,1.067034658998511701e-02,1.696044685200414487e-02,1.178826226756275047e-02,4.534268601398194418e-03,1.170793729685184852e-02,1.449776123771464274e-02,8.469792895328457499e-03,1.144999285482258683e-02,1.694004521886311940e-02,7.499747733930616986e-03,3.906285995850229328e-03,1.563150140511785149e-02,8.707673596376849789e-03,7.900713541028239750e-03,1.324264162830460223e-02,1.667081494821375312e-02,2.123816205834208604e-02,1.542180402042994496e-02,1.419475167935060900e-02,1.512717309661662859e-02,1.273329892594989542e-02,9.070397271975685904e-03,9.016315735797086894e-03,1.686196970235909198e-02
6.284921382401538340e-04,2.079191726067757437e-37,2.079191726067757437e-37,5.487610072322716796e-04,6.382513908310542047e-04,4.795660923001694156e-04,4.698406197117160400e-04,9.228583497882385548e-04,9.726132946970502844e-04,1.305205228990996341e-03,1.125145350268620019e-03,7.285315347455259983e-04,9.302271565893641386e-04,1.265961620043925834e-03,1.451841351078731347e-03,1.849703091077401331e-03,2.518167814141088288e-03,6.951078638100393128e-03,5.833348453563737268e-03,1.969773132571130039e-03,2.217821979332300179e-03,5.413777718233396194e-03,1.696121234474112522e-03,1.933935445693668294e-03,3.961136784301781157e-03,2.195806160602575309e-03,3.005296280698205313e-03,1.890517451722134937e-03,1.989401781758330396e-03,2.516801385323047275e-03,2.212579525088302591e-04,1.209230692176536731e-03,1.095933824291382220e-03,1.324867693872432573e-03,3.196946581446017841e-04,6.493001832662705477e-04,1.122166459724307629e-03,6.343733430033575210e-04,5.172771326744171486e-04,4.043608849336369215e-03,2.865896595578985157e-03,5.754600051895298728e-04,8.823900315530491681e-04,2.931346982293224664e-04,4.845509987817605180e-05,3.474058696265929706e-04,3.136791526799722653e-04,8.204362335421243226e-05,3.236299227285974428e-04,1.224234488828681352e-03,2.731480593000820429e-03,7.019937469916207040e-03,4.254210375228057090e-04,1.107123604860094741e-03,1.410545039038231660e-03,8.211714930157452963e-04,2.790077520333087563e-03,1.262952278610674156e-03,1.096679342785232634e-03,1.148275491013632564e-03,4.322361010000181497e-04,2.674477123250738474e-04,3.484113324854473995e-04,1.187222066201238215e-04,1.231677117368803781e-04,1.701885396296189685e-05,1.835159048914505420e-04,6.842470881751756264e-04,7.074418252685705545e-03,1.132544681320374336e-02,6.832524387244488621e-03,1.883594914295759048e-03,5.955727894842697840e-04,7.400272465225608094e-04,9.635720595752969488e-04,6.601426564146138090e-04,1.195815451498591662e-04,3.980700600525510823e-04,6.868138882682790118e-05,2.180556395821700339e-04,2.113556873175288174e-05,7.172004945148800043e-05,6.612064239004175191e-05,4.326995374258957902e-05,1.252569694562661543e-04,7.141118029968393987e-04,2.761200995740218257e-03,8.808072975768339516e-03,4.955203503266603776e-03,7.572663694812472842e-04,2.473728129205548620e-04,9.967805287600968586e-05,5.252358244712273822e-04,2.504627030257000077e-04,2.097650113866352493e-03,1.326514558444856322e-03,2.140464960713896365e-03,3.116768978140655941e-04,4.335758351851653385e-04,6.928109858022879746e-04,2.192934880475911263e-04,4.418802953407064446e-04,9.253958873925399557e-04,1.278316329200325247e-03,2.043266065340289023e-04,2.857370224886332348e-04,5.244787768167929543e-04,3.592331789397035843e-04,5.648808744291658208e-04,1.114283141577362447e-03,4.820746250999406041e-02,9.666056341760453918e-02,2.920048639787251737e-02,1.216371737844264798e-02,1.435467308147412267e-02,7.042323089675646755e-03,1.606359899322017115e-02,8.143593157464429702e-03,1.446881416026665713e-03,1.892954164840703014e-03,3.806076996484646785e-03,8.275379422661585660e-03,5.890511728998830236e-03,2.823844011205166836e-03,2.173870263579683309e-03,2.271135070054853492e-03,1.057923711203055542e-03,7.317006886125472509e-04,1.029058268730868517e-03,1.302914334443085274e-03,1.284909474480074899e-03,1.738171642453042749e-03,1.455820293600112135e-03,1.346315278225186001e-03,1.256418966823007318e-03,1.513823094521290179e-03,6.214845035368929014e-04,2.050326206890738367e-03,1.581110924590479203e-03,9.072713017172935861e-04,1.423731460572261014e-03,2.412038628492903149e-03,1.133595488452661393e-03,2.105122732705719951e-03,3.959282039302492416e-03,7.533153992522856985e-04,1.312396913632853145e-03,1.589841724856215239e-03,9.210777715369871483e-04,1.306638269211055732e-03,1.412955955804446034e-03,1.515022550919345934e-03,1.864573924278795439e-03,2.420708716451162000e-03,1.723311123582218400e-03
5.810041790548764852e-04,6.405049693772256481e-39,6.405049693772256481e-39,5.704835440999841360e-04,6.027371770556147436e-04,3.912668829319670451e-04,8.131545233239738510e-04,1.279695714561109032e-03,1.103350307300743132e-03,5.429663089594287655e-04,8.770096911762070803e-04,1.090895052470793481e-03,1.249223879606676602e-03,9.458983745819540259e-04,2.785236002326837469e-03,2.675736811404472431e-03,1.198927479576583979e-03,8.685482468477207776e-04,8.675595530616221672e-04,4.151505168288034328e-03,2.639018827978287414e-03,2.257965969922135028e-03,1.291170463634377106e-03,2.245433723458979160e-03,3.245298655430554208e-03,4.529145288566418202e-03,4.341796613378795869e-03,2.416940664751132412e-03,1.627575850186164987e-03,8.394343441557037318e-04,1.214663173483263503e-03,1.698962572191390448e-03,2.380868048145829297e-03,1.710632833649229417e-03,7.511119732634074196e-04,7.105615789893765868e-04,1.015044411895851080e-03,1.381126244359025517e-03,1.594015354752609508e-03,2.881479780100563992e-02,3.583302074691669965e-03,1.166151579577650015e-03,1.167902616626587857e-03,2.725280148283878295e-04,1.094333202823278423e-03,9.998857623299585440e-04,9.613866247542247542e-04,3.756222258257524015e-04,6.055592451399791510e-04,3.136548836638519059e-04,9.349457295198979013e-04,4.715285771490776261e-03,1.292153081791429410e-03,2.408430543061410977e-03,4.411865305946818935e-04,8.608481755127109138e-04,3.518140256830585341e-03,3.127053175785036564e-03,8.584305777670317439e-03,5.835880113038418790e-03,3.568298354964025750e-03,8.561984312284413737e-04,6.199767622535169807e-04,2.193057922691233957e-04,1.339122539744128180e-03,1.296204644636884690e-03,1.622269173300242397e-04,7.232397388294603720e-04,6.555170674144594756e-02,9.405516717757245182e-02,1.173323282306398298e-02,1.204559702547026122e-02,3.395046737281521188e-04,1.061702619086488542e-03,3.500052601188037419e-04,7.001441130176783156e-04,1.291681044204282631e-03,7.325855076043397531e-04,1.323663492915467003e-03,1.002877427726582343e-03,1.871393587417715873e-03,1.450314553295100999e-03,1.333637591940454699e-03,8.301454978225432943e-04,3.919353905889855195e-04,2.488692541132161030e-03,1.107120741828319108e-03,2.547142568989337053e-03,7.550600460248016975e-04,4.780544479880374006e-05,2.995516051425446951e-04,2.320363172992819542e-04,1.326830559425916812e-03,1.017962677303104304e-03,1.135136591493433357e-02,1.559582824031459499e-03,2.121360994660704147e-03,2.661539479217973013e-04,3.324509871243251278e-04,4.177753305668345431e-04,5.099341081452961853e-04,1.337074719474995151e-03,4.829914217412727834e-03,1.487752499266921814e-03,2.033093354535310104e-03,4.233782580458354838e-04,7.385433672578796318e-04,2.646352974182488728e-04,8.171692739675364510e-04,8.762987401295659756e-03,3.151143624997278236e-02,1.198473391926556039e-02,9.873722283012867623e-04,1.240298626127749916e-02,2.039384666816002750e-02,1.450641778389638592e-02,4.704631263857437379e-02,8.008883648619439036e-03,8.479349494865869377e-03,5.714513021715939001e-03,2.672792101410522564e-03,4.818803723371792129e-03,9.878366741154611178e-03,4.037142290898095183e-03,3.152492287446908951e-03,2.640743705756843241e-03,2.738963331619072121e-03,2.220515645673219480e-03,1.596957672467232700e-03,2.377175239534795679e-03,1.139091042957576360e-03,1.883304962026863261e-03,2.317303590542866502e-03,8.053604672780190947e-04,2.730750245493578695e-03,1.145143982705966240e-03,1.954087399902005792e-03,1.806421479311196530e-03,1.980689848273132613e-03,4.417975628708587128e-03,1.602763338680529255e-03,1.271481906938548871e-03,4.049357069152409450e-03,7.631065764216282514e-04,1.462033011167442140e-03,2.245721179803098193e-03,3.991025249600914197e-03,2.553683042220912264e-03,1.461542018817826123e-03,2.841225286980333768e-03,2.665777577228134031e-03,2.046681285650796701e-03,2.588126978471101073e-03,3.021861496404904847e-03,1.148545459246419270e-03
1.114183025800149921e-03,3.143757537795537450e-36,3.143757537795537450e-36,7.163955880930323759e-04,1.071073780493562435e-03,3.811083351049369202e-04,1.289980869339552852e-03,2.142930019020293508e-03,1.812595252118907093e-03,1.150598923429041638e-03,7.875291592467672771e-04,1.254746441143962015e-03,2.245423242090313805e-03,2.462401441075560103e-03,1.984433023947992317e-03,1.913060529762151529e-03,1.309454048183209852e-03,4.094365611973034189e-04,9.263554250824801916e-04,6.575489689322018202e-04,3.107509057228901358e-03,5.615621117030823728e-04,1.425175257008555159e-03,7.159784038475234917e-04,1.774068355526183536e-03,6.344727789062672499e-04,8.356245095319497079e-04,1.409000292414423717e-03,8.506692564597672377e-04,3.896684990669934626e-03,6.221982926603522243e-03,2.928888626186014216e-03,1.092690835908754522e-02,8.917202582986305873e-03,5.292330306331994964e-03,1.186851890870779108e-02,2.032812544633806964e-03,2.383710285307017850e-03,7.959652269362722452e-03,5.160392173776414239e-04,4.672624156626102067e-04,5.492777191215600764e-04,1.035165250511323708e-03,3.812334000776315874e-04,1.423908059028809931e-04,9.608082173137199233e-04,5.364988622324413144e-04,5.217288912168417019e-04,5.908588724676057434e-04,2.801437817212754978e-04,2.701572410927017740e-04,2.893699740421663662e-03,1.176363443916320301e-03,1.440984295954001295e-03,8.216422203695377541e-04,2.999334665936677314e-04,2.519948375599688224e-04,1.419542145987576177e-04,5.923552625004814510e-04,4.824888579862752808e-04,6.942426906473579597e-04,1.920541431169624691e-04,5.793977463252680208e-04,3.331744783405231889e-05,6.168057048810039354e-04,6.311112781832532704e-05,6.940606372185114965e-04,3.247902302033783177e-04,8.206807959786142481e-04,1.647563687763000956e-03,3.687010485859968691e-03,3.007319088998595003e-03,2.356383839903069925e-03,2.867216870887543193e-03,2.723712891586715142e-03,5.464568246325010245e-04,7.799403838456266981e-03,9.826349850003419928e-03,3.999932849063105728e-03,3.940253488444730307e-03,3.530537257038373049e-03,1.754521210679594852e-03,2.093391031824289733e-03,1.290575402076574694e-03,1.795102229861871533e-03,2.837507047930959078e-03,5.817003073617801152e-04,3.632565341651218093e-04,4.126931225672086402e-03,4.516275657124329060e-03,1.845175518050505559e-02,2.260196444144504588e-02,5.365441958145392154e-02,9.927745290227396602e-02,3.633732145986876688e-02,4.166303185688504523e-02,1.764000573406069791e-02,1.228893052744398908e-03,1.545632059915563088e-03,8.743150831578585386e-03,3.438891293785888842e-02,3.318270247654154376e-02,1.880566618238738164e-03,4.015396134161600627e-04,1.889900589063428157e-03,5.303391953543887261e-03,4.921746552634803651e-03,6.685051765938519654e-04,3.517150481347123322e-03,5.482119889681350867e-03,9.423903297291118340e-04,1.767570998852160697e-03,4.061116617343386859e-02,3.458004609259252710e-02,1.452441424254518818e-02,9.881646184810057021e-03,5.695700113563201099e-03,4.149203984871567726e-03,1.823589760451709355e-02,1.713083477241703415e-02,2.507710476566710200e-02,2.488119963657989611e-02,2.521953769426941994e-02,2.570891625195844549e-02,2.683643610507068303e-02,4.224235628214782073e-02,4.900505134447939205e-03,2.111157061979435437e-02,6.601632108233008132e-03,1.708000586294611267e-02,5.461968284898694251e-03,7.245793915754924520e-03,5.370692511210383747e-03,1.025142445621870894e-02,3.081130367562778891e-03,1.127376637390880426e-02,6.865644159283899178e-03,6.638353306382648901e-03,4.568672449986746834e-03,1.305732557423326320e-02,4.960534568763394839e-03,1.498596563132155619e-02,4.338367478272746151e-03,3.732741764526615550e-03,2.630958432475411467e-03,3.106178425101945636e-03,6.436648224648206830e-03,2.735876822286536537e-03,6.895988156539958544e-03,7.996662289854591585e-03,7.384647828634247416e-03,7.162847314398613011e-03,2.945007867122654849e-03,6.166758294170904264e-03,8.154798819747293911e-03
1.743070482458697334e-03,0.000000000000000000e+00,0.000000000000000000e+00,6.446993446154341591e-04,9.436304292601184343e-04,7.324729236560344322e-04,2.413451366899501283e-03,8.037768305374488539e-03,9.921647928260817623e-03,4.024082142605717172e-03,2.911762049965724731e-03,3.516216380244156867e-03,2.161427521019433813e-03,6.973219273324023255e-03,2.597444963266451814e-03,1.460752705559709456e-03,3.274393122246420894e-04,6.965099304907137719e-04,2.257234146081013929e-03,2.089280355972312174e-03,8.129468562942763089e-04,2.002662231142590416e-03,2.146097763552853779e-03,1.293431259628394789e-03,1.038791033868978432e-03,1.187883765865616623e-03,1.808870414844666831e-03,2.235049052784202593e-03,4.762809144439819273e-03,2.538535455958842481e-03,1.701552123156494303e-02,3.466440296943167770e-02,5.150966332140921415e-03,9.541854873909549548e-03,1.863550781198677897e-02,6.477694445522736745e-03,3.317399020967386897e-02,6.667001212637592433e-02,4.873165622417559989e-02,1.950290179801222878e-03,5.947548844281162110e-04,1.731315171663496116e-03,3.916406845973918402e-03,8.087679636102570752e-04,2.058639829055765140e-04,2.468113015461893128e-03,1.245083455249000734e-03,1.552633989648606865e-03,1.645395669423485628e-03,8.398698278048252622e-04,7.905414792853738323e-04,2.988280586247088044e-03,1.219796095600395426e-03,3.256049272666770248e-03,5.604213565434081534e-04,5.636976570668108394e-04,7.237487721508867105e-04,6.679267995366985683e-04,3.627832216827895696e-04,5.127927309925800307e-04,8.798695185329813385e-04,8.191417895365390219e-04,2.973731987649970562e-04,5.753458168267838388e-04,2.187129142873931386e-04,3.168006714359749101e-04,1.417883713873832000e-04,3.499268585810063909e-04,1.431633664360308601e-03,8.478625339632700920e-04,4.307618119735618376e-04,1.468160613227360639e-03,1.959357771567884349e-03,7.677545942030195199e-04,9.536014038471310765e-04,2.235288377610142579e-03,1.233202999577963452e-03,1.519016832113039049e-03,2.018551206280059379e-03,2.282738375138218968e-03,1.898145832103995904e-03,1.109983773107326138e-03,3.807351923139157615e-03,4.413881461348148627e-03,9.961022546628285970e-03,4.052706143721259389e-03,2.673691362706108812e-03,2.026809213207586557e-02,2.693202580237828367e-02,4.440466947037480239e-03,6.848324771763750381e-04,1.791555304775377909e-03,9.408165703869578525e-04,1.474989138641485996e-03,6.329056488890991497e-03,6.109795024183962454e-03,3.550371941287308597e-03,5.821212560599051643e-04,1.095194520652565404e-03,1.811154879223641351e-02,5.372088868520122351e-02,5.590509925199076136e-02,1.825731646486965232e-03,1.803339855137523666e-03,3.109090256632159217e-03,1.319423332947342129e-03,1.157367920420920761e-03,1.226079323724112114e-03,6.505164897080401194e-03,5.051936422742937804e-03,6.219325285323933691e-04,4.977241114336891821e-03,1.817263149947836998e-02,2.113031212570835177e-02,8.493859079952394836e-03,5.218819967538427390e-03,3.157121731757121623e-03,5.515714294313252275e-03,6.772473153964087347e-03,1.065010637180401586e-02,1.255432903645364168e-02,8.418380893064717277e-03,2.922676939316902478e-02,3.835815883369415868e-02,4.085222122855779181e-02,1.628070965966843878e-02,9.824593337994484352e-03,1.439591602739639931e-02,1.928332519938005807e-02,1.275358728631467709e-02,6.885978037489807330e-03,7.819520780498414106e-03,3.945245525686077136e-03,3.932674758989432653e-03,6.545079243964074291e-03,7.922046746536787545e-03,9.356925377264686816e-03,1.007705497038407366e-02,9.415931389316355843e-03,8.998016963562675136e-03,1.774881152490445299e-02,1.325110703669810444e-02,6.091824758624838319e-03,9.982589461956922414e-03,1.491745342733131856e-02,1.063691196463822236e-02,7.303657929693166927e-03,5.673056169246401721e-03,2.530630621909120848e-03,9.571899559341231351e-03,1.099110361073307209e-02,1.700717992378040664e-03,1.321150772086187968e-02,8.799914048947784020e-03,7.863773656709168933e-03
1.644430165434625744e-03,4.508554430968305918e-40,4.508554430968305918e-40,3.906676039053268742e-04,5.843061425988051996e-04,3.211957741417525232e-04,8.033459132671992922e-04,2.045240736179145674e-03,1.840694634323708717e-03,7.737259752529892154e-04,6.732754600797411036e-04,8.111388167675034422e-04,1.025436085631208733e-03,1.034858339047318261e-03,1.553614668397358331e-03,2.174991344459037499e-03,1.002160714807733607e-03,3.171405452041482559e-04,5.510456012495464680e-04,2.365302854065130366e-03,2.366589708524631866e-03,1.445597704329183806e-03,1.642253564455835790e-03,1.693976654541861715e-03,1.029028003462827872e-03,2.962793864223098490e-03,3.662627769631810002e-03,1.409913438103150380e-03,1.190864829383404214e-03,1.376905579592041127e-03,6.066078146864006121e-03,3.848411195690067815e-03,3.761697559116229488e-03,1.920874395005125329e-03,1.351296066264288422e-03,6.675980029368124014e-04,6.669719854848196522e-04,1.275890645329229300e-03,2.369684857471244990e-03,1.980836940849941500e-03,4.229335610634382334e-03,3.378788374032649922e-02,3.604975885019361115e-02,4.204416695029726536e-02,1.692326644255414542e-02,1.005259433811567238e-02,5.663170480949677142e-03,9.971922224673303650e-03,4.582855596940629134e-03,2.212711059324716165e-03,1.762463070819308671e-03,6.173110433964274987e-03,3.045287387136634202e-03,1.002976507677140602e-03,1.134582940056453335e-03,2.098501075754724120e-03,5.848086339031147510e-03,3.144869902144380690e-03,6.757388598455494819e-03,5.885990659742505217e-03,4.374491609075217662e-03,2.643315470452926646e-04,3.204132944431522297e-04,2.177178322809119161e-04,1.982005705895569056e-04,4.487974870583285301e-04,1.874307899019244273e-04,1.703539009286414365e-04,2.067214874732101963e-04,5.943605670205513291e-04,4.223609151870070036e-04,3.042519715438505353e-04,1.674634651069385185e-03,2.015591704551891337e-04,3.655516033326176818e-04,2.869147574644722600e-04,3.502101257479427621e-04,1.218316972154313236e-04,4.675758639481005278e-04,1.286060736212541074e-04,7.128704976131816683e-04,6.078754418896112907e-04,3.726340175790637983e-04,3.753163712882805528e-04,3.230832401735002791e-04,8.512254339592739694e-03,4.145417029407928722e-02,4.708510901455804226e-02,1.542090305899036708e-04,1.240226243319665503e-04,3.023989422560528057e-04,4.293411764439778312e-04,1.603654980842921136e-04,5.084018643723795666e-04,3.451841093342129362e-03,2.920662211293347920e-03,3.679518467624679975e-03,6.004443557494021583e-04,2.414939645264136130e-04,2.158000777078105618e-03,8.290874205425761848e-04,1.510038742594635745e-03,9.065556658815163453e-04,1.131648161825212374e-03,2.018723629646569737e-03,8.493108335428707243e-04,1.253124735028910775e-03,1.043893098508912780e-03,3.035294540059447371e-04,1.365774123898234925e-03,1.746419942648002330e-03,4.262478130408988396e-03,5.450223764709167217e-03,7.427826501540860495e-04,7.096712083982515198e-03,1.017779017682520935e-03,5.637017183122143560e-03,1.171756692932097261e-03,3.601100995480450550e-03,2.763942469361011563e-03,3.491570451579007091e-03,4.402779839674213734e-03,5.051568142410273882e-03,2.826793699274636213e-03,1.200112163551878995e-03,2.629023273755123034e-03,2.528761472848951863e-03,2.052094304385108665e-03,1.160150626532443314e-03,1.043459744585632136e-03,3.293158351367619485e-03,1.984012704235029075e-03,1.096629833911904163e-03,1.043772479025487348e-03,1.331996764574344813e-03,1.171836079189049733e-03,2.405434235915238431e-03,4.828567790868583919e-03,3.775312072466370430e-03,2.320382939050030617e-03,2.683840165677486757e-03,2.425737604207475143e-03,1.584494469805644568e-03,1.858201438319330998e-03,1.818919132206363700e-03,1.143353551405583901e-03,1.751333685989217353e-03,1.408932819685104407e-03,1.439275667647621710e-03,2.915130426334343414e-03,4.087232973010544203e-03,1.312893989671954937e-03,1.633180495327126239e-03,1.269655968241638951e-03,3.648830597643643384e-03
1.922607147904417668e-02,4.606423319938056371e-02,4.606423319938056371e-02,3.452559997858208052e-02,2.815822754543687023e-02,3.309414914255372903e-02,2.188670669470766869e-02,1.301146981354337623e-02,9.814208345024371533e-03,1.397292149857044113e-02,1.285187018426670047e-02,1.559455603393056569e-02,1.737062629918745618e-02,2.133124652947189157e-02,2.108767216342756750e-03,9.874299048278421635e-04,1.879105151523184896e-03,2.410878690780451049e-03,1.368658734307280807e-03,1.239705066272991669e-03,9.009047488630797344e-04,1.282703614294615230e-03,1.832631860999170545e-03,5.735913127087276069e-03,1.350436344943444248e-03,1.645599552546984923e-03,1.212528031076128910e-03,1.009726164397316142e-03,1.547407871795847528e-03,1.683836085811637280e-03,5.761942542608120693e-03,1.652817098914706809e-02,2.439624187237723896e-02,3.221996722883471026e-02,4.403623599626577123e-02,4.028890534623230657e-02,4.769176984112979273e-02,5.311299891622708186e-02,6.202039279221512741e-02,1.952030506807777427e-02,4.052571048010048665e-02,1.855483724682079061e-02,1.012748299864503487e-02,1.142856044060496304e-02,4.680677409995510907e-03,3.904810583936232579e-03,3.547755715390849950e-03,7.169915929343363345e-03,3.174856600487110936e-02,3.601358273022322448e-02,2.935353111000940998e-02,1.709773914987594221e-02,1.861165381364055307e-02,3.960850821921419948e-03,1.398623517231120227e-03,2.618754359492177913e-02,1.814061342926888767e-02,2.053788466372049107e-02,1.464306854813076167e-02,3.235926363672443629e-02,1.994843374011005810e-02,1.751405730110436668e-03,6.465069450273950224e-04,2.328831242133961059e-04,3.352431401061012968e-04,3.693206520346067759e-04,3.568271642308326456e-04,2.563057602873654740e-04,1.847211798351855103e-02,2.930897563972817074e-02,2.692763281405041384e-02,1.830046911261903539e-02,3.916723067576501766e-02,3.352692447919355945e-02,3.832271059488930737e-02,3.020770378391510885e-02,3.015257674369850246e-02,4.208510440846671002e-02,4.227577365610898225e-02,4.516736562442963399e-02,4.635651453835931690e-02,5.798575116647908950e-02,5.767319530254812199e-02,4.196752477628213490e-02,4.748471175918071718e-02,2.202215443804926218e-02,1.424138516982096161e-02,1.438049202672487918e-02,8.340594789787752344e-03,4.177109149382790022e-03,5.444874882458453254e-03,6.538670752614249466e-03,1.982790288621175817e-02,2.758560755944128653e-02,1.577281794365179707e-02,1.819538055856783146e-02,1.503342317734579492e-02,3.910337832055882368e-02,3.288131143072330065e-02,3.061440930574621522e-02,3.002809288809813945e-02,1.831127389111765480e-02,1.157362696105845683e-02,3.944120059073388113e-02,1.981140786839636833e-02,3.439811735235771134e-02,3.795870515559561509e-02,4.553685316034338654e-02,1.688991532301129667e-02,2.805057136893297082e-02,1.388214009530865448e-02,2.580829648060242384e-02,1.404496432302267117e-02,9.801654403364825838e-03,6.191353233730314751e-03,4.313469026367819717e-03,1.232548986609367965e-02,1.039991191615589373e-02,5.976918447027603637e-03,1.365607716192477825e-02,6.820980698740470791e-03,5.867310793072151066e-03,1.028243408292206854e-02,1.260554089294628304e-02,1.229163927318065175e-02,1.334648179686351646e-02,1.126315867092970123e-02,7.431834402168241427e-03,9.313055670038889594e-03,5.560488963188075021e-03,4.204083578375979874e-03,3.052989098840721074e-03,4.512378741332908304e-03,3.804096386130466009e-03,3.427633379290982545e-03,4.246462659053529959e-03,4.267439580962413201e-03,2.790652245144183401e-03,5.207260376063681945e-03,5.365014338738536767e-03,5.241324915131792724e-03,4.792767341469120201e-03,4.063660850356781706e-03,4.466138351771435470e-03,5.146217166630298774e-03,4.090660488607085650e-03,4.227025624375430404e-03,5.400592449539712812e-03,4.480457000684525543e-03,3.899767093374012245e-03,5.464336412663912783e-03,3.512892335936217744e-03,3.468890808001066743e-03,2.673611529568414077e-03,4.361865137120066530e-03
0.000000000000000000e+00,-9.170487703209670785e-03,0.000000000000000000e+00,2.501042100875364681e-03,0.000000000000000000e+00,-2.501042100875364681e-03,1.667361400583576526e-03,3.418090871196331759e-02,2.501042100875365548e-03,-2.751146310962901409e-02,8.336807002917879378e-04,3.334722801167153486e-03,2.917882451021259343e-02,3.918299291371404869e-02,4.085035431429762109e-02,6.335973322217590409e-02,1.542309295539809333e-02,-2.626094205919132785e-02,7.086285952480175787e-03,2.084201750729472447e-02,1.625677365568986565e-02,-8.336807002917889786e-03,-7.503126302626089705e-03,1.667361400583572406e-03,-7.503126302626089705e-03,-5.418924551896631137e-03,-5.002084201750717218e-03,-1.167152980408503460e-02,-1.750729470612755190e-02,-1.167152980408503460e-02,-2.751146310962901409e-02,-1.542309295539807945e-02,6.669445602334303502e-03,-1.417257190496040709e-02,-2.501042100875358609e-03,2.917882451021258650e-03,1.333889120466860700e-02,3.709879116298457624e-02,-1.208837015423092076e-02,-2.292621925802418303e-02,-4.293455606502709354e-02,-4.293455606502709354e-02,5.835764902042520769e-03,1.667361400583572406e-03,0.000000000000000000e+00,0.000000000000000000e+00,4.168403501459000404e-04,1.667361400583572406e-03,0.000000000000000000e+00,-8.336807002917862031e-04,8.336807002917862031e-04,-3.751563151313044853e-03,5.043768236765318325e-02,1.729887453105460327e-01,1.087953313880783979e-01,-1.596498541058774534e-01,-1.654856190079199707e-01,-1.417257190496039668e-02,-4.168403501458965710e-04,7.086285952480203543e-03,1.112963734889537148e-01,1.642350979574822845e-01,9.253855773238850446e-02,3.959983326385996261e-02,1.542309295539806557e-02,-1.250521050437713999e-03,-1.375573155481446541e-02,-4.376823676531887974e-02,-1.904960400166736401e-01,-1.329720716965402116e-01,1.542309295539807945e-02,-2.375989995831596924e-02,-2.250937890787828299e-02,8.336807002917862031e-04,6.252605252188417340e-03,1.542309295539807945e-02,1.292205085452272084e-02,-5.835764902042517299e-03,-2.292621925802417610e-02,-2.292621925802417956e-02,-1.125468945393914150e-02,-4.585243851604836260e-03,4.168403501458948363e-04,4.168403501458931015e-04,1.667361400583577610e-03,7.503126302626094909e-03,1.000416840350145872e-02,1.250521050437682080e-02,3.751563151313051792e-03,-5.418924551896624198e-03,4.168403501458931015e-04,1.250521050437679305e-03,8.753647353063775949e-03,2.501042100875365548e-03,-6.669445602334303502e-03,6.252605252188410401e-03,-4.168403501458931015e-04,-1.709045435598165880e-02,-7.503126302626093175e-03,-4.585243851604837995e-03,-9.587328053355563887e-03,9.170487703209670785e-03,8.086702792830346986e-02,-1.250521050437686243e-03,-7.544810337640683873e-02,-7.503126302626093175e-03,-4.168403501458965710e-04,8.336807002917896725e-04,0.000000000000000000e+00,1.667361400583575876e-03,3.334722801167155221e-03,4.585243851604834525e-03,1.250521050437679305e-03,3.751563151313051792e-03,7.919966652771982807e-03,-2.084201750729465508e-03,2.917882451021258650e-03,1.250521050437679305e-03,8.336807002917862031e-04,1.458941225510630019e-02,1.375573155481450011e-02,8.336807002917889786e-03,1.834097540641933810e-02,4.085035431429762109e-02,1.042100875364734835e-02,-1.625677365568986565e-02,-1.292205085452272084e-02,1.709045435598166573e-02,1.375573155481449317e-02,-1.208837015423092076e-02,-1.917465610671112430e-02,-1.000416840350146219e-02,1.417257190496040709e-02,3.334722801167144812e-03,-5.002084201750717218e-03,-1.000416840350147607e-02,1.917465610671113818e-02,-8.336807002917889786e-03,-1.458941225510629325e-02,2.792830345977490025e-02,-1.167152980408503460e-02,-1.250521050437682080e-02,-5.835764902042517299e-03,7.919966652771989746e-03,1.375573155481452092e-02,-5.418924551896631137e-03,-6.252605252188417340e-03,-8.336807002917875908e-03,-1.000416840350146219e-02,3.334722801167158690e-03,9.170487703209662111e-03,-9.170487703209662111e-03,-4.168403501458944893e-03,-5.835764902042517299e-03,6.669445602334303502e-03
0.000000000000000000e+00,-2.231891451662005904e-10,0.000000000000000000e+00,6.086976686350923431e-11,7.259465324182821257e-11,-3.667154911623316776e-11,2.099673688066053016e-10,1.183883638622752896e-09,-1.811124106092513924e-10,-6.343927763636444358e-10,2.028992228783639851e-11,1.037363512664069937e-09,2.563930495208127419e-09,2.958004054586536553e-09,7.727315569449973017e-08,3.424203068763387685e-07,2.405891996709382569e-07,1.049720549570150991e-07,8.409356952404683779e-07,1.949079962748779721e-06,3.109999808251457844e-06,5.150927410598340053e-06,7.937091227366334378e-06,3.238021123998212900e-06,7.644171749660788530e-07,1.437559578083227890e-06,-2.540230637362824774e-06,-2.918158305987454194e-06,-4.488844678088550289e-06,-4.919095301857541076e-06,-4.081473688628721286e-06,-4.257974851660428279e-06,-1.799757725102125250e-06,-1.110453094000626958e-07,-4.039049024846642498e-08,9.335024957467241681e-09,4.302477006194445508e-08,1.375423781321553210e-08,3.392444369544861807e-07,1.466439052270028303e-03,9.309340610058008600e-03,9.658355669165306912e-03,2.422311840625907681e-02,4.006710874253779919e-02,3.499338223583488283e-02,6.445488872444982142e-02,1.517615280356723884e-02,-8.505098678071489060e-02,-4.948965630602510102e-02,-1.703613471026615978e-02,-3.219468563477293627e-02,-1.299209524920806429e-02,-1.539048583264008164e-03,-3.709887901040737936e-05,3.861245141410212661e-04,4.036558603621073250e-03,3.736679283770218823e-03,3.335476304638139780e-03,-1.032203928703692708e-03,-6.756340726810030131e-03,-1.833995404904767423e-03,3.756233619160882602e-03,3.860324099241173486e-03,9.177772584586588178e-04,-9.761896665237204673e-04,-3.653830150991063674e-04,-1.088680297318128307e-03,-3.658192685676485423e-03,-3.961370590752789217e-04,2.711900882464874339e-03,1.108404570293438675e-03,-3.762266933486092466e-03,-3.566890144043726243e-03,2.542501593792869871e-03,4.020654946899291857e-03,-9.892148646661984290e-04,-2.902592130619905363e-03,-1.141420047424106070e-03,-8.982880023982427534e-04,-2.072979575110176897e-04,5.336243138677823628e-05,1.268551844291648020e-04,-1.104789567122307133e-04,-4.982226084167505620e-04,-7.521636733360849425e-04,4.414495506868751015e-03,1.675746088602938361e-02,1.062142686147565102e-02,6.139219201814608007e-03,2.348284755724321798e-02,1.383360354827486982e-02,-1.280517768069788787e-02,-2.387744648738444886e-02,-1.942570585525619023e-02,-1.213491382236060560e-02,-6.611924839597548530e-03,1.996784148767510175e-04,5.006901057573307466e-03,-3.611812354381953305e-04,-5.023428472352950945e-03,-5.555827805703071696e-04,-1.972146878343282851e-04,1.397229391238640058e-03,2.636919911735877489e-03,6.559671551408875582e-03,9.963722055290525140e-03,4.382313893107850356e-03,-1.797471502370383278e-03,-6.173393550795876900e-03,-6.284236664183014479e-03,2.733360628268859463e-03,3.550207092810359760e-04,-6.304564557164373147e-03,-3.459846288339205739e-03,-9.668659212291198096e-04,-1.250334674233587878e-04,-1.170769461703331489e-03,-1.097061443880520751e-03,-5.081285168619404519e-04,-2.209765021748502666e-04,-3.278630607292283290e-05,-1.172517902031035256e-05,-3.601861767321089959e-06,-9.580144209177184619e-07,-2.017101436901219337e-07,-4.625303113314177108e-08,-2.373429759199656258e-08,2.966569090496051427e-09,-2.205780039955311133e-09,-8.545797252707284339e-09,-4.124009176399621293e-09,4.442990258667350510e-10,-1.887294913781284280e-09,7.883131892630706691e-10,-2.358037492367213114e-09,-3.838455629813654583e-10,1.936273723760228235e-09,-9.280973103060083756e-10,5.136009722347626181e-09,2.694068994338414901e-09,-4.295225731624319749e-09,-1.524321647572143915e-09,-3.216367858887692825e-09,4.312189732937107850e-09,4.335639505693748004e-09,-4.807712903754700424e-09,-2.975300196911820357e-09,3.037664598331589372e-10,-3.979818548378515035e-10,1.237102885073631201e-09,1.866838920987202718e-09,-3.605950748322275238e-09,-1.716244429062827471e-09,-5.885738168535048557e-10,1.786593747332739660e-09
0.000000000000000000e+00,6.527486059374814076e-01,0.000000000000000000e+00,-5.006493128843918505e-01,-1.409146323564609560e-01,9.563593212372767383e-02,-6.677553302190011308e-01,-1.467786451907526768e-02,-2.120728995906269176e-01,5.306339028586779527e-01,1.199183417062559265e-01,-3.534418867479542925e-01,5.443560361911243817e-01,1.954203897955197888e-02,-1.828557771500533224e+00,1.803479896570238328e+00,6.454757550646061937e-01,-3.435847537413261321e-02,-1.804051696766979518e-01,9.890292355669938473e-02,6.921188696787172745e-02,-9.796318745777465864e-03,2.081658038854117265e-02,4.099716569657685383e-02,1.914026127719292703e-03,-2.507316191869612965e-03,-3.444436734042088943e-02,-5.051907841286951140e-03,-1.315304670504779949e-02,2.809394633015616094e-02,-2.941240615271620840e-01,-9.112101966265164776e-01,9.687964472883576761e-01,-8.814571211320787469e-02,2.132386207644043630e-01,-5.346197361251725511e-02,-1.476412768346491156e-01,-8.100378046320244607e-03,-8.237582402761223221e-01,1.105964490137862910e-01,5.734074419959993563e-01,4.234856288176791494e-01,-1.577023329897286885e-01,1.876882659924508090e-01,1.859789334120964810e-02,-2.698472403715568291e-02,1.577978329373541655e-02,-1.723901984426978728e-01,1.743042135920505054e-01,-1.353171263662216184e-01,-3.696522656517231553e-01,-2.960510309481101388e-02,3.293328778892572473e-01,6.160223251298724279e-02,2.326635850373026670e-02,-6.143578082080383140e-01,4.512029971071891410e-01,1.838702907464906389e-01,-8.894556578548318271e-03,-1.198963784682449685e-01,4.720580482027658675e-02,-5.131412971162108150e-02,2.353532842030130467e-01,2.329506163811068120e-02,8.937224734648197000e-03,-3.240933583460225975e-03,-6.205538941620680760e-02,-8.262590834726912803e-02,4.875605759870094147e-02,4.856248482017511137e-02,2.575679096493654896e-02,-4.000977205398488223e-01,3.753783586097969582e-01,-3.223293345857962677e-01,3.173910893812297296e-01,-5.733283648765663543e-02,9.799499046272863723e-02,-2.660324181512141450e-02,1.967156418434390375e-02,2.114485698794421609e-02,-8.568053029440747537e-03,-3.217312104557557007e-04,-3.318441462443466605e-02,-1.225043526196611943e-01,-5.055832758184277687e-01,-5.187499184570567579e-01,8.501596227761729629e-01,3.067387694871155368e-01,-2.206830583698726755e-02,-2.012506293712501559e-02,6.006061811830809560e-02,-2.845724439748487100e-02,-7.602696853014911937e-02,-1.284782062180322981e-02,-5.218027698767779832e-01,2.362740816133874766e-01,-8.696105816856705140e-01,7.237432041625115886e-01,3.983238531539701199e-02,2.178344999836032692e-01,-7.816239334229058144e-02,-3.706838293980747601e-01,-3.173358197698021854e-01,9.194812817396917914e-01,-3.882221306688116158e-02,1.604598686903750959e-01,4.088523843714453321e-02,-1.120072451789555501e-01,-1.045293318070941169e-01,1.748977941635274647e-01,-5.357630413078906528e-02,6.177076184799457081e-03,-1.708995109607780449e-02,-2.313424353621851282e-02,8.021130454680314159e-02,-5.310937631230139289e-03,-1.845402043369723799e-01,-3.074235471054587165e-02,-2.514663780372745627e-01,2.009656422241685725e-01,-1.496144108973078701e-01,5.400040626979007996e-02,-8.127781221931629219e-02,1.199910322089974279e-01,2.399376954745804369e-01,-2.496925739081268247e-01,2.747612462366690878e-01,-2.809965094008415321e-02,-6.558490702803698724e-02,-6.378646718300151619e-02,1.831078843953299895e-01,1.054346035648867641e-02,4.274237016121906763e-02,-3.623792568351857923e-02,-8.505751657330984372e-02,6.069372209241619132e-02,4.566875069074471938e-02,-3.416034527165745516e-02,-4.532002817476188383e-02,3.485717782770025863e-02,-2.179690387033694776e-03,1.902389130371151538e-02,-7.024370980008631804e-02,-6.877539508578145444e-02,1.325519262078165283e-01,1.227165866515012027e-02,-7.695476695009784152e-02,-9.994929290726428661e-03,8.649205953424221605e-02,-4.737644259073459096e-02,1.872665925138283782e-02,-1.977120499160101019e-03,2.994132585579922790e-02,-1.535150130314910655e-02,-1.377093281199126551e-02
0.000000000000000000e+00,-4.898542831973237144e-01,0.000000000000000000e+00,4.742525048924436937e-01,1.062595565576929246e-02,-8.463440942443056780e-03,-4.491462448170668864e-04,1.230970196045066967e-03,-1.586911497400922411e-03,1.979512793195314924e-02,-2.356418497755363717e-04,-3.094000085222092800e-02,-6.274667963811042526e-03,-1.798156267762812677e-02,-1.352080779128391752e-01,-9.428628382402992614e-04,-7.438525848033505916e-03,-1.837385103119287821e-02,-8.227073123735328952e-03,-4.992910661661242866e-03,-4.126862314039136947e-03,-1.036695829724842977e-02,-8.488458826358985521e-03,-1.236017507119657743e-04,-1.966249406524456234e-03,-6.547461328783477086e-03,-3.621016768217549808e-03,-5.481243017026682374e-03,-8.140763630187508593e-03,-5.232932231012232815e-03,-6.974541378305415540e-03,-4.955054387074497857e-03,8.242801481081193926e-02,3.753212316021259376e-02,5.334854390579174543e-02,5.620279928550409032e-03,-2.492245429120465428e-02,5.833995293091975842e-03,-5.686940206879770310e-02,-9.129346222570633440e-02,-4.085129890457001034e-02,-4.607071836432145850e-02,-4.557023622507526406e-02,2.350610675637374025e-02,1.455605931288835031e-02,-2.963039554919197349e-02,3.696306022966941440e-02,-1.250867201306293808e-03,-1.956410120540753861e-02,2.108573512960262852e-02,-2.312502708945497754e-02,1.996407831347273010e-02,1.166044297974506427e-01,8.718903691852628035e-02,3.900146656813785473e-02,-1.052312462204826882e-01,-1.325362233094329045e-01,-6.373114140515043213e-03,-4.392256789581161502e-02,5.221566914802537596e-02,1.550878508199019234e-01,9.317935284700867848e-02,5.894975015567716081e-02,3.098808731506430547e-02,3.179777267677819097e-04,-4.410443219829307537e-03,-1.222909913546965655e-02,-3.036611935988253741e-02,-1.111591800134978936e-01,-1.145771698914805348e-01,-4.334890105866071042e-02,2.037971453584133674e-02,-1.274017747100245068e-02,-3.186865240570230240e-02,4.594978753917289271e-03,3.561722693681351748e-03,2.919624363739323214e-02,-2.007953002470136417e-02,3.511985223737584816e-02,-1.050515239487992830e-01,1.102917169390375818e-02,-1.067639680210494268e-03,-1.395952912391035250e-02,2.245788578840869631e-02,5.444689056939089333e-02,-6.164104945323856111e-02,1.208221548693617919e-02,-7.463610194098316275e-03,2.915718330132180403e-02,-2.645837700160576234e-02,2.853276801467707902e-02,-2.991012244351673455e-02,3.020783222379681832e-02,-1.123001445365719164e-02,-5.777358975870977575e-04,2.126649665515523147e-02,3.107156084680742780e-02,-6.197995824413202182e-02,1.891542903618793903e-02,-1.237406126868051404e-02,-3.157079049360828060e-04,1.218994476305388652e-01,8.084303630065209356e-02,-4.257334640065657538e-02,-1.893346837370601388e-01,-2.255437551356778703e-03,-1.445218880120506533e-02,4.504805975369872983e-02,-1.943485220157142868e-02,1.128300166364520907e-02,-1.360508985037536811e-02,-2.623227697204142533e-02,4.673070646824994262e-02,-4.038113982698902926e-02,5.006240499726131998e-02,-3.591529312659735851e-02,7.076857438457997973e-03,9.185435420917820171e-05,1.417320984356915115e-02,3.549830124674799303e-02,2.222375174776014539e-02,2.946593829984037183e-02,3.967937469743951229e-02,6.737557517542963614e-02,5.648880330472216826e-02,2.998477684562572687e-02,2.928450239994095927e-02,2.123241936424269394e-03,1.582030043574639278e-02,1.078532790361441673e-02,-7.602299791811151231e-03,-8.391738822484284821e-03,1.024487947052810100e-02,-2.673245610684771290e-03,9.183919077124069741e-03,1.850937878534131276e-03,-5.186461797018260267e-03,-4.142180312479759596e-03,-1.328615037899189000e-02,3.511596512607018106e-03,7.514791423919253699e-03,4.442214972979474652e-04,4.527915095575207882e-03,-1.629913903838775546e-02,-1.003701192939143727e-02,1.063294459513802748e-02,2.756696933163660379e-03,2.851916808322141339e-03,-1.120242167050033988e-03,-6.286315943803522099e-03,-5.363931210017158779e-03,-2.331352700735256356e-03,1.577385362559885484e-02,3.779480017146341631e-03,-9.607439579842003141e-03
0.000000000000000000e+00,-2.940963214022506711e-01,0.000000000000000000e+00,3.088501885784826761e-01,-6.454504037050168286e-03,-1.206892221505828644e-03,-6.809746436050978513e-03,5.303372996523836314e-03,1.364414786041767691e-03,-8.808742548804482375e-03,1.053494870760673940e-03,3.371401768857085202e-03,-1.876094086642521308e-03,1.107657547731732972e-03,-5.573101610954314666e-02,-2.482496613971199584e-02,-2.887059192310081901e-03,2.450562363965264057e-03,-7.039324961990861551e-03,-1.127859971879605072e-02,-1.018995728548952040e-02,-8.351522922710213903e-03,-8.445296087283366004e-03,-9.960000181669370622e-04,6.096257991727860315e-04,1.201463898716781387e-04,-4.696374877553310956e-04,5.612091505380889522e-04,1.573285808502827843e-03,2.108058220130493154e-03,1.680417257810512544e-02,2.561658099467295502e-02,5.354417489955440312e-02,1.778095191823647614e-02,8.065400549290446808e-03,-4.249032167721877862e-04,-4.696376413802716421e-03,-5.121565564369934265e-05,3.394487465041229335e-03,-1.206797882934368404e-01,2.474683627270651831e-02,-3.797366104604044112e-03,-8.157935977808902783e-02,3.844098105929483200e-02,1.640684700975386656e-02,-2.850422396226229282e-02,4.712815116603852328e-02,-3.500991489597510276e-03,-3.026395009079804743e-02,3.097624725610334528e-02,-2.956633403825520423e-02,3.913441317446536560e-02,5.859519085021330786e-03,-5.338225807825391911e-03,-2.323258962314764253e-02,3.236501552750575827e-02,-2.866652099105643225e-02,1.077257424797642416e-02,-6.798038784353653552e-02,7.414486037261235063e-02,-1.278363232012413864e-03,-6.602900013104567867e-03,-6.728558686513202991e-03,-1.057481859321854345e-02,-1.225293781579506192e-02,-1.454425994484218054e-02,-7.867738176319000187e-03,2.315885441372919629e-02,4.666323055799237451e-02,3.647310254228181003e-03,-4.314158917971191998e-02,4.571956027988308136e-02,-3.619162774986944831e-03,-3.657252819178713477e-02,-1.030335936137077857e-02,-5.712965698936700587e-03,3.040793995045990017e-02,-2.398598968679857557e-02,7.066493184885816459e-02,-9.996420027909200257e-02,3.190454849915255742e-02,4.314878405663080674e-03,-1.279982480056510163e-02,3.775455914781886135e-02,2.466906502604232498e-02,-7.148319915979203798e-02,2.434901628686703123e-03,-2.438493215663938007e-02,4.678958650185609247e-02,-5.183453935789407441e-02,5.615198907897021863e-02,-6.744392603496668359e-02,5.501588678638255625e-02,-2.286824521081270989e-02,1.013460773567470552e-02,4.391883503282317802e-02,3.826355566808328779e-02,-7.469179495834651905e-02,3.713244295024814567e-02,-8.711105090071280532e-03,1.269044084313372678e-02,-1.036727934311362787e-02,3.246821923013620825e-04,1.844171187934162681e-02,-6.986164187038021445e-02,1.647196772344464155e-02,-2.402162921780953697e-02,6.553198093479348230e-02,-2.514316303948432862e-02,9.276379246822230584e-03,-1.807247600226682960e-02,-6.116767534685811636e-02,7.963624641173082386e-02,-8.119694272835874249e-02,8.480640800074119856e-02,-5.082723993977905641e-02,1.052112413655509338e-02,-1.136022716338305760e-02,2.365554471983757900e-02,3.713754558690826602e-02,1.250380872682876898e-02,2.734953435935680299e-02,3.967461896296359258e-02,2.637198612707836176e-02,6.967261232283139538e-03,3.975534659758028777e-03,-8.073994124536743033e-03,-1.484704610121456714e-03,-2.157022689185661424e-03,-1.308311208725432273e-03,2.521431230770587728e-03,-1.938669552364935544e-03,1.750021401135060106e-03,-1.583180255800786806e-03,1.163569729145552678e-03,4.875002553709262276e-03,-2.357706574704854230e-03,-2.072994799049654446e-03,7.725912449296212792e-04,8.737825783102226573e-04,-1.821152993960017952e-03,-2.480263704508434142e-03,6.241424721864174963e-03,-8.749248329449899053e-04,-2.707734514681925386e-03,-8.658504056804905424e-04,5.518095145919943434e-04,-8.544924497730366220e-04,-6.688426497384325486e-04,3.633920967007486791e-03,-2.164875996683857107e-03,-3.652902388598611161e-03,6.775127436940420189e-04,2.255359495112574386e-03,-8.472523455016478522e-04
0.000000000000000000e+00,-2.998164420083807569e-01,0.000000000000000000e+00,1.003174590757138496e-01,9.477598034157025397e-02,-4.447700569997664610e-02,2.297648154101438189e-01,7.010429211084979739e-01,-8.891507725659408834e-02,-3.107894386675136289e-01,1.435799294308948149e-02,4.836962702141058834e-01,5.849285336169731675e-01,2.403711706203706111e-01,-8.068488894608982775e-02,9.948914996965108060e-02,-7.560505041399245840e-02,-3.163196846321745248e-01,7.372550848095715814e-02,1.152872096727663997e-01,2.100761001589512844e-02,-6.975362698345799473e-02,-7.677735744231917181e-03,6.295879935700776642e-02,-1.797985774771415635e-02,-6.862367365434773880e-02,-5.470266687546532225e-02,-1.189920645624513718e-01,-1.316529293666723888e-01,-5.098826474596296343e-02,-9.181180368806063363e-02,-2.245618356316578801e-01,3.108160056005397909e-01,7.407460435496715512e-02,3.319446717086564913e-01,-4.797890472464527711e-02,-3.916691444044315684e-01,-7.469071371550772831e-02,-6.813209728128130083e-01,5.143775539041995915e-01,-9.317861436453770407e-01,-2.446046434424586635e-01,7.445061273002609448e-03,2.434187473266714863e-02,-8.011070627765681795e-03,-1.914827944440837537e-02,1.913476528028716650e-02,3.763393961445601898e-02,1.968589056444508545e-02,-2.714804865293379832e-03,3.968593377579882064e-02,2.944072043698425789e-02,1.027432915879999298e+00,9.619634994767718439e-01,-2.045816418859698338e-01,-1.072322741646767774e+00,-8.615593750315428956e-01,-5.491495930816612386e-02,-3.640050720644011362e-02,8.004185198354595021e-02,1.806071404831226968e+00,3.874059880941183032e-02,-2.434548690511095792e-02,1.079831031306572875e-01,1.028204903864926578e-02,-1.683872193747453228e-01,-1.156264734682521667e-01,1.291527980152300525e-01,-4.356403513132445227e-02,-9.954600626770526706e-01,4.959804781274057550e-02,3.960642952225479352e-02,-3.418259407275258122e-01,5.453669639521763202e-03,2.491466364771033337e-02,1.475585431098049849e-01,2.381275030841261131e-01,-7.067333337618808553e-02,-3.839242720078649418e-01,-3.865587838884484984e-01,-2.674638501340043106e-02,-6.858190439152780926e-02,-4.496315663737933399e-02,-9.056889340757802442e-03,4.595372196607304394e-02,1.875559662467825295e-02,5.816419846055517762e-02,3.755224206058940806e-02,3.317470888923279571e-02,-4.693931289476474533e-02,4.657808419476577866e-02,6.729099660715764930e-02,1.368822371002088034e-01,1.472571915992389457e-01,-6.449720240238487889e-03,-1.330529544181542900e-01,-7.776086507589846653e-02,-2.294453760980725288e-01,1.486612636741506399e-02,-6.769109203893994287e-03,-6.497953583910920372e-02,1.188032969406603634e+00,1.002098263205792872e+00,-1.050818934192435883e+00,-1.164362585890910351e+00,-1.489547728262305762e-02,-8.988618389264291242e-04,1.439791071075552722e-02,2.385263839828052901e-03,2.908348238498009025e-02,-1.441435806001839515e-02,-1.698708635446739834e-02,2.230485073220203618e-02,-4.075540509457784011e-02,4.446624109319062546e-02,-4.851424836577153399e-02,9.055042258311697678e-03,7.373914634893570519e-03,3.281034783268851895e-02,1.013637841133170903e-01,9.377958808765152199e-02,1.370800068100407887e-01,5.853668710094089844e-02,4.681550335914705929e-01,7.040369411821737478e-01,2.873371386435419339e-01,6.042686248744111310e-01,2.571299141161764723e-02,6.061091573638677232e-02,3.558829901739724022e-02,2.395515140540505072e-02,-3.089379929734104024e-02,-2.878976172370562026e-02,1.536977147815576927e-02,-9.736470210134573477e-03,-9.800440524803066822e-02,4.751327829373197531e-02,2.628728264860047403e-03,-5.470646933990419569e-02,3.629046138823133205e-02,5.026663332877845392e-02,-9.297606548824166595e-03,-7.807733030315633371e-02,3.356955862739319230e-03,1.023698216195656485e-02,9.036174777043992634e-03,-2.318423069940545034e-02,2.116525436953020645e-02,-8.206833545428615651e-03,-6.867739850909426735e-02,2.355934458059838477e-02,-1.425090966206887799e-02,1.129450870063930523e-02,3.556773988433015177e-03,5.932401028446943059e-03
0.000000000000000000e+00,3.644382808728050538e-01,-3.644382808728050538e-01,3.355515139163082750e-01,-3.352119691895745768e-01,-8.930412654521106136e-06,3.636430673271824317e-04,1.312969583009721431e-04,-6.996941515565801651e-04,4.323065182719184685e-04,-4.081314079682010505e-04,2.964300944766736423e-04,-6.946840235472640651e-05,1.616113185543227668e-05,6.847480307211909964e-04,-4.043947993226051528e-04,-1.214251462318577694e-04,3.932810707644342338e-04,1.741976532225630219e-04,-1.205253080317930138e-04,-1.083049442219028531e-04,-1.988400523380412770e-05,6.069402207346504333e-05,2.893444351788831363e-05,2.688506300766840265e-04,-3.994014273855400103e-04,-5.962024605242303987e-05,7.157918239588756480e-05,1.245319124044182851e-04,1.186850843172501148e-04,1.087000047355723802e-04,4.736195528450611730e-04,3.638083812654616632e-05,-7.157176252620559356e-04,-3.223990651902331091e-04,-3.923555889009510550e-05,4.036161315734152280e-04,-3.389097559075394473e-04,1.501850522583380969e-03,4.527509355549381477e-03,-3.633010502131139505e-04,-7.945371174387753921e-04,2.252797219333363930e-03,-5.220112219227561294e-03,-5.656463349499414248e-05,2.960864740365468702e-03,2.955583049804519358e-04,-2.775214722490323450e-03,4.504692479216047298e-03,-3.783188202663580624e-03,7.862123374152546994e-04,-3.378523593618697196e-05,6.509939416145752583e-04,-3.510955997796158263e-03,-7.011082349447838799e-04,4.236733600658453003e-03,1.298463370557292017e-03,1.050169495256833042e-03,-4.060791689766502822e-03,6.059988948158074283e-03,1.394492301331042364e-03,-9.223798167865514958e-03,-8.055439555707444212e-04,1.805841230046172519e-05,-4.166570611552767710e-05,5.429185421401542568e-05,-1.085259267432893632e-04,1.272717263974675484e-04,1.793331873194502386e-03,6.673647734103472021e-04,1.273362433256927835e-03,-2.187786008893349322e-03,4.765006129424857566e-03,6.414872318152124719e-04,-5.484356544882514235e-03,1.369016783107613721e-03,3.495706284366252668e-03,-4.405874799929642219e-03,5.312595267184848716e-04,2.879947871075533208e-03,-4.730021786630978289e-03,8.197586201757821149e-04,3.233137519840334484e-03,1.142871915341926031e-02,-3.429049978993840841e-03,3.247488517908064809e-02,-3.894415590718025566e-02,-8.267967857162553807e-05,1.653411829199856811e-03,-2.356089537543850157e-03,-2.474533273001565045e-04,-3.734072734680876204e-03,4.716050058001158840e-03,-2.167734118786199780e-03,-5.211062803360099610e-04,-9.735445057723092488e-04,2.123625085534825395e-03,1.278685094227759167e-02,-1.415581766336021161e-02,5.275827867343517615e-03,-2.660950227977902649e-03,9.013647687630370678e-03,-1.310327376500027528e-02,-8.708296861884166819e-04,1.233470250917704895e-02,1.349707857079879628e-03,-1.093460632852876271e-02,1.110328203089742255e-02,1.981827234138072019e-03,3.295978020817786486e-03,-3.828756965627119063e-03,-1.002215900081531927e-02,3.148029979429982535e-03,-4.675489284779781908e-03,-1.952148799040740595e-04,4.381561418997274339e-03,-1.546611420236404522e-03,-2.986579981873659258e-03,-1.765504996318101576e-03,6.253518574110420239e-05,-2.096848843954456781e-04,-1.015612815925256117e-03,-2.123626306600187932e-04,-5.037378420748189235e-04,-7.309453077355551262e-04,-1.662132082194772665e-04,1.543797576249556717e-04,-4.636210255194802448e-04,8.504788642539536656e-05,-1.187321772095125002e-04,1.485550022810095045e-04,-1.916323646201385095e-04,9.800601929347814781e-05,-4.416793149907688714e-05,1.504117856946155223e-05,5.178554264362848379e-05,-2.256426859057928487e-05,-2.413257320674151761e-05,7.801980069298508581e-05,-1.078251549710870479e-04,9.743640195004850185e-05,-1.048386218984569411e-04,6.982559341483791492e-05,8.558063665769653685e-05,-1.946526118426932287e-04,8.688250689182233861e-05,-1.305865809909066699e-05,6.882210771745481473e-06,-2.638387271563239411e-05,5.367773191167587348e-05,-3.712206746440992796e-05,4.103999956845804514e-05,6.811183756776030464e-05,-1.633702815033243700e-04,6.021703329786055880e-05
0.000000000000000000e+00,0.000000000000000000e+00,0.000000000000000000e+00,0.000000000000000000e+00,0.000000000000000000e+00,0.000000000000000000e+00,0.000000000000000000e+00,0.000000000000000000e+00,0.000000000000000000e+00,0.000000000000000000e+00,0.000000000000000000e+00,0.000000000000000000e+00,0.000000000000000000e+00,4.166666666666666609e-03,2.700000000000000178e-01,1.641666666666666829e-01,-1.333333333333336368e-02,-1.474999999999999645e-01,1.633333333333333304e-01,4.166666666666651864e-03,-7.500000000000006661e-03,-9.166666666666656305e-03,-1.750000000000001554e-02,8.333333333333525772e-04,-1.250000000000001110e-02,-5.249999999999999112e-02,-1.500000000000001332e-02,-2.083333333333331483e-02,-9.416666666666667629e-02,-1.166666666666668628e-02,-1.666666666666666297e-02,-3.833333333333333037e-02,4.083333333333333259e-02,7.500000000000006661e-03,8.749999999999999445e-02,3.916666666666668295e-02,-3.750000000000003331e-02,-4.166666666666651864e-03,-2.124999999999999944e-01,1.708333333333333370e-01,-2.066666666666666652e-01,0.000000000000000000e+00,8.333333333333317605e-04,0.000000000000000000e+00,0.000000000000000000e+00,8.333333333333317605e-04,-8.333333333333317605e-04,9.166666666666663243e-03,3.333333333333333981e-03,8.333333333333317605e-04,8.333333333333386994e-04,0.000000000000000000e+00,2.816666666666666763e-01,1.366666666666666585e-01,5.000000000000004441e-03,-1.483333333333333171e-01,-2.891666666666666829e-01,2.416666666666666269e-02,0.000000000000000000e+00,-8.333333333333317605e-04,3.000000000000000444e-01,7.666666666666666075e-02,1.441666666666666097e-01,5.000000000000004441e-03,-6.666666666666598573e-03,-2.333333333333331705e-02,-2.166666666666672292e-02,-2.249999999999996447e-02,-7.416666666666671404e-02,-3.074999999999999956e-01,8.333333333333248216e-04,-4.166666666666679619e-03,-2.583333333333331927e-02,1.333333333333332205e-02,0.000000000000000000e+00,2.000000000000000389e-02,3.583333333333332815e-02,-3.250000000000000111e-02,-2.166666666666665353e-02,-9.416666666666667629e-02,0.000000000000000000e+00,0.000000000000000000e+00,0.000000000000000000e+00,-9.999999999999998473e-03,-8.333333333333334952e-04,2.749999999999999667e-02,2.000000000000000389e-02,1.666666666666663521e-03,4.166666666666672680e-03,-8.333333333333386994e-04,8.333333333333386994e-04,9.999999999999995004e-03,1.916666666666666519e-02,2.166666666666666741e-02,-9.166666666666670182e-03,-1.166666666666665853e-02,-1.250000000000001110e-02,-5.999999999999999778e-02,0.000000000000000000e+00,0.000000000000000000e+00,-8.333333333333317605e-04,2.275000000000000078e-01,2.008333333333333082e-01,-9.333333333333332371e-02,-3.308333333333333126e-01,-1.666666666666666990e-03,0.000000000000000000e+00,-8.333333333333317605e-04,8.333333333333317605e-04,8.333333333333334952e-03,-1.666666666666666990e-03,1.583333333333333121e-02,7.499999999999999722e-03,5.833333333333336201e-03,7.499999999999992784e-03,-8.333333333333248216e-04,4.166666666666665741e-03,5.000000000000004441e-03,-4.166666666666665741e-03,7.499999999999992784e-03,5.000000000000004441e-03,0.000000000000000000e+00,2.500000000000002220e-03,3.583333333333332815e-02,2.508333333333332971e-01,2.500000000000002220e-03,8.666666666666666963e-02,1.750000000000001554e-02,2.000000000000001776e-02,-2.583333333333337478e-02,-7.499999999999995559e-02,-2.583333333333337478e-02,-2.166666666666666741e-02,2.083333333333337034e-02,-2.083333333333337034e-02,-2.749999999999996891e-02,4.749999999999998668e-02,-4.083333333333333259e-02,3.916666666666668295e-02,5.749999999999999556e-02,-3.666666666666668073e-02,-1.666666666666666297e-02,-7.750000000000001332e-02,4.000000000000003553e-02,3.749999999999997780e-02,-4.333333333333333481e-02,-3.083333333333332371e-02,2.083333333333331483e-02,-1.833333333333331261e-02,-2.750000000000002442e-02,5.333333333333334370e-02,-6.500000000000000222e-02,-1.999999999999999001e-02,-5.833333333333329263e-03,2.749999999999996891e-02
0.000000000000000000e+00,-2.353949149637799110e+00,0.000000000000000000e+00,1.772443781148737685e+00,2.367702120367312091e-01,-3.995886090063009988e-01,8.708650161323490124e-01,1.817645092021393793e+00,1.027818153347723751e-01,-1.456164875923185775e+00,2.165120642689686292e-01,1.199147095935721552e+00,9.901497937517333980e-01,8.400848241659417681e-01,3.208067295866648294e+00,1.125765991863367788e+00,2.467978363101792638e-01,2.570017564221060979e-01,1.220483669338896959e+00,1.417791821665161933e+00,1.076879861833809571e+00,6.014125937776739761e-01,3.302843353201794230e-01,7.368406256846782298e-01,1.853195131143294816e-01,-8.662887046161671378e-02,8.401038725759235604e-02,4.091276807447741248e-02,-3.914089662551418769e-01,-1.555500013082209421e-01,-3.224121353399311829e-02,-1.401632576086228710e+00,-3.057577864304683146e+00,-1.272280614980665803e+00,-1.131340038466632336e+00,5.914183869447242614e-02,4.106305857653609337e-01,1.547309596812880272e-01,2.039580339213145521e+00,1.084564675132156708e+01,2.415759782835323222e+00,7.357029429884285321e-01,1.040452205956178489e+00,-2.582494513437296746e-01,-5.213919560162310063e-01,2.139310696129484768e+00,-4.133893157938537399e-01,-8.859001797347332285e-02,-1.078450629133161698e+00,-5.250570517046782015e-02,-5.508540597972455544e-01,-1.640281574068215065e+00,-1.457540725829318262e+00,-9.806225528368344158e-01,-1.546231622702496367e+00,3.336061313521550886e+00,8.782532200267780809e-01,1.700280509820117913e-01,-3.258770205206573678e-01,2.764995308424644804e-02,-1.207643606803848968e+00,-1.152796031660894727e+00,-2.188160160602990345e+00,-1.839013478269869495e+00,1.476618080524545462e-01,-1.601653558031337354e+00,1.031741007300865931e-01,3.089123463212189336e+00,3.725776880605305763e+00,9.361749907385501501e-01,1.287592740273098002e-01,-1.334911790687520750e-01,-1.433198117889773471e+00,9.785959665151118259e-01,-2.361640191380089959e-01,1.779491974427216405e-01,-7.507254198909798504e-01,-7.477344810611121773e-01,2.647884171505197060e-01,-6.884031791928286736e-01,-9.225559120638138211e-02,-2.339097819394631017e-01,-5.257440396512791381e-01,-7.119103916925055842e-01,-9.590512958172752178e-01,5.123621528556075333e+00,1.583064751780405288e+00,4.795364904840404563e-01,1.570098104139390216e-01,-7.152094054124447098e-02,3.858284446625326325e-01,-2.014429096093692806e-01,5.351166903418658194e-02,-3.812732908505793716e-01,-5.388141186930184290e-01,-2.577334490198179395e+00,5.286486165583816899e-01,-4.049178758689180313e-01,3.467353047567165447e-01,-1.932600642316085526e+00,-2.252239372408965323e+00,-9.861296446739551413e-01,2.694236929277018078e+00,2.076324668901811776e+00,1.224770470729360738e+00,2.101842063082131062e-01,-1.204137504868967312e-01,1.923527981027035594e-01,-1.485469210567185172e+00,9.641189261825005019e-01,6.532233975207724086e-01,4.312275013596291728e-01,-2.540565879528529081e-01,-8.364519310007665354e-01,6.077901756836823211e-02,-1.455512873306506805e+00,1.009715233076420304e-01,-1.060102778699953063e+00,-9.846331542407575910e-01,-1.845101329400208101e+00,-1.397018849364073390e+00,-1.582000238730167041e+00,-1.951198762509079643e+00,-1.712064340414194419e+00,-1.656532196665850165e+00,-1.271345994693135140e+00,-7.137859068623981784e-01,3.819734536560304150e-02,-3.252666955230054668e-01,-5.426369289431391962e-01,-1.089136298463841968e-01,2.732832722057310093e-02,-1.660610737101748668e-01,6.694882693717119082e-02,-2.153626115898390481e-01,7.133919241741182304e-02,2.664102904553047324e-01,-9.020820806137663794e-02,3.599275373829513569e-01,1.219663948553844079e-01,-3.813890275608216029e-01,-1.116092209262120605e-01,-1.617057672152455439e-01,4.787326363069723811e-01,3.127378659204538280e-01,-4.377551007196984756e-01,-2.299630777084118449e-01,-4.466704386684483552e-02,-2.496513784780063361e-02,2.394023822224724540e-01,2.091571499235200804e-01,-3.931391993356356807e-01,-2.925370597358423197e-01,-3.025044211264571459e-02,1.123128433129920722e-01
0.000000000000000000e+00,-1.729051141890952104e-01,0.000000000000000000e+00,3.413793259230617910e-02,1.762273296981885229e-03,-3.394184620869579450e-02,4.485832921516710314e-01,-4.357716077953039946e-01,1.774243918287360666e-01,-3.121296437135223645e-01,3.487816167940892553e-01,2.198001442247320969e-01,-5.461896809153748977e-02,4.609166535173602752e-01,-8.252679104636539975e-01,-6.042827076440518974e-01,-3.875401782507416071e-01,-1.904288005667795769e-01,-7.968444718209055644e-02,5.102704510240441138e-02,1.342616260224203106e-01,-9.682631371679528698e-02,-2.324600403449315067e-01,2.732171559078986345e-01,1.087514538915675955e-01,-2.505960168941571142e-01,2.127163114881940320e-01,3.004982564609270934e-01,-6.274414164413455453e-02,4.359916323301622487e-01,7.836921451427720786e-01,8.852581090084516990e-01,-7.210696035589851949e-01,7.124271796788805844e-02,4.371262343332646960e-01,1.909718476168493773e-01,-3.483928909799338669e-02,-4.062451594828853096e-02,5.790964470063613145e-01,1.884757566980126420e-01,-6.103713973597879594e-01,-4.113302131482652335e-01,2.691617601187927811e-01,-8.316311411512694596e-01,-6.284991400534298833e-01,1.377976069274190252e+00,-9.117235500561221562e-01,8.257659172868381248e-02,-7.725114149424925358e-01,2.807737694874588019e-01,9.569882332366252964e-01,4.847257619063185530e-01,3.461012036104471612e-02,-2.328218229939242878e-01,-2.282415364157364124e-02,6.276815283424574954e-01,-7.660044728056178975e-01,-8.559123793911771472e-03,5.078713528993363813e-01,3.368497144896058781e-01,-1.360391393195083953e-01,3.043411296791642684e-02,-1.169183977731747426e+00,-7.620731055785709973e-01,3.148758917347439512e-01,-4.120664202361842832e-01,-1.586644036591067231e-02,1.866423642136902039e+00,-2.795457680590562877e-01,1.258422945538721915e-01,-6.704953663067770853e-01,9.982998060039504074e-01,1.131686270466605304e-01,-9.789435901054699407e-02,-1.925170441293666546e-01,-3.884553703332411789e-01,6.507061380412220153e-01,2.582848994129389730e-01,-2.611711208577749410e-01,9.692903956279819155e-01,1.000987189256692389e-01,1.036163857353913365e-01,4.096516212267511392e-01,1.199464913588608184e-01,-9.235800450230220449e-01,-8.040460915607772208e-01,-1.470423513133603866e+00,-4.268045781797844551e-01,-2.323938125376767139e-01,3.339102018054221910e-01,-2.468474489312383613e-01,-5.827381326242004889e-01,-3.216126850829215122e-02,1.193533806781527096e+00,5.756839574088065126e-01,2.259234103402119054e-01,5.441435646361620915e-01,1.389029736546643079e-02,2.563657357458148933e-01,7.256923320033210612e-01,5.299452608854489100e-01,-4.327145539237742256e-01,-3.851460259498860061e-01,-1.664128770674957458e-01,7.804228575728311412e-01,2.987534034033152430e-01,1.425826560025478251e-01,-1.088543172250547642e+00,1.832821732375427004e-01,-5.716936495217712633e-01,3.909654380708809107e-01,-4.321287586011361981e-01,-8.854871300579740812e-01,3.309348013996529225e-01,-6.636525614767554426e-01,2.152999369780751460e-01,2.117830100574805696e-01,3.903406569543292903e-01,5.526140177068536996e-01,-1.543237122593232868e-02,-7.194429655543155278e-01,-1.331354204160442034e-01,-3.563289977392445351e-01,6.961640393807224658e-01,-3.234873640622804025e-01,-4.958359195643113893e-02,-2.218961414574460722e-01,-7.850554202567427975e-02,-1.694606099448398018e-01,4.274121224069660219e-02,6.443704118580995122e-02,1.338903347500911556e-01,-1.884531470697727862e-01,1.352424440439239373e-01,-2.542306363023504323e-01,3.386704934667442712e-01,1.471545457494156661e-01,-1.102838778723183033e-01,1.174026791151112636e-01,-2.066205764153671298e-01,6.153870930217719692e-02,7.602844376586026520e-02,-1.680676815273010050e-01,-5.962684995569045299e-02,1.985866105453915065e-02,3.725351866323545202e-02,2.896300824951258956e-02,2.669801160601004142e-03,-1.922406244079247761e-01,1.022130748196921068e-01,-1.623678167974351716e-02,-2.295421915775572308e-01,1.705417523759190090e-01,9.743346928423801678e-02,-1.368312045756621131e-01
0.000000000000000000e+00,9.274811813368386004e-02,0.000000000000000000e+00,-1.205503462382299662e-01,1.013076180430696471e-01,1.805547093455192598e-01,2.603952039891479497e-01,-1.940633828011288364e-01,1.375732353396374452e-01,-2.303721350879367469e-01,3.721605383701151459e-02,1.939904127299687808e-01,-2.064784854861969887e-01,5.946658300734533609e-02,3.145378159078904279e-02,1.853672510924336825e-01,1.839574474179754837e-01,2.146873191187357310e-01,7.211819390657203677e-02,-1.514322030528888474e-01,1.604015304895700655e-02,1.373538150225822596e-01,-1.575513839066454702e-01,-2.601876662544659324e-01,1.347142006280198090e-01,-2.592539590532259020e-01,-2.199161834659180137e-02,2.522505830326895460e-01,1.729464335014425647e-01,2.962912054658869421e-01,3.390613030444695752e-01,-6.192485380401491213e-02,-6.262129550766903918e-02,-2.216428768013205541e-01,-2.705445582971801599e-01,-3.809220572340255018e-02,-6.830644597080626212e-02,-2.966193641195262742e-01,-5.134452437368852706e-02,-3.512938103066949869e-01,-1.050300429259686030e+00,-3.755852255318392618e-01,-3.356333422231903008e-01,-1.594937170224577372e-01,-3.036768209127742590e-01,2.715976595255700232e-01,-1.656005845377137575e-01,1.507677881449469570e-01,-5.076723361715365090e-01,5.151399639301921241e-01,1.611015902065020544e-01,4.606416391364898111e-02,8.645144434388218890e-01,5.009858770239919989e-01,6.107838773445359859e-01,-1.461081554252049219e+00,-1.017678364333629792e+00,6.533759627784356816e-01,-8.684337937566817267e-01,1.108060273954895258e+00,1.407083770226521979e+00,2.296768439520536220e-01,2.751403715732514410e-03,7.030884693634337212e-02,3.029627585986737204e-01,4.804916006264298156e-01,-3.845436849396570711e-01,-4.614364770030397467e-01,-7.723983763643804679e-03,6.387949462108180043e-01,-4.315682903601927300e-01,5.003190034609341641e-01,3.065581191353572432e-02,-2.888739711316489212e-01,3.972104926320956242e-01,-7.772273611286291128e-01,6.601351381640294669e-01,8.328729174509086342e-02,-4.685990171550464822e-01,1.548612311189085933e-01,-2.666078722623632657e-02,-8.812256261393236478e-02,7.311511600689402091e-02,1.448962560790245657e-02,4.323469501087331412e-01,-2.569821884757633512e+00,-2.320958611085579548e-01,-2.874525065724919948e-02,-4.389510203177477976e-01,7.657897355725102884e-01,-1.449762061931414436e-01,2.608251569802044756e-02,-1.809678408651571591e-01,1.083866225023017327e+00,-1.641931314279396759e-01,3.001204307013541350e-01,-2.250820765221957509e-01,6.569695120593439519e-01,-1.638225290974125448e-01,4.995232247418737170e-01,2.159853334389523760e-01,8.706339060927497098e-01,-2.345641753812368613e-01,-1.395880665769139606e+00,-1.424143044224700727e+00,6.889593289607343074e-02,-1.505904093094478924e-02,2.042629474049837413e-01,-2.907491911711346244e-01,-2.972078804907003491e-01,-3.932587832820542140e-01,-3.125333398457725842e-01,5.996278624085515929e-02,-5.327521107861743488e-02,5.021692156373886995e-01,-8.330732931518163298e-01,5.648759332136248368e-01,2.934435086396560699e-01,1.116794844895370176e-01,8.213916285096414249e-01,1.929947466065244921e-01,1.354621687599129043e-01,2.127732171185703347e-01,5.011513721190339332e-01,5.693802570123007722e-02,4.584097457649158325e-01,-1.514906755308575992e-01,-5.527819937390510141e-02,-2.725845625747325141e-02,1.483192537999362681e-01,5.596526044571714653e-02,2.766886508728383376e-02,-3.544158037636472303e-01,5.866494989274703697e-02,-2.322441611415957119e-01,1.597715654880405567e-01,2.113017765711774215e-02,-8.573622593335269992e-02,2.089884554517445481e-01,7.153656862251320248e-02,-1.180763945742543952e-02,-4.166615821494731864e-02,-2.326868799878345495e-02,-1.766888461214770334e-01,1.304581609532871056e-01,1.989590830288363588e-01,-5.993914163672597883e-02,-2.063196044278817198e-02,-1.283909838047575525e-02,1.116449745571367613e-01,-2.256579849282218109e-01,-1.004161647994626649e-01,-2.925490279796057191e-02,1.442589419798870343e-03,1.007488584144840549e-01
0.000000000000000000e+00,1.878434563315071471e-01,0.000000000000000000e+00,3.829576331742613055e-02,9.613172444873846478e-02,1.292487777393902526e-01,-5.098526811598291797e-02,8.289385830520240583e-02,6.245121021905453151e-02,7.535262752564220179e-03,3.791484309051407209e-03,-2.351021342345864795e-01,-1.080707254868858852e-01,-1.005988075635128320e-01,-7.119499739137074013e-01,-8.060738619235330304e-02,3.277373411533845982e-01,-5.035476367139413156e-03,1.151870836363849682e-01,-3.271061320246909654e-01,-6.829742349814216240e-02,1.185902105133962436e-01,-4.570972689919774457e-01,3.100030819774971524e-01,8.715818835149302668e-02,-3.585881762430134234e-01,1.903596329946377619e-01,6.850403410320704545e-02,1.323505876688142457e-01,8.923464649031398466e-02,1.714038620581121997e-01,4.047199424926695155e-01,2.308286770648963759e-01,1.231619711296560449e-01,-1.597368507675800686e-01,2.626333545786127543e-02,2.318174128326616623e-02,-1.113726323631701598e-01,3.300864459722442357e-01,-1.894526604305041939e+00,7.048000028672541939e-01,8.442306176517696548e-01,-3.214051601522713852e-01,2.502558275959160805e-01,-7.916676781990920064e-01,5.710567771889401012e-01,5.042717298252841207e-02,1.509238402278001712e-01,-2.607519349801625808e-01,2.935230531693562295e-01,-2.441814320014562556e-01,-5.534177978459692282e-01,1.287110535346765783e+00,1.793427570825134598e-02,1.018447572594883832e-01,-1.616058686092834318e+00,5.873642174316908715e-01,5.452449541655497445e-01,1.621600851820265143e-02,-3.296350868586556127e-01,-4.345909969301645082e-02,7.101979655886750398e-02,1.495672915905332245e-01,-2.238713773712101840e-02,5.227057474622179289e-02,1.173948263522484048e-01,1.327051325657243874e-01,-8.024088135306552960e-01,-5.033966844581518885e-01,-4.157287410829266783e-01,-2.227075577344508339e-01,2.753124052157747137e-01,3.045494490286770883e-01,-4.722603776116467422e-01,-6.872145639144848772e-01,3.304119520668113985e-01,3.228635223879909866e-01,3.434963149479961508e-01,6.902262859548820018e-01,-1.876216720460714971e-01,1.200155485148628465e-01,-1.005268644247974130e-01,4.395611049835573825e-01,5.744819044735093305e-01,-2.667882387341146688e-01,2.779439107335897052e-01,2.757837982534365184e-01,3.236860310843727717e-01,-9.486269367311028766e-02,4.130299886726542802e-01,-3.413219431460957631e-01,-5.688145006758960065e-02,-1.365190243972315809e+00,-2.667739771558441664e-01,-2.907922481979712259e-01,8.996639874977019335e-01,-7.438754918085672685e-01,-2.374871247784280381e-01,-1.516224197162543419e-01,1.009460377112672669e+00,-2.888257596098839919e-01,1.013989660302721862e+00,-1.231900059852781393e+00,3.524940655409979362e-01,-2.585999338929293456e-01,-2.762249066885729132e-01,-6.646364078001241182e-01,2.008903851227565873e-01,-8.558030411128805248e-01,5.681659696392267200e-01,2.466281746808944852e-01,7.771308862045530619e-01,6.302371176666279329e-01,8.102601471499027985e-01,-2.207475532049096301e-01,1.624595031860142647e-01,-1.725784627182931352e-01,1.624595838741256237e-01,-3.711075487578452403e-02,2.480709971045260698e-01,-5.383893153375673979e-02,-1.320709567771806148e-01,2.383475062491303698e-01,-1.981678637237940244e-01,1.191775222426377789e-01,1.490088835102250098e-01,-5.782990861300862928e-01,-1.290315771231142494e-01,1.060623237461287283e-01,1.614939328459487067e-01,-3.987987031976754082e-01,-1.193234637531215558e-01,2.483006063086891022e-03,1.563531404872635644e-01,-2.707660537366607389e-02,3.318661283275040064e-02,-2.794081813565627570e-01,-5.657768038487312467e-02,4.593127868475352926e-01,1.384704132984502234e-01,-1.747783632319160618e-01,-1.610894805986986533e-01,2.402015010259912209e-01,-3.716748208027578215e-01,1.754299226146665003e-01,6.965732991665131435e-02,7.710220967910946799e-02,1.454528199202523853e-01,-8.004025723236807277e-02,-3.759928241888543798e-02,2.859249570838673371e-02,-1.032726000435926217e-01,-1.842701110992471802e-01,7.772606832062424476e-02,2.115843711167225139e-01
0.000000000000000000e+00,1.012076024114313966e-01,0.000000000000000000e+00,1.190642169003102574e-01,-2.038186756321613835e-03,-1.011349969354924938e-01,1.720269680440941196e-01,-1.453586906887176788e-01,4.687815935804209855e-02,1.267584909551729977e-01,-3.632299074072897760e-02,-4.795467117562910442e-01,3.080396802711427573e-01,-2.751112102964072686e-02,-1.253712523540609081e-01,-5.514554003461569209e-02,3.470629521969829656e-01,-9.962265083636512308e-02,2.887479718633834125e-02,-2.612174502677464538e-01,-1.297058709501319740e-01,1.091872974327863233e-01,-2.080960728511291324e-01,2.584616137235161704e-01,1.366105558712490675e-01,-2.935888520711149030e-01,8.080743700692735731e-02,2.405900869231813455e-01,3.679594820977687836e-02,-1.026350106067711598e-01,-1.119868891354517532e-01,9.435435994158088147e-02,5.558431839780547667e-02,8.203868926480258061e-02,1.323595752977455020e-02,-2.519596789407925475e-02,7.662019386581973845e-02,1.185386606521519059e-01,-7.989852852108456083e-02,-1.058819201365851947e+00,8.271698570605869882e-01,8.085525365495411787e-01,2.814706521903189707e-01,2.392579081989849588e-01,-6.047783147969134632e-01,4.393863326385256673e-01,-9.713555863101630550e-03,-3.137732001234934121e-01,-1.956468517528241469e-01,-2.644140772329751643e-01,-2.494729723831398127e-01,-7.914873266792249451e-01,5.449229641307822281e-01,-2.311581315214360499e-01,3.949611406125669300e-01,-8.174842366691513762e-01,-3.531155564407595371e-02,1.630744565294888204e-01,-5.892588131974942911e-01,5.139016249453314256e-01,1.086500337293588858e-01,3.986344043590510644e-01,2.664180585514743793e-01,6.274211082658530392e-02,-1.815159345377496958e-02,-1.738213219105810281e-01,-3.275973277489449553e-02,-3.798091871538085695e-01,1.710852689416194616e-01,9.109175470983376099e-01,-4.708614636353301575e-01,4.436863641946884873e-01,-8.726296016239726283e-01,3.744350843807139340e-01,-1.463483190286798130e-01,4.869465918629996559e-01,9.943130491327234477e-02,4.591767350236795053e-01,-5.196158556401213602e-01,-2.659112400150144828e-01,-4.761018198478210173e-01,-1.014827099852587677e-01,6.057322816843193625e-01,-4.405690415971717511e-01,1.532272150297065150e-01,6.601480427362403924e-01,-2.850309964726366330e-01,1.915761332491666968e-01,1.073650871748937918e-02,-2.956007383053903537e-01,1.062550346893718356e-01,-1.006477631616292390e-01,-6.775750129380752051e-01,5.951541136677649391e-01,2.264445573806243006e-01,1.427405988534691250e-03,-7.473257045319783298e-01,-4.039581479284801713e-01,8.177011741996964567e-02,6.464272673347464249e-01,-4.686892066050363237e-02,-4.176402430663455623e-01,-5.661303957185572777e-01,6.194271531700853428e-01,-5.784475447440057261e-01,9.134694555918799752e-01,2.472035117227618650e-01,-4.344467922668170945e-01,1.264010454665046579e-01,3.775642434167543748e-01,1.592032017982564773e-01,-1.298836676790615374e-01,-4.190976785701956420e-01,-3.451063614569754856e-01,1.512344900864319719e-01,-3.824013147636762255e-01,-1.062861725712663796e-01,-3.990409445026895652e-01,-2.390427772230714343e-01,8.016513158434929176e-01,1.804956074851766790e-01,-5.684905288073538454e-02,4.926881070849105648e-01,1.175637389398189875e-01,2.956014782956024600e-01,1.839746087593379653e-01,-2.700232316104466679e-01,-2.568455535055576278e-02,2.510117499562410093e-02,3.775012816741046828e-02,-1.389349381203830447e-01,3.019902089698973946e-02,-1.927731259104960293e-02,-4.083493940886956386e-02,-1.618031635834868698e-01,2.481511407234003319e-01,-1.571235015086334119e-01,6.838707956741926774e-02,3.016126130837682995e-01,1.282680095536994913e-01,-2.042989127130506732e-01,-1.310671635513919187e-01,-1.669050271566223098e-01,3.234869932646795149e-02,2.822469466492518175e-01,-5.417627740470681852e-02,-4.559079150342926212e-03,1.461159391656080553e-02,-3.579800806107810707e-02,-1.968372926625395203e-01,1.025587760927998138e-01,-2.928411768734250770e-02,6.735045831108937842e-02,-1.207642918256856823e-01,1.603793253043158118e-01
0.000000000000000000e+00,1.801494020198478596e-01,0.000000000000000000e+00,2.765534388737222460e-01,6.402079058707266235e-03,-1.690785352262355046e-01,2.030677426708158984e-01,-1.324683242063443567e-01,5.300616271391850320e-02,-2.702913622898587276e-01,-3.372176401817335994e-02,8.762114703305073915e-02,1.688647491905236053e-01,1.543480938016542625e-01,-6.417516573832016125e-01,1.989665024836378138e-01,2.149244521524159846e-01,1.429622501694002845e-01,5.209821664552517495e-01,-2.585613942567991375e-01,-3.874384488419985173e-01,2.100905381697066587e-01,1.694117949238533871e-01,-2.175644884419972169e-01,4.060613297129209154e-01,-2.263509412071121329e-01,-1.317164040705876560e-01,2.177893150747115536e-01,3.950730313274863903e-02,2.574890182773814651e-02,-8.870632542129164300e-02,-4.929285933077753312e-01,1.776884011551257969e-02,1.154687460520899267e-01,7.920738522510972768e-02,-1.196575169052244703e-01,4.796554317309920101e-02,1.418395416016088317e-01,-1.651896253622701927e-01,2.320106846945597379e-01,2.249985857483131069e-01,-5.032812478323878125e-02,-4.324746454134451579e-01,-2.128643670722948078e-01,-5.854877927125907711e-01,5.182506354547975480e-01,2.753271319230804481e-01,-5.773734272109847243e-01,-2.707472685825930148e-01,4.779584157492288155e-01,-4.295636877362399852e-01,-1.737694636088936706e-01,4.255145670872452213e-01,3.872387014780204750e-01,-1.320001867890142899e-01,6.811735799950534576e-01,-1.939547375845389054e-01,1.377069960781843183e-01,-2.547048224142297590e-01,-5.768650627228352756e-02,-3.360196893465529078e-01,2.968117594147945404e-02,1.820449572107230574e-01,8.582818247877753437e-02,-2.849471660324813804e-01,2.601425943102312344e-01,-1.718257560999185418e-01,-1.458034150334153733e-01,-1.340121818809385523e-01,2.995079439130843291e-01,1.054120753477248984e-01,1.882714261244312903e-01,-2.510044979147650346e-01,1.903419106593946253e-01,-4.793491419367182371e-01,1.496474201354751621e-01,-7.344057406032454827e-01,6.449676056121785850e-01,-5.007033492701153943e-01,6.629056127882608784e-01,-7.195374345748553058e-01,2.592138693930094995e-01,4.985948508313232663e-01,-5.625967431090993509e-01,6.395372172897816343e-01,5.982373820370957551e-01,-3.070360897786761911e-01,-2.630796631867851620e-01,-2.511732671709519527e-01,-6.326125330171833427e-01,8.942626155899537910e-01,-1.859986640773637623e-01,-1.095379068808755157e-01,3.317292578875313258e-01,-1.874330198269442693e-01,-9.200827739417621887e-02,4.286789447839421952e-01,-7.696755280010014744e-04,-3.675007455577044557e-01,2.829837167767953465e-01,1.471689958706491330e-01,-4.947684267581285988e-01,1.668874675493505211e-01,7.658223962591338418e-01,-1.090132225533296806e+00,-2.447716212721368634e-01,-3.528500602313688894e-02,2.657513143961385271e-01,3.419572962730876853e-02,1.060270229768150996e-01,-2.334338275627709791e-01,-1.950080585969250491e-01,6.045280654652182006e-01,6.474004032995216429e-01,1.165578669745508389e-01,3.860558103681550612e-01,-1.696283076408122703e-02,8.449996416414262690e-02,-3.980950445736824994e-01,3.329787039363437673e-01,1.954883177820203599e-01,-2.103934634255213432e-01,-2.675217094889578151e-01,-1.436644206249970690e-02,-2.641924681400515951e-01,-4.222414569343450053e-01,-3.175387032853687064e-01,1.863826762751014943e-01,1.965309528774756842e-01,6.751494958412238012e-02,-3.212874356803530063e-01,-8.906887482475765727e-02,1.343461201654653769e-01,-6.825754474247672232e-03,-1.463783420834992854e-01,1.346393273099897037e-01,-4.312873200091332793e-02,9.260401051459082877e-02,2.480913584733178412e-01,3.014501409761993767e-02,-1.775952488944891050e-01,-1.129484299688953974e-01,-9.354621235733896756e-02,-7.486113504463946799e-02,2.937675971066874281e-01,1.564062788836313167e-01,-1.800966093272850510e-01,-9.477003434848180197e-02,1.401880478766516225e-01,-2.978938078881726570e-01,1.564334790710936729e-01,-3.849245154592151330e-02,1.149047291796925496e-01,-8.909435040524132932e-02,1.089790132162947976e-02
0.000000000000000000e+00,3.594546040084120597e-02,0.000000000000000000e+00,1.081631594645622585e-01,-1.335490624328204701e-02,-5.114385222870686254e-02,1.634824256370966677e-01,-9.221259527925124155e-02,-6.455487710784718614e-02,5.858193277551324712e-02,8.098146070138258212e-02,1.473588424154417820e-02,1.005725671866543602e-01,2.490666514193087266e-01,-3.598591000150011543e-01,-3.578705427189090016e-01,-3.193860502165318804e-01,3.189519534251840649e-01,3.204871056603793011e-01,-2.494996975088575319e-01,-3.875049317880718269e-01,2.326837665929740173e-01,2.900444191167211860e-02,-9.328789177408874922e-02,3.912168193076951961e-01,-3.490035284306909902e-01,1.520069511778232574e-02,1.226365604308411461e-01,-1.348569963158946505e-01,3.020496954782490029e-01,-2.457983752602334593e-01,1.855102863811294300e-01,-4.438359396450431427e-01,4.502846807328751977e-01,8.054324949527170985e-02,1.007617124108866058e-01,1.501014222332220927e-01,-1.401652201108385676e-01,-1.349743863548215073e-01,-7.161368854662979455e-01,3.074377922391843820e-01,4.072199719360164449e-02,3.744227837122700020e-01,-1.873655697246462415e-01,-3.682004605594260127e-01,2.063393808967979304e-01,1.970013506975972217e-01,-1.510027503349480327e-01,-3.626112598386435626e-01,6.072720261481689974e-01,-9.148231463557351950e-04,-3.779349930562125315e-01,2.510331444347992935e-01,-1.353653033790849225e-01,1.610721301431281560e-01,3.540212444666960279e-01,-6.564586207741807122e-03,-7.145400173906846231e-02,-1.293683930600625087e-01,-6.273578684620598200e-02,-3.450191688582279204e-01,2.898785065507514247e-01,3.685943940575907019e-01,-3.881997199231724816e-01,-2.089184683431719314e-01,2.098917138320942621e-01,-8.379994724304803966e-02,-6.460868954730805691e-02,-7.397861061658259629e-01,7.993156733018813576e-02,2.361925475665118679e-01,7.086871685773554752e-02,5.238870405110096495e-01,6.165381943627280814e-02,-1.431337986468860513e-01,3.081551878779231202e-01,-5.996564803802001409e-02,4.691807753886279575e-01,-7.406203939269188075e-01,7.663531910085814580e-01,-7.333258467942901371e-01,3.017320510289012159e-01,-3.930093069935551853e-01,-3.295481149341334404e-01,1.385325238176804974e-01,-1.281163301643689079e-01,3.541585715278338098e-01,-2.216597159438512543e-01,1.468909407923277843e-01,-9.369973925774827128e-02,1.105444648993349488e-01,-5.594866319861504511e-01,-9.140506169324180696e-02,4.169569927151162148e-02,3.190644549860706114e-01,-6.357728540024476516e-02,5.120735202937439778e-01,3.381182932995369095e-01,-2.771917019269573013e-01,1.574575416425170182e-01,2.242894198076024470e-02,-2.925842290918588273e-01,-2.459084444310633555e-01,4.497161204420788705e-01,-4.724042119854581223e-01,4.951103004202964675e-01,1.753934561936095760e-01,-7.137773818024087391e-02,3.771509647818882538e-02,-3.944452818921395099e-01,3.834323612096205425e-01,-1.601845422248083795e-01,-4.525577327978633907e-02,-1.216090732679748487e-01,1.458024587035388064e-01,1.101594850130082348e-01,-1.823130451763133042e-01,9.013281114068044664e-02,-2.113109984995430457e-01,-3.547163145036882903e-02,3.767049216995760341e-02,1.168791977967287288e-01,-3.994234250698307509e-01,3.772750658694689618e-01,2.945992086482084882e-01,-1.434270387409845027e-01,-1.628818956710517685e-01,1.044173211928472317e-01,2.529440413560286177e-02,6.470766366885430387e-02,-2.264904998829129490e-01,1.294975094655912706e-01,1.561192287583194893e-01,-7.238757647927326899e-02,-2.389717693073608457e-02,-1.091755809144024925e-01,1.542686793823789398e-02,9.200645622609417151e-02,1.766309973246018294e-01,-1.076093459479288417e-01,1.464211437824990414e-01,-1.801339567657080920e-01,-1.151752613150162918e-02,-4.844382305189662286e-02,-1.699650172625883499e-02,1.469018938961547810e-02,-1.669629862472334081e-02,-9.408795977502608376e-02,5.045544429932924402e-02,-1.171290481857632793e-01,6.453514385241602980e-02,-3.041226594598690769e-02,1.824576372157490356e-01,1.608659137407945361e-01,-3.530949765018331910e-02
0.000000000000000000e+00,-1.412434808590329327e-01,0.000000000000000000e+00,-7.020381567040162585e-02,-1.368150070042195576e-02,3.296028696145210379e-02,-1.709404384619988004e-01,4.085779362732481768e-01,-6.352484631948379645e-02,-2.999350219299737330e-02,-1.701218386607021016e-01,3.316753137004120888e-01,-2.736702624974390874e-02,-4.209946737967279473e-02,-4.698011328650049112e-01,-9.407622670646520469e-02,-2.667694355535645823e-01,2.113287548762871060e-01,1.159146003387685475e-01,1.745763946447370374e-01,-2.613146621193552788e-01,1.279981328451008094e-01,3.366952504261777612e-04,-1.683009044116031694e-01,7.464152251622824252e-02,-1.137600620843223220e-01,3.043513460978627405e-01,2.133379813611314679e-01,-1.778385802742699084e-01,3.121368428259873040e-01,-5.065833166625558492e-01,9.142544992932372105e-02,2.302886403515919111e-03,5.167159560578631350e-01,-1.225126070865423800e-01,-1.679543087334221252e-01,6.132510728659952559e-02,1.138578347870143476e-01,-2.206288192848925855e-01,-4.856350860877258757e-01,-6.496157875554531280e-02,-1.484366345506317186e-01,4.439116972696408592e-01,-1.082212075857542088e-01,3.775824036720715204e-02,2.510014075146256851e-01,-1.813058714923652670e-01,3.253050366812190175e-01,-1.618127246474084235e-01,-4.087951983315935012e-03,-2.132809100091058174e-01,-5.934910763104066511e-01,9.502166078613990541e-01,-5.407928868918708831e-01,4.072515811028698529e-02,1.405638548550502964e-01,-3.268505183861025731e-01,-2.200241287199634632e-01,2.020889058933661442e-02,2.719711952362205976e-01,1.200612213899203695e-01,-1.962688603492065420e-01,3.044278183486182066e-02,2.574692064022237048e-01,1.896178822265741359e-01,4.141625423203490475e-02,-1.862090678313581549e-01,2.935661283475439198e-01,-6.496591831979553477e-01,-1.535385483394502426e-02,-1.130715097293357729e-01,2.625936354005861117e-01,7.628706263316249458e-01,-3.600366458633569300e-01,-8.062489569722142146e-02,-7.562397215684102392e-02,2.051470811728451915e-01,-7.742723408778833249e-01,3.299776640750993195e-01,-1.921497918443415553e-01,4.489171005881385512e-01,-1.802711828141724815e-01,-3.921820153413391186e-02,6.022106572081842302e-02,-3.767946976435143647e-02,-3.465414664611145001e-01,1.751860855564291164e-02,3.522133112350703810e-01,-2.226480300403710366e-02,9.693564593728735135e-01,-4.719672937982287153e-01,-1.356518466864463923e-01,-4.686518988566382160e-02,4.732889436803190408e-01,-2.012911399946785695e-01,2.609297337799477146e-01,-3.171414581842489921e-01,4.476225915922044107e-01,-9.589260651719444528e-02,-1.589433364469403365e-01,2.553931667769621106e-01,-1.174923175730797631e-01,-7.837854185523528416e-01,-4.315862143793776085e-01,8.305497746569741047e-01,1.901796775279288310e-01,1.928259110171330615e-01,-5.443061546084271285e-02,-7.375052608398250387e-01,2.373732617191264549e-01,1.307270871239064047e-01,-2.237526882277205975e-01,-1.343852261228574152e-01,-2.974279015590997055e-02,-9.635515672231009798e-02,-2.422306853629393464e-01,-2.104473731054674612e-01,-2.267398792247288242e-02,-9.283783239170850798e-02,7.399751370722715826e-01,-1.561511220083436347e-01,3.123490553693665794e-01,-5.014198598591468325e-01,2.497104226652562264e-01,2.341330054556967077e-01,1.194926019236765002e-01,2.128086703835876115e-01,8.690759794732971777e-02,-9.037140421765704756e-02,1.572698931768387043e-01,-1.661748091608708511e-01,8.329953401761137910e-02,1.581032247610819064e-01,-1.736361638162174648e-01,-1.937767791236029713e-01,8.665099748195038976e-02,2.104053656152487031e-02,-6.504394779846392471e-02,1.601253725215739596e-02,-2.142159958893904981e-01,1.725363602686909026e-01,3.916271761950307351e-02,-4.012863407130227988e-02,-7.567514552384674298e-02,-9.704377498054156392e-02,2.045263510233774340e-01,4.457710283342208174e-02,-1.539878255013991393e-01,-4.861716653512665465e-02,-1.147137075393317995e-01,1.769372569597718048e-01,8.603331094662636236e-02,1.594717085068557416e-02,-1.130457920703179242e-01,1.026470897731531773e-01
0.000000000000000000e+00,-2.906569798787252412e-01,0.000000000000000000e+00,-3.143067517723913129e-02,-2.872706111556892067e-02,-1.206361425941687715e-03,1.885370083600763913e-02,4.978577784783017601e-01,-1.261466619635599473e-01,-9.851849498085435419e-02,-2.282021973267564230e-01,-1.919248755293971875e-01,4.194973656137405138e-01,4.581406791079828400e-02,-2.828687137071180246e-01,3.959152188444660381e-02,-9.829356306996048231e-02,1.084345747391023962e-01,1.041890638239043876e-01,2.287167100281800591e-01,-2.749734972551095558e-01,2.383727704470357256e-01,-8.362850871987181911e-02,-2.253846040251097638e-01,-1.454149082285574046e-01,-4.522771007158939149e-02,2.319459668569935351e-01,2.277065904281447284e-01,-1.421261022945354280e-01,1.777135500099937260e-01,-4.246724552444292033e-02,-1.003001692265070854e-02,-3.614903340678147226e-01,1.835997316920556788e-01,-1.273261526397635734e-02,-8.232255517648666421e-02,-1.046498596717068685e-01,1.196423332644342280e-01,-3.659024119754497595e-02,-4.286597145527012431e-01,-6.407970334007033752e-01,1.163924099385653665e-01,5.876698945519610584e-01,-1.568263685580504330e-01,2.786434388027919651e-01,3.349202214278479417e-01,-3.851302650893327906e-01,6.852995940710357448e-02,1.145442890133658714e-01,-6.055360144025271341e-01,-2.827659321028577200e-01,3.805424717116234756e-02,6.270329075355101089e-01,-3.604721646083935971e-02,-9.348524439125521779e-02,1.023515414380559707e-01,-4.338975577257588867e-01,1.554197745301919564e-01,1.701792771406167581e-01,8.290727148267079682e-02,4.165511464373439221e-02,8.907580722408153795e-02,-6.069001280725786485e-01,1.480347817475888839e-01,3.317644681343243640e-01,8.499903096960137461e-02,-1.363144426599952608e-01,3.334341190752303508e-01,-4.839696766563802433e-01,-4.644783431685155506e-01,1.664888668291442109e-02,-1.098663759482849667e-01,1.859358664168206943e-01,-1.244035054930634487e-01,6.272274728334426008e-02,-5.178262617617712671e-02,6.204974083413452579e-01,-2.384397648448308704e-01,4.184709373780449715e-01,-4.445613211120086339e-01,7.265873812539280774e-01,-6.173265294419185700e-01,2.570038071401443691e-01,5.031404353948687458e-02,-1.132695633953083592e-01,-2.360538720878124774e-01,-2.626297361203091540e-01,2.696242832030107950e-01,-2.710551084977266267e-01,1.007929020248289120e+00,-4.043022134247664656e-01,2.637612378827772774e-01,-4.094550060104317213e-01,3.636604238775075215e-01,-4.797299105241310813e-02,-8.606837042548914907e-03,-1.996631692304845218e-01,2.095408402773480949e-01,-2.932735122182852927e-01,5.442462527836275932e-01,-1.250060103640561471e-01,1.813084265141553242e-01,-5.018463196416458327e-01,-4.236557609092410637e-01,3.839961908816489355e-01,1.965253739020071388e-01,4.247155686661275853e-01,-1.547226088931165922e-01,-1.694729960522270984e-01,1.417486867096051650e-01,-5.643746466329426781e-01,-3.398090099776650552e-01,6.935215236004144135e-02,6.079816619638409581e-01,2.567381023803613216e-01,3.765777260124839598e-01,-2.332005746338085272e-01,-1.815090612721339258e-01,-1.299499279389156325e-01,4.388671736399508139e-01,-2.251660994552228678e-01,2.694260134532098783e-01,-4.340165492648533352e-01,3.188313145863000964e-01,-2.604437379133403563e-01,-5.257316394464250225e-02,1.899098219955503430e-01,-8.752490472954173317e-02,-1.512235848689528206e-01,3.319704575089292287e-01,-3.093411577431308679e-01,3.380254651337542132e-02,3.806539440711225603e-02,-5.794199569427083835e-02,-1.510569107481671280e-01,1.869159644222389283e-01,-3.763037814013561744e-03,-1.731132962940589715e-01,7.649039515866376537e-02,-3.678477977751040129e-01,2.764490042697222982e-01,7.982793760612047484e-02,-3.373443286912686245e-02,-1.947043369773414079e-01,1.325152908919435824e-03,2.008592921693436173e-01,-4.643105625430687944e-03,-6.897083409455631586e-02,-6.503411740453288181e-02,-1.429623754319292450e-02,1.829251776060758505e-01,-6.855981744369549213e-02,-1.893083304161429226e-01,1.225240039762373612e-01,2.787757957123597752e-01
0.000000000000000000e+00,-2.386824481159831035e-01,0.000000000000000000e+00,1.241944411000285298e-01,2.116590092930387135e-02,-4.354658046844395169e-02,-1.501811990435030220e-01,4.778471752083361390e-01,-1.069720443948296573e-01,-2.089424211690688593e-01,-9.237318635221190843e-02,-2.009352784171090922e-02,5.133604969189464740e-01,-5.489401283327249859e-02,-2.702089030427640148e-02,-1.481227929943992327e-01,2.845547473758008872e-02,-1.650084817483360999e-01,-3.791471695828113608e-01,2.991832021051852308e-01,-2.635112686280524086e-01,1.598055294819694105e-01,-1.915664934309641854e-01,-3.274923122588732083e-01,1.500639369315900362e-01,-1.058788201986681221e-01,9.185710503522731551e-02,6.170872280946765320e-02,-9.046349424018984564e-02,-1.938674711693011421e-01,1.005123011438442404e-01,3.017074526202223606e-01,6.322468152558419208e-02,8.460295656263591701e-02,-1.610430537213718150e-02,-9.759454123154730210e-02,3.749766935306290128e-01,-3.934171618624554556e-02,9.742025787697985995e-02,-7.072940547548018930e-01,-3.307907849178852722e-01,-1.511560220505496765e-01,3.596488304758397314e-01,-2.514184037258161419e-01,-5.048322390278525695e-03,3.348510477715467282e-01,-1.820471726412207225e-01,2.284824487800712900e-01,5.649824070939846177e-01,-8.822908933828688127e-01,1.380461735943674384e-01,6.016612052094350016e-02,-5.511251492003269581e-01,4.008963271100437487e-01,3.103511365520936760e-01,-3.584480587323292111e-01,2.302233409168691347e-01,-4.072082059977000235e-02,-5.141185710031515033e-02,-3.201632271916549088e-01,-1.208084684305316125e-01,3.896602133310276272e-01,-8.718497900465393968e-02,-1.566222191083243009e-01,5.301048315166994040e-01,-1.318426579368154328e-01,6.607803630687247853e-02,1.640100488528105638e-01,5.501409624780531082e-01,-9.413041916209047288e-02,-2.108120388872380124e-01,-2.350218461237322531e-01,-3.410670251652099805e-01,-2.603196189829712903e-01,-4.359289417080991491e-02,-7.827615267856380399e-02,4.434343640586045909e-01,1.550429903585790470e-01,-2.938365784862769781e-01,3.042640401323005728e-01,-2.590048480229580896e-01,2.781089121943925990e-01,-3.026581684960978347e-01,1.687735226402782285e-01,-1.867140838098590994e-01,1.020272616671836774e-01,4.127716524343794102e-02,-4.946086463901662178e-01,4.987746735629445816e-01,4.362855355665729018e-02,-6.944211237674347004e-02,4.178209281822120591e-02,4.116225142175800045e-02,1.824411252447822318e-01,1.231997295568826034e-01,-3.125302632338816666e-01,3.697002392930986980e-02,-4.342563421813724900e-01,1.457711098833691654e-02,1.529384963300026712e-01,-6.053377620359956524e-02,4.094700733835934248e-01,-5.121255730730324141e-01,-1.476728208661681752e-02,-1.766685652888992930e-01,2.486948441170652169e-01,2.285598928280079267e-01,-1.527327305857154593e-01,6.040771997409133398e-02,7.121266509865875616e-02,1.478225594600667270e-01,6.342174569506197068e-01,2.276519312729937683e-01,7.726875651783932097e-02,-1.605061100009657071e-01,5.394566411835555186e-02,-1.841130849008025538e-01,-3.199321986553670394e-01,-3.302933849213465223e-01,9.607274011450583906e-02,-1.637944637495982736e-01,3.198882093224998391e-01,3.230464512234828001e-01,-2.524068080666175273e-01,-7.878743247857461496e-02,1.392438674448616964e-01,-7.672026794049810472e-02,6.439399061887488007e-02,-1.128330686816700623e-01,2.822177353536564626e-01,-1.329677558702845319e-01,-7.661223570597054666e-02,1.350519293195611148e-01,-5.657974533257234540e-02,-2.518149097908373157e-01,1.380456971877354333e-01,7.554836722318680753e-02,-1.141528852807262295e-01,-7.786291240346326914e-02,-1.167439538550927858e-01,7.055974241509466172e-02,-6.651718885492208244e-03,2.580261993720509572e-01,-2.679521832455425967e-01,-6.641580047547934740e-02,-9.734752529242657326e-02,2.904312376962876474e-01,-5.815730495185622573e-02,7.695407157796707587e-03,5.578221253402504409e-02,1.424291175933064535e-01,-1.955958882903893192e-01,1.591133291562285557e-02,1.477473319840053589e-01,2.351236875495830436e-01
0.000000000000000000e+00,-9.115961621869332621e-03,0.000000000000000000e+00,-9.934440307724380637e-02,1.505736349678454822e-02,4.534679139636711709e-02,1.670567123403408905e-01,-2.357328198874462377e-01,-1.508985534626244851e-01,3.182033239092633137e-01,-5.322200963419302516e-02,1.020477809408403824e-01,-1.143174605017382994e-02,-1.333344029005226195e-01,-1.734137649918574275e-01,-8.005202041503584054e-02,2.241314882792198315e-01,1.429398331951092782e-02,1.720453899949028753e-01,1.216643700672916661e-01,1.741189165920098425e-02,1.336044293451510434e-01,-5.587970029475003431e-02,-1.684438902417439432e-01,-1.847974161186546893e-01,1.510346168247000409e-01,1.342048196737418153e-01,3.454608028093386629e-04,7.095047537290954942e-03,-2.381088870067127328e-02,-1.181957296706927785e-01,-2.993033335920729510e-01,1.748952026195026710e-01,-8.891648403856075578e-02,-1.845073093491185201e-01,1.023656080760514953e-01,2.544498364297056447e-01,-7.241342798562079575e-02,1.943651895156240927e-01,2.712313228369089835e-01,-6.247397169449575571e-01,-4.522322699270742152e-01,-2.479616138660314384e-01,1.813335112392953086e-01,1.856794925422030063e-01,1.129592029535070319e-02,-1.479603387071946052e-01,1.222570896629735504e-01,7.543414678809534646e-01,-9.329579407336556773e-01,4.206188901520438450e-01,-7.027809438594003755e-01,4.684842280052425867e-01,1.321777643508910693e-01,2.850478674166172510e-01,2.252288837469543226e-02,-4.599400917509307574e-01,8.387782301323004619e-02,1.426450657884060225e-01,-1.886992372449519118e-01,-8.233708628029029475e-02,2.217795416902940686e-01,2.586255014933613872e-02,-1.110138614465704943e-01,2.138090383794994387e-01,7.657750445456429356e-02,3.679555500152526526e-01,-1.829909750807472424e-01,6.587489206223148264e-01,1.438995578978085055e-01,-2.468606543839246825e-01,-3.567536122545764687e-01,-7.305480439143476890e-01,6.108463522117973943e-02,-2.485355344679965883e-01,-1.155958061179730434e-01,-1.208720848601987363e-01,1.921026843706981069e-01,-1.829617711754741860e-01,2.160779870095181909e-01,-2.703709524569055667e-01,3.247200011950681642e-01,-2.212233068542738268e-01,-1.849879345671465725e-01,5.146583757331795184e-01,-2.710839886451789082e-01,-1.530356493511350058e-01,-3.838246781512824057e-01,6.503138580305825034e-01,-3.780091116646508986e-01,7.889450989139226156e-01,-1.783409870479240045e-01,6.391602893207954939e-01,-3.377599792417307345e-01,-5.467781443768773286e-01,1.031609595058687878e-01,3.478226766771037592e-01,-5.638656803058786915e-01,1.161780763786474102e-01,-2.296907266381199575e-01,2.629159716226188159e-01,9.524926917386811187e-02,3.265500316462608965e-01,-7.905162742999000125e-02,-4.990142628008632508e-01,-1.703888998982159286e-01,4.264655407613238136e-01,-2.351472746864181618e-01,3.996380045384227975e-01,-5.094124701949989120e-01,6.078070953143077659e-01,1.461932142120374034e-01,2.696845137654653723e-01,-2.067315478880024648e-02,-6.914631533792633955e-02,1.857568728169420869e-01,-9.345959094315020588e-02,-2.626860004190248454e-01,-2.273408374051789360e-01,5.391279856970720985e-02,8.095040003287812258e-02,6.410084993892950500e-03,9.056435507112846339e-02,-1.115504689372255193e-01,-9.493636603272814778e-02,6.235258178987579392e-02,5.129057542158810268e-03,-1.054207829110509476e-01,1.269291917253697055e-01,1.168620671428537150e-01,8.713640342182550624e-02,-9.070645494955144328e-02,6.527869287319953973e-02,-7.050417368924066785e-02,-1.141916526993108361e-01,4.396531240125314821e-02,8.642689235393170855e-02,-1.078145086466253538e-01,-6.651317818737992327e-02,7.300981951290846927e-02,-2.271747104122511796e-01,2.473068446690263045e-01,2.255920822191506137e-01,-3.632708639456826427e-01,3.326173652826430738e-02,4.620150951709367515e-03,2.115137049985864048e-01,7.770634161015688157e-02,-1.509679911453448431e-01,-1.792170854248910372e-01,4.809553855531173427e-02,9.318255667283820154e-02,5.350977378808885465e-02,4.249798702913799853e-02,-1.848188623142336950e-02
0.000000000000000000e+00,1.808686157308683068e-02,0.000000000000000000e+00,-4.563003997954058477e-02,1.316640929602469479e-02,-3.602825449145127812e-03,-9.162821495301518016e-02,1.961390221481150442e-01,-5.791954366905260887e-02,5.382452194738532314e-02,8.616425804582647507e-02,1.365443977739381198e-01,-4.186636894808793419e-01,6.475883417005479092e-02,1.962605050643418114e-01,-3.118489256086033334e-01,7.461473745126258328e-02,-1.494412165889341115e-01,9.813864693172075215e-02,-7.841807698218838940e-02,8.361391199837248100e-02,2.330291074899842885e-02,-3.655853262754734101e-01,1.383250369800106405e-01,1.243801248423087036e-01,-1.115922660951680911e-01,3.276532255609081457e-01,-2.990435464826831508e-02,-1.697602399064062628e-01,4.631374636830388192e-01,-3.555750161254019326e-01,-7.153265952013207474e-02,3.557268523308815267e-02,-1.885075859733414960e-01,1.146165215467037368e-01,3.325528841869010432e-01,7.336913384703397378e-02,-2.163855838293038403e-04,-2.375143575310138810e-01,3.509969101462428465e-01,3.731563632547961751e-01,3.346451999246362607e-01,-8.376127409809757118e-01,1.983515898137052091e-01,2.601710611336512380e-01,-3.149550673498429099e-01,-1.042957250971619232e-01,3.301825320553348764e-01,1.555530166744697462e-01,-1.673404930844519800e-01,7.333040251426903300e-02,-7.306279675592191047e-01,3.555638611891426271e-02,-9.793068171305699399e-02,3.121159084000590944e-02,9.553441262310660154e-01,-1.110757926901606574e-02,2.342962663758338948e-01,-9.387380312353688083e-02,-3.218859124806595640e-01,-5.196588700544702011e-02,-5.486834387796476475e-01,-1.353056790403108778e-01,-3.405030094907022797e-01,2.024460809516650528e-01,-2.894429980678464576e-02,2.104288832303446988e-02,7.806911969163676801e-02,3.788114525488360806e-01,4.752625920207623755e-01,-1.214570939245985803e-01,-2.135534929434078633e-01,-3.030076801425068966e-01,2.682912289315124710e-01,1.570389134892249405e-01,-1.680155986621147957e-01,-4.568601765356065103e-01,6.822162025932099194e-02,2.376091388475301547e-02,-1.421457595086266512e-01,-2.450328905274951063e-02,-9.300927035276262966e-02,4.411050004188007412e-01,-5.074507486049316674e-01,-3.181475049637675911e-01,1.660984538365624541e+00,-4.932720913097338178e-01,2.977873600623281991e-01,-3.577830126516027831e-01,-2.788376872662067241e-01,-7.770565210400166845e-02,-2.355214865427682769e-01,-6.893763185742818322e-02,-4.265685250205515922e-01,2.315743215553733858e-02,1.606610621462475352e-01,2.720701049839369112e-02,-4.647854638780933856e-01,2.388061874654678896e-02,1.041518923198609947e-01,1.560551938581669074e-01,3.114627146580609685e-01,5.776133889245629316e-01,1.490608814498984580e-01,1.498212093119721811e-01,-3.188359982422284689e-01,7.619333844316233950e-03,-6.485991099581275843e-02,-3.489231176896984699e-01,-2.479725879056094706e-01,-3.798093800359836347e-03,-1.281940363249896020e-01,8.008678812049474516e-02,-1.698292116153055087e-01,2.578041792752363004e-01,1.624346442426986559e-01,2.062735748053861895e-01,-7.183570456555890549e-02,-3.469840532104276343e-01,-1.803824784084659960e-01,2.106017301789152585e-01,3.411345189043387127e-01,-1.724003811864361912e-01,-2.144433868141076838e-02,6.707233002872459160e-02,-4.498164800085746595e-03,-2.259447360269956073e-02,6.544426644204681676e-03,1.334168230226939755e-02,-2.817118744747765247e-02,2.410577158067134795e-01,6.955030228364814104e-02,1.435058786476445247e-01,-1.079443579836393691e-01,-1.142590827198533554e-01,-2.720975274998969906e-02,5.443613460402428605e-02,-9.889864126959653501e-02,-1.135715135825460520e-01,2.072841431451462324e-01,-2.840796396519694733e-01,2.646819102824538028e-02,1.330577895400947286e-02,1.945157981077813292e-01,3.225009248797385680e-02,2.244460947966694653e-01,-5.562345482446376388e-02,1.403567239469427630e-02,-2.244938194574746804e-01,-9.443315995410087038e-02,9.723297315640568039e-02,7.389560228847003032e-02,-2.348967783943844978e-02,5.706296887175237725e-02,-4.425235884219939214e-02
0.000000000000000000e+00,8.317673516427481761e-02,0.000000000000000000e+00,1.102440923858492294e-01,2.672761035721174516e-02,-6.344196589512637874e-02,4.696049828602699705e-02,1.578181896480895519e-01,-1.193143357119755832e-01,1.922262590786087411e-01,-1.609308274701731212e-01,6.237081674510608353e-02,-1.087451974828404777e-01,-2.316976028040970692e-02,7.148068718176758818e-02,-3.378143315734963292e-01,-1.477980500387010565e-02,8.659569024873969845e-03,2.316874219742035002e-02,-4.140729097194931763e-01,6.670542685980024311e-02,7.361855927289967516e-02,-1.791458092562607796e-01,8.173603937640194772e-02,1.692910686573839696e-01,1.448517282674266493e-02,1.124526352489795822e-01,2.623211494470018001e-02,-2.537098181964584365e-01,3.255518329593126148e-01,-1.982148762503301020e-02,-1.067167462108123688e-01,1.131907722608412881e-01,-1.864349380094039721e-01,3.345590881929951244e-01,-8.936939489829087702e-02,-1.298961065640023005e-01,3.669948987675225593e-01,-4.094755735114550266e-01,5.191550557238189256e-01,5.097142561628966728e-01,1.506252411904811517e-01,-4.143141552916866921e-01,2.032957846428020687e-01,1.380043235192002227e-01,-4.588748267368507605e-01,1.918191052728289714e-01,-7.737028083083519192e-02,2.246858457792714203e-01,3.125509329164444239e-02,-2.102730541562717326e-01,-4.451484633585017225e-01,-2.603496136670210293e-01,8.557154584815603038e-02,3.345126189663285565e-01,-9.385755283847155295e-02,1.415110663784388267e-01,2.324394888945514603e-01,-4.414812276213164743e-02,-1.310744170774919004e-01,4.471394637001857575e-03,-8.675566401747664136e-02,1.144746657021424308e-01,-1.888194360475037303e-01,-6.991695809234316217e-02,-6.422760357852611013e-02,-6.498118932495106082e-02,1.579277911826631187e-01,2.107798203164404360e-02,6.316239759616462668e-02,2.300210805086960741e-02,-1.842641392046956983e-01,-4.077640247073914537e-02,3.264088320465311499e-01,9.694805584823462663e-02,9.356421984053520102e-02,-2.078470441998008233e-01,-2.094347350605144098e-01,2.140265099222549150e-02,-1.779564863174583067e-01,1.320726072515301108e-01,-5.380271315018002320e-02,1.613729500142879192e-01,-4.076655775041974072e-01,-5.771402773210446702e-01,1.165459781744455192e+00,1.972953123437126699e-01,1.138121496416899525e-01,-5.973477260389143950e-01,-2.537810609735917100e-01,-5.318981923275210022e-01,4.157974456173722522e-01,1.993273406761544853e-02,2.136060991985860302e-01,-2.910734599578138071e-01,-2.331643784150754239e-01,5.726985549452722202e-01,-2.998502412825608809e-01,-1.780621643805499754e-01,-1.898961705989199444e-02,-4.031952444850239736e-02,2.520973349929335194e-01,4.443327744708107097e-01,2.371786017992601470e-01,-1.174165106417452975e-01,-2.235946266479403866e-01,-2.283642489548617927e-02,3.444564660158103697e-01,2.498586024083482293e-02,-4.424905023298979501e-01,-8.259621003847570364e-01,9.318374017539809984e-02,3.564772453977720357e-01,5.047878641796712529e-01,-2.390470691915534407e-01,1.938367060693119148e-02,-2.212293114150064022e-01,-1.299115097057010892e-01,3.646400709418706754e-02,1.237947995313037897e-01,8.917068221135848738e-02,-3.918612410637392629e-02,-1.980877488539775910e-01,1.931878219131683561e-01,5.574542118650216427e-03,9.867911062754475271e-03,3.663991508732045155e-02,-1.638913128316161205e-01,-5.217561645386314950e-02,-2.999503312489326667e-03,4.740987366708604434e-02,1.793563520802027300e-02,1.714848840218896053e-01,-6.693635558064764401e-02,-5.396633830119185182e-02,2.512020496188142049e-01,2.887263436371457354e-02,-2.392532863409763122e-01,-8.917779491266653036e-02,3.098883186255854127e-01,-2.759167552851697902e-01,-1.809730903277354530e-01,-2.785942332472191030e-02,3.529130831696384307e-01,4.304434851287661234e-02,6.849051072699277598e-02,-1.721628337421140381e-02,-6.033655040978710971e-02,3.899732272393856281e-02,-2.849726376485360591e-03,-4.734937281523250024e-02,2.967982097662304475e-01,-2.181552184327199273e-01,-1.908465492811355080e-01,2.267422300586892092e-01
0.000000000000000000e+00,-1.080402022193316901e-03,0.000000000000000000e+00,4.528547679052060413e-04,6.365076697358723612e-05,1.198922633357721573e-05,5.468832096381392744e-04,-1.126165526915888461e-04,6.289252734171059183e-04,-8.412493853163989814e-04,4.204081553297754539e-05,4.138908430573995899e-04,2.473534206382799194e-04,-7.448485358211545844e-05,1.646061203478375954e-03,-2.220324455491721680e-03,-3.569786306402512118e-04,3.250936061729600116e-04,2.116896868867085106e-03,-1.801061982660110685e-03,-2.198656069224059649e-04,2.547454645953853986e-03,-4.184326429152395409e-04,-9.656372811144603614e-04,-1.920610974990031097e-04,1.450645510098644720e-03,-9.387004553370876907e-04,-1.181713787730264299e-03,6.634359247666154775e-04,1.757519759314050143e-03,4.342893059543835588e-03,1.340377447463574068e-02,-1.807627097588041312e-02,1.753313252695473754e-03,-3.844317518777091471e-03,6.445500620444395354e-03,-5.551995115401341802e-03,-6.133977324644592118e-04,4.433373964822250740e-03,-4.505042679176543899e-03,-5.775556818875109697e-04,1.400255625801475300e-03,5.178037958042695441e-04,3.006704204376684647e-04,-7.873341516484544216e-04,1.071725383230783847e-02,-2.287149845315509036e-03,2.551648044862207809e-03,9.931415040911796555e-02,1.388715633063573873e-02,-7.014964145869939660e-02,-1.265895248416380736e-02,2.063804581367221364e-02,-5.040556362072962093e-02,-1.329365243470531990e-02,3.069444276870345175e-04,8.369228745265468086e-05,-2.385923866575384881e-04,-1.302415950412617223e-04,9.507456723115487911e-04,2.145172757137513153e-05,2.108915687417873327e-04,-1.402430233162471184e-03,-2.028519165501254957e-04,4.168977551819167868e-04,-2.657209698958909200e-04,-9.545271518116818683e-05,1.376852371648095677e-05,4.685603936854942789e-04,4.105623144862982805e-06,-1.148772390403698463e-04,1.513090215810699961e-03,1.308293553240197013e-03,-2.163311995067995243e-03,-8.006508254969521262e-04,-1.110770115679355816e-04,9.572605672715759923e-04,5.535076692907412756e-04,6.043251793015754977e-04,9.200064521480465565e-04,-4.764748900864816845e-04,-6.305939172289876798e-04,1.701511311436889034e-03,2.309931737235119270e-02,3.416323760266685994e-02,-3.358899213333192690e-02,-2.116988879222622341e-02,-4.822102005198908997e-04,-4.990867157239262802e-03,-2.092085547896099839e-04,-2.567389847244299890e-04,3.265763251935625659e-03,4.322305238274136777e-03,-6.103791982636802560e-03,2.150674567507303292e-03,2.560258254052134863e-02,-2.647850835390952104e-02,-1.793383717748187880e-03,1.156860059748224603e-02,4.430808110530921190e-02,-4.551346520466783424e-02,-9.951672455512114088e-03,-9.966841903236664003e-04,-2.081360093814535548e-04,1.073354754814960423e-03,-5.985176676260119989e-04,7.672693897767186074e-04,-7.678083096893521028e-04,-6.976472791789961343e-04,1.113804178453189214e-03,4.093699921883706648e-03,1.844224674575168504e-03,-6.211556407746171918e-03,1.021242395744376185e-03,2.036964631700246414e-04,8.880134967240603180e-04,4.763428181800755112e-03,-1.069886410421584666e-03,8.417620491464935378e-04,2.182447711991315070e-02,-1.189917252623409055e-02,-8.412077919063390072e-03,1.942520595530109612e-02,-2.255925465993546472e-02,4.718887649280596036e-03,1.131616369340683256e-03,-1.555894335859158567e-03,-3.943807741537214140e-03,-4.266480753529677469e-04,-3.758406040828259336e-03,1.047607487595790185e-02,-4.617042626197158384e-03,-5.492985676786682828e-03,6.879657732859730326e-03,-1.350402352691305527e-03,-4.741175207586380627e-03,-7.899937865858954952e-04,1.220086666279100469e-03,7.442093558971218589e-03,-6.079429891192394964e-03,4.378110093105111456e-03,-6.020636270311109650e-03,5.898793430738003690e-03,-4.667252867075102028e-03,1.912974142189605153e-03,-1.948267369192979194e-03,-1.579537142110409159e-03,7.783323294270946130e-04,-5.313704504369917182e-04,4.692053643359287568e-03,-5.065668591372692736e-03,-1.841167928451546438e-03,5.190551629238942047e-03,-1.313746835513485839e-03,-2.441536706299513027e-04
0.000000000000000000e+00,-8.227044427540605763e-04,0.000000000000000000e+00,2.428405053322880579e-04,2.858157383490303265e-05,-9.624447832839628267e-05,2.947531249991008342e-04,4.267516396735274251e-04,2.159441384011910386e-04,-5.558875772169719455e-04,-1.065169869563322206e-04,7.737900622408169955e-04,-1.886493476361216469e-05,1.115682057903281997e-03,1.701768385381235375e-03,-7.795995723972816600e-04,3.065430123892774143e-03,1.566010836498430044e-03,-5.867816491767659237e-03,9.871033535502056304e-04,-2.004851492866454882e-03,2.475711147414312325e-04,8.106398300019646615e-04,-1.000526053987460398e-03,2.216577353163287634e-03,-2.282967603167615576e-03,7.022519879720094151e-04,2.548250212070809866e-03,-2.269129063338518829e-03,-1.064253077572175927e-03,1.946284076420170053e-03,-3.168388138539758071e-04,-1.471867100486375047e-03,2.958301724263407047e-03,2.135679415213405027e-03,-2.062928836254096683e-03,-2.796616154394380993e-03,-5.617055327629021707e-04,1.273635482036161379e-03,-5.816494305002730715e-04,-1.071844267263592733e-03,7.119362838190900107e-04,8.775330623256153741e-05,-4.832717113140574212e-04,-2.439878126132593228e-04,1.895665907811066491e-03,-1.181507112409138681e-03,1.843159914844939200e-03,1.885044726371130127e-03,-1.905870471476340221e-03,-1.199255968055450454e-03,3.419806969597461842e-04,2.926357561697857587e-03,-2.238011714114344734e-03,-1.919082190680875509e-03,-1.108344818142923240e-04,-1.654051255732198787e-04,-3.285220485381324805e-04,1.741009421682955874e-04,5.471335492003219329e-04,1.959102625595193596e-04,2.721437109490503631e-05,-7.171140461843602968e-04,-4.035621992917033619e-04,-1.287374303378225845e-05,-2.247565084700625779e-05,1.768664904706997501e-05,3.767473828912402825e-04,2.062351266052790829e-04,-2.100753932330424794e-04,-2.553160324799858298e-04,1.542298678272460493e-04,1.363094927994515891e-03,-1.073143611106959234e-03,-3.379415719755061520e-04,3.041515328145048738e-04,1.178523791204488542e-03,-1.688040764021536168e-03,1.281582083516969134e-04,6.844845382427219458e-06,7.013304557013561079e-04,-3.858475915954860669e-04,-4.399863729559489595e-04,8.833432614223304816e-04,-7.573019549822156398e-04,2.018889184160761567e-03,-1.814794233002881962e-03,1.139236113555133463e-03,-1.267236622212521016e-03,4.801646025076734109e-04,-4.709084238990461527e-04,3.224320266625648889e-04,1.187943565133916992e-04,2.347984446295294132e-04,2.175482181927856744e-03,-1.420318167993915061e-03,4.890071087971056829e-03,-2.101972736355929051e-03,-4.898552179951011151e-04,2.966286124356449019e-04,-4.251551016794113957e-04,4.290521101761746864e-04,-2.780567403635665104e-03,-8.836783605856055827e-04,2.037650507072714771e-03,-9.366783297036712988e-04,1.650732552270575866e-03,-1.524233266808755049e-03,-1.097956874650396573e-03,3.483384705289518154e-03,3.449582488268251868e-03,-3.640271973431601429e-03,-2.905666920229170967e-03,3.302865575278046868e-04,3.162218400071846805e-04,-3.336155361236339822e-04,5.534660825986536820e-04,6.357180697314175621e-03,5.185352752263387710e-04,5.283056893733787882e-03,-1.161096461734728927e-02,1.432409755558641199e-03,-2.148885623158350560e-03,4.542343721706483539e-03,-9.090476641424212467e-04,-3.734240728052937164e-03,1.015017707749159845e-03,-6.370603332797679895e-04,-1.011849394267944242e-03,2.149643790457801337e-03,-1.395956882316107608e-04,-2.043546238433315010e-03,9.987549263160838686e-05,3.118309892894783816e-04,1.144886919130694205e-04,-6.980693194527498981e-04,1.111557814998844883e-03,2.639818951043907194e-04,-5.428269897155488244e-04,-2.445385095344034757e-04,9.583910008755609691e-04,-5.050148552545631608e-05,-4.766163820106548987e-04,-1.698282282424558526e-03,7.761226384042784095e-04,5.740567962259817206e-04,8.192885443003351028e-04,-2.060413960458559561e-04,-6.294178334651453783e-04,7.696176194988064208e-04,2.148952020133531975e-04,-1.075236017840233661e-03,1.981486850446438283e-04,1.954799973164326153e-03,-2.633794335805913090e-03
0.000000000000000000e+00,-1.896965150328638015e-03,0.000000000000000000e+00,8.551097211523778869e-04,9.379897573836834057e-04,-1.253555603784842817e-03,3.811867032778483953e-03,6.551832093701888751e-03,7.009052318404835474e-03,-1.299622615394395095e-02,2.868915506610258612e-03,1.223148816867826796e-02,3.689200166785948365e-02,2.058529033476275832e-02,-7.064394618205803444e-02,-4.647986897441117732e-03,-9.515830014331918760e-04,-3.952143511957236129e-05,1.307133887494340858e-04,8.276675566154753118e-04,-6.676401209348844460e-04,1.339424383425184264e-03,4.832897125984295106e-03,1.453530541936011097e-02,-1.687501971303346365e-02,1.485233130578318857e-03,-3.139276536142954124e-03,-2.786719527611792799e-04,2.877734159573685276e-03,-4.649542109573740270e-04,1.393917360073685524e-02,3.695407613004077219e-02,-3.662608854479952603e-02,9.489486347468359395e-02,4.906858817665420147e-02,-1.463553426755093145e-02,1.773299096541577913e-02,2.378191776569973936e-02,-1.266320706628408788e-01,-6.102576167997039031e-02,-1.927980831536418860e-03,-3.089573354419210965e-04,1.441020865782123832e-04,-7.562511782896299065e-04,-2.143291328304095412e-04,8.685316520664222023e-04,-5.066524839590942761e-04,2.945470921228626532e-04,2.901919627691399925e-04,-6.553000822129049314e-04,9.152678356028357215e-04,1.114934028485744036e-02,1.694042379313498436e-02,-2.387106888095252497e-02,-3.358060268070423449e-03,-6.644411224054748519e-04,-1.043446045493074759e-03,-2.508239391609064402e-04,3.453645567541085504e-04,1.940019822043075395e-03,7.697007279305457736e-03,-8.700496363960068952e-03,-5.449341128198491226e-04,-7.191749871729719978e-04,2.166362762131267294e-04,1.441237052351739857e-04,-1.153093746565679936e-04,3.937285401405576967e-04,6.241963955566948597e-04,-1.317506199887000587e-04,-7.069047028053068510e-04,8.944396265973375559e-03,1.800927663371092863e-02,-2.182050379329637108e-02,-4.855845104523470734e-03,4.837926875061676971e-04,5.824758041716410033e-03,-1.010915539680597337e-03,1.872375814643059515e-03,2.393116899552684765e-03,-1.117724768036863769e-05,-3.856425429955117647e-03,8.778829483296619884e-03,4.588903350295098216e-02,9.135851873983630300e-02,-1.463748523572670490e-01,-5.379641786904602353e-03,1.304599993895821800e-03,3.537240943472397085e-03,2.905500246650691287e-03,-3.216125082198973556e-04,4.487620702935121025e-03,4.443480337282540438e-02,-4.203034310333841200e-02,2.172157389918568521e-02,1.292102328140334183e-02,-2.018060193007082531e-02,7.614304346022135461e-02,-1.048373883239370197e-02,-3.291887936323822927e-02,3.871770516421911557e-02,-7.533930785298909028e-02,-1.510425903563105722e-02,-7.592796230676691904e-03,1.294835797641206813e-02,6.640436395689403026e-02,4.832425640569415481e-02,-1.090819775999834207e-01,-1.372496545536779078e-02,2.972102231936515210e-02,-1.968711323118062240e-02,-1.424575241635741077e-02,5.478831307707994480e-04,-2.354422480935795207e-03,5.382257557318670914e-04,-1.978351424394860121e-03,2.438959314258636784e-04,5.114560780160430382e-04,6.201290653478653929e-03,4.378374668846283374e-02,-4.000222132001893249e-02,2.649420728862480340e-04,-7.024320101289498186e-03,3.004360208262193965e-02,-2.023260805341971919e-02,2.081414273183750108e-02,-3.095343223602688848e-02,5.482644137068616065e-03,-4.946357902088390282e-03,2.565720532135991154e-03,-4.526876667147641808e-03,1.089734069950203370e-03,7.096090588574970222e-03,-5.879590428739969385e-03,8.211721670012894075e-03,-7.120832578093692390e-03,-1.272825000021144543e-03,1.104352674626569303e-03,9.958329666722297302e-03,-1.207903460634381088e-02,8.056745438636610246e-03,8.603485386479703401e-05,-3.977334498127616316e-03,3.043641149155167092e-03,-3.305282496391608038e-03,6.966117123614820605e-04,1.994882927079987336e-03,-3.851790844402875648e-03,2.165755968710397598e-03,-4.857286275977783750e-03,1.479174622227720851e-02,-1.084314931790504588e-02,-4.841623957637261784e-03,4.181887387934464517e-04,-1.046613320130917058e-03
0.000000000000000000e+00,-8.188017862791616489e-04,0.000000000000000000e+00,3.825909955950826478e-04,3.534598456624225534e-04,-1.666371255390438656e-04,-7.350931547818895934e-05,5.374004149535548591e-04,8.844352341382791163e-04,-4.145500709007931238e-04,-1.713885354532201401e-04,-2.211379295276123726e-04,3.207426472811734843e-04,2.443147168160386337e-04,-6.455022370611370516e-04,9.421199274672286111e-04,-6.265996286981612758e-04,9.993327065280120051e-04,-9.013342289042691833e-04,-1.581321698293537692e-04,1.044523348620109452e-03,-7.096934086644234377e-04,-1.462721760611708976e-03,1.171443047646893686e-03,-2.191395401958833901e-04,1.390960724682420305e-03,-1.341903760961562619e-03,-4.627532064297406982e-04,6.626520057004122669e-04,-6.868793907977851316e-04,4.597925612441148245e-03,6.251095572324254744e-03,1.826840126340780607e-02,-1.441614551887233225e-02,-5.750113795386320448e-03,-7.320564550457256056e-03,2.719481971873373601e-04,1.858646131649824979e-03,-2.769520843174795317e-03,1.207916651751882349e-04,-6.936148533971944405e-04,-4.664327148071602085e-05,-1.498390763717992111e-05,-6.594668453771775941e-04,-2.272122232000418289e-04,5.413256127003667319e-04,-3.534101669828370283e-04,4.167883402771509335e-04,1.320507101166889597e-04,-3.864011496648181660e-04,2.514562743257593193e-03,3.656260229718531068e-02,-7.178070885796722367e-03,-2.444106567162919463e-02,-2.624142241206495196e-03,-2.510860630356987269e-03,-1.315230025757449473e-03,-1.156443114406072777e-03,3.082105838553353947e-04,4.173989175336254541e-03,1.127731671088202242e-03,-4.676863895214067660e-03,-6.998350504408356416e-04,-2.274697338028585920e-04,3.686022491800109812e-04,-2.493459198791769457e-04,-4.262458541970956614e-04,2.738482192407575857e-04,4.046801281776189990e-04,1.207500324275827134e-03,-1.157288427895827518e-04,1.691235145368624737e-02,1.249532524641151221e-01,-1.181763281558307621e-01,-9.306541561844895033e-03,4.055659237605022116e-03,8.871317891332282379e-02,4.652939896656282937e-02,-1.457624464431495070e-02,-2.416028345254288279e-02,-2.720575537119729326e-02,-3.207007062552286875e-02,2.020991439742670509e-02,6.619446213577041827e-02,-5.079035899683459476e-02,-9.226920563316211299e-02,1.141241619198046873e-03,3.359979368815088629e-02,-1.396444274965587262e-02,-7.225446261705618933e-03,-4.945797497323833197e-03,-1.393000089649121601e-03,6.520457818102041309e-03,2.130259831319301217e-02,1.050005296675014799e-02,-6.489613827849245731e-03,1.017791717408025876e-02,5.705132098758701475e-02,-2.129172587710013997e-02,1.114733669601654376e-02,-5.747610190681574915e-02,6.799478186261052881e-03,-2.232115672926721084e-02,-1.157894204675854154e-02,2.290251892469757217e-02,7.128974752197383968e-02,-4.236869480436519786e-02,1.030693544945534834e-01,-1.082515236783817003e-01,4.279070488445722159e-02,-8.159653831958568748e-02,-1.480631414636547627e-02,-4.346290951444016504e-03,6.178620221415928680e-04,-6.626483613729223111e-04,-8.430815640725153413e-04,8.988775994471980089e-04,1.268583802674674551e-03,9.240440722475488228e-03,-5.757527837542109582e-03,4.129162257759429709e-03,-5.780512013745304177e-03,-1.492280710183527780e-03,3.015409746309686070e-03,7.252121065493694063e-04,3.602112664456244562e-03,-6.575338303612438158e-03,-1.504064672532854112e-03,1.818238483162276263e-03,-1.827460351654879196e-03,3.094122395007007503e-03,2.187844362836823507e-03,-3.867181062184458021e-03,1.081417715359064835e-03,-1.242252020347021490e-03,-2.275447609744571126e-03,2.691641190183174590e-03,5.012840403694310797e-03,4.391917916792945770e-03,-3.968259840456220267e-03,5.295863030114238840e-03,-3.957004244393875006e-03,-6.986761100754490875e-03,1.181495075262498605e-02,1.765032792611104934e-04,-9.456077887020762629e-03,-9.109270265243536377e-04,3.741431392795787139e-03,-4.391438210186783889e-03,7.415406040998407181e-03,-6.375793981354610680e-03,5.614528304366270609e-04,-1.779892336568312215e-03,-2.329962592847070572e-03,1.928636316080145196e-04
0.000000000000000000e+00,-1.136028637223266205e-03,0.000000000000000000e+00,4.142962193348123353e-04,5.619039202279309557e-05,-2.566985821387233763e-05,1.092214197220330116e-03,1.850177311178563327e-03,2.897938334175628218e-04,-2.557454244115274673e-03,1.858156816478143472e-04,-4.446723224753551355e-05,-4.035703795943536851e-04,6.602917780393014130e-04,8.313176918927195867e-04,-6.497727405994271205e-04,1.630697109335870181e-04,-4.962124059463728695e-04,-4.087364257663811742e-04,-5.784484623622917522e-04,-5.471450318772914630e-05,9.411251943493510784e-04,-1.174592760030150271e-04,-7.158045610740806485e-04,5.333768559457959142e-04,8.675869964714743969e-04,-7.968938643271349445e-04,5.733480089116758677e-04,-1.266253642245506947e-04,7.814509886127694958e-04,1.370295939096349835e-03,7.071233634320222769e-03,8.596540371533355901e-04,-1.032993872445228493e-02,5.772107848061496307e-03,1.250273286455944391e-02,-1.457976324449782903e-02,2.643158081599687563e-03,-2.225694424092406441e-03,6.595190070623500878e-03,2.645628873392358998e-03,-1.997450742639432161e-03,-4.554878333069008189e-03,-5.214272715340086475e-03,-8.828508957049296252e-05,-1.547767149450204188e-04,-1.851698365009172556e-03,5.014853797009721347e-04,4.018705052522600872e-04,-1.225214197341454453e-04,6.360373049956236091e-03,1.942013425502377849e-02,-2.208031262114213203e-02,-2.782573746197723828e-03,-7.457106691508073697e-04,9.735079988621806596e-03,2.518850495473789336e-02,-3.233745608817657768e-02,-2.669464365661024328e-03,1.620673481150917625e-02,1.198751546897668455e-02,-2.875287589576473041e-02,-4.230197634400003010e-04,-3.723147053705691371e-04,2.308003250582421227e-04,-3.868894447361221852e-04,2.760940481736113704e-04,1.853415864611627269e-04,4.149034052253584501e-03,-9.056263377001821414e-04,-2.695163475958680006e-03,5.668175102721309880e-03,7.935584991860956949e-03,1.055048321889940355e-01,1.895380876372254608e-02,-2.801068371297237014e-02,-7.351368487125509166e-02,-2.045339214887672077e-02,6.475415446255021468e-02,4.946664069400157071e-02,2.426212090299456614e-02,5.456190846609432210e-02,-5.470515279807047770e-03,-1.378150249221273271e-01,-6.254734106977238861e-02,1.410019242899467756e-02,-1.437221029736028555e-02,1.097332056690124638e-02,-5.047304132203686219e-03,-7.401986517529084847e-03,-1.108820538675638111e-03,3.598165754542610641e-04,2.170314727181649542e-03,4.467842810304970338e-03,-2.081988226819244704e-03,5.568714273066679293e-04,2.692374220570329518e-02,-2.666412075444132487e-02,1.073944642332344719e-03,3.807493631814861182e-03,-1.072046373375887783e-02,8.320997578067295536e-03,2.314822871190747033e-02,-1.488061506658120911e-02,2.640211140340839244e-02,-2.607501427376641284e-02,-9.853578848012691307e-03,9.718082596331003090e-03,1.113443518292767456e-02,-2.357550197562127692e-02,-4.038766541096302370e-04,-4.920151730321072059e-03,4.857661649651484614e-03,-1.145166552295658405e-03,-3.189747804474333658e-03,-6.147450693002600667e-04,5.068844704997758389e-04,1.322676565339072925e-03,1.674920723594732624e-03,2.637569539777099951e-03,2.279982693338275523e-03,-3.836133144519839923e-03,-1.844147332493176195e-03,2.427289037136593289e-03,-6.716955141716574387e-04,-2.775957587888187254e-03,3.642058881744650051e-03,-1.915272969097682725e-03,-1.885397476933849429e-03,3.409122980294070418e-03,-2.329241321225451744e-03,2.466811373450579666e-04,-5.397674507188390119e-04,-6.876191025964725409e-05,1.305947607560405642e-03,6.706385263877271199e-03,2.049693810148009443e-03,-7.768498574969159506e-03,7.678139734501503513e-03,3.553166388896189520e-03,-1.230536368197092043e-02,-1.159606711607425854e-03,1.777582261532336359e-03,3.176532650112732885e-03,6.620166460165207399e-03,-3.369285606617408724e-03,-7.551993535058549450e-03,6.878270855346722834e-03,1.534683164765912947e-03,-4.906429889541092174e-03,-4.508842119202901774e-03,-7.158308781111662276e-04,6.690844572794635986e-03,-5.323268910641457130e-05,-1.463408056076035552e-03
0.000000000000000000e+00,-9.467043400704861292e-04,0.000000000000000000e+00,3.865488476278027040e-04,2.428701561128669478e-04,-2.246340221649885177e-04,5.848526494602552866e-04,-1.753976142746539171e-04,7.515244841960604669e-04,-8.387907490041902241e-04,1.977225487916605545e-04,2.698348445155884963e-03,-2.929699481143271077e-03,4.709460290132513015e-04,1.996728476881951160e-03,-1.240905432124734045e-03,3.376353172029694649e-03,-3.301213436393815939e-03,-7.995515508672993831e-04,-5.576367335051793644e-04,-5.285398824700587948e-05,1.641245862879416734e-04,-1.558392737900501576e-04,1.251727158701839218e-03,-5.534299333011822447e-04,2.654233082155352166e-04,-8.292216451136609446e-04,1.275549017868944993e-07,5.303707548477145598e-04,3.261832109955638444e-03,2.810478456084797468e-03,-6.939847741076459603e-04,3.782956136950158324e-03,-5.828417876525547256e-03,-9.487611350916633386e-04,-1.209654796981396354e-03,-1.845737712376973021e-03,2.414759885653624920e-03,9.735338878575400430e-04,4.657605591880209506e-02,9.887254666186660879e-02,-8.541128738642801699e-02,-4.614474524507138076e-02,-8.364064415024659652e-03,-3.095367471272767249e-03,-1.058296741405448556e-03,3.850651468365160097e-03,1.516228844959906230e-02,1.922860946632971163e-02,7.113107585779029907e-03,4.851469809765149993e-02,-4.984846993788850239e-02,-3.899258621754044668e-02,5.347733233075913084e-04,-7.341622953020660557e-03,9.304208704290928278e-02,-3.564141688821547554e-02,1.479934229604767254e-02,-2.137507987433737849e-02,6.587882537291075979e-02,-4.830564579856287677e-02,-6.494373532948420624e-02,-4.306857461661561283e-03,-1.803239145308260100e-03,-5.588227915877225054e-04,4.321792258292379428e-04,5.739987789432553179e-04,-1.164475199819637284e-03,4.300207201806844899e-04,7.545677110797038845e-03,2.317069232582102609e-03,3.915070034429469353e-02,-7.969571064158270657e-03,2.834113005558497322e-03,-7.654499765081125562e-03,-2.045229950815478925e-02,-1.535945371404009822e-02,3.669494144857596979e-03,2.114276967418234933e-03,9.764585430503281566e-04,5.768575097110479992e-03,-2.806232935674803780e-03,-7.393140724445556797e-03,1.106355843113954185e-02,-1.428871937078494969e-02,8.227552073473753946e-02,-4.325209534482001017e-02,-3.073798859128253069e-02,-6.493307724366718763e-03,-1.616086392473600796e-03,1.560167470695229212e-04,-1.543495569184262744e-04,2.852467085080933533e-04,1.169109929586614922e-04,3.826112140210826892e-04,-4.679317922079558002e-04,1.230414860671691195e-02,-1.227384473910565939e-02,4.675377181305932599e-04,-7.764902185091722506e-04,5.082741586041109299e-04,5.826708547205008623e-03,2.271919651933386117e-02,1.166832979952789062e-01,-8.479233968322111292e-02,-4.751886485720104025e-02,-1.126586386471369397e-02,-3.748182485084124854e-04,-1.711108724214292949e-04,-9.227201087304826542e-04,2.662250557799198444e-03,5.889982138362376447e-03,2.710379699353877153e-02,-3.158479241205969928e-02,7.050203288049913461e-03,-4.058165871802112135e-03,1.866508482048884546e-03,-5.398833906335218265e-03,5.547037647629466002e-03,-6.454654981623572131e-03,-1.814536269122981986e-03,1.744356221863789351e-04,1.443834824572753570e-03,8.880291497755945195e-04,1.820191380222596113e-03,-2.681182272745165698e-03,-2.173468631520666938e-03,5.197471940765426880e-04,1.742500893026908190e-04,-1.090910705942804704e-03,1.440105368473811476e-03,1.242916505189145017e-03,-5.423890537127429128e-04,-1.955811625872686151e-03,5.834556954446025977e-04,-4.090311776848969821e-04,5.150028590308860024e-03,-4.902858223025747565e-03,-3.895301678468535145e-04,2.517759820469015267e-03,-4.509727447879591754e-04,4.540615371008581078e-04,-2.209123095051185141e-03,2.645002386030281989e-03,-1.813693969438048836e-04,-1.034442833233221136e-04,-1.108993554697115455e-03,-1.243337180759757597e-04,-1.700388838945712106e-04,2.142946013849057058e-03,-2.735572494558254943e-03,3.596954750088899276e-03,-1.093197732184421345e-03,-1.826921237868922056e-03,-3.517322417800196159e-04
0.000000000000000000e+00,9.599144415216076531e-02,0.000000000000000000e+00,-4.124015112406992367e-02,-2.280450378629746144e-02,1.756778380328102851e-02,-3.975482252637692338e-02,-3.175100048443754014e-02,-1.382735674217924066e-02,1.704294721597490736e-02,-4.202598806502033657e-03,8.810768833029898606e-03,-2.040753464397382366e-02,-1.032088904521268752e-02,-1.746411850264216470e-02,-3.409346944728351703e-03,-6.327615728359920963e-04,-1.315814811897880743e-03,-6.640923921386815768e-04,1.949473354323706838e-03,-1.760668838463417575e-03,1.213314897599397646e-05,-4.288712582976154410e-04,9.423494652036879492e-04,-2.713993903444840254e-04,4.532988097743053182e-05,5.552628406315530257e-04,-8.801160305850269303e-04,-4.042604001008400817e-04,3.139107516494560584e-03,6.752212688757442197e-03,1.787651863135739788e-02,6.232486472456534587e-02,-3.853015957228995980e-02,-4.462918462216518972e-02,2.931911974749260713e-02,3.337873702132811149e-02,-4.899858012494648363e-02,2.029191351408597410e-01,-1.684641406332633706e-01,-4.807250745907891420e-02,-3.308964498294857809e-03,-4.598532957447326944e-03,-8.032938016234735011e-04,-2.115058168374797242e-04,5.789979857712434282e-04,-1.621523762026932805e-04,-5.800893599604934822e-06,1.049021405033412650e-03,1.152398787189169759e-03,5.323541922576382687e-03,-2.572637043901012180e-03,-1.376368728936133885e-03,-5.803541171264907372e-04,-2.527690214516884262e-03,1.528206721521885823e-02,-1.191349004225720001e-03,-1.110658708107177539e-02,-4.393267556152056878e-04,3.022163800844824503e-03,-4.173846235727122871e-03,-4.463820796582439188e-04,-1.694005977290334759e-03,7.587150087128989757e-05,-1.527347762235717929e-04,-1.112710051603747172e-04,3.557308511234540615e-04,3.972677379197399913e-04,2.663939247095182053e-02,3.776267479948442612e-02,3.461407961662787969e-02,-4.445250390330052898e-02,-4.994359378482200046e-02,1.156886987550050615e-03,-4.637781365774286402e-03,2.589656518217476385e-03,9.979776007878349980e-04,-1.843236801767835550e-03,-4.990431294251800043e-04,1.473281847233635141e-03,-1.652331191206741351e-05,-9.111118798624936663e-04,-3.402015451999659476e-04,-2.712944242313016126e-04,-2.390618730952152708e-03,1.431153304520656547e-02,-1.258211541753727347e-02,-1.989881944104947200e-03,3.485755105459112033e-03,1.793960499298033300e-03,-3.618524726996035553e-03,1.204875019067773185e-03,-1.726622610769132024e-04,-1.998399773379087863e-03,2.163177539783764196e-04,6.595160525924642029e-04,2.675652059683676556e-03,-4.418051740865265933e-03,6.097251660282216419e-04,2.197280802222090212e-03,-1.339309698163227650e-03,1.290218888042498832e-02,1.182647028431722466e-03,-2.085765991208366962e-03,-8.471783283457118979e-03,-4.379765526280948382e-03,3.884276088142884793e-04,-5.816628045016662826e-04,-2.224601295926795317e-05,-1.119145420305661144e-04,1.354849292511477350e-02,1.794603198956851164e-02,-1.824771828226287584e-02,-1.939426232846503534e-04,-2.564232758318553407e-03,-7.611582723090091693e-03,1.078647200216400863e-02,2.699784994677160294e-02,-1.759330406058018034e-02,-1.202201985804719937e-02,1.162895726627997950e-03,-9.528846382483944361e-04,5.569610442706068865e-03,4.264232449682155840e-03,7.892493366151647621e-03,-6.421037507342439860e-03,2.067444644670104678e-02,-2.166011392595851640e-02,1.107235986829238975e-02,-1.838501255572896204e-02,-1.630354105499626921e-04,-4.055279302817373782e-03,6.290100262019027860e-03,-5.172184584441394395e-03,-7.253993666164556056e-03,7.173668695453654098e-03,2.789823940862794227e-03,-6.027968342386185244e-03,2.980199959494129330e-03,5.490052364040532568e-03,-9.440297484932502411e-03,-3.593461738080387657e-03,1.172521540926762217e-02,-6.923827808741001705e-03,-8.069600553486100392e-04,5.341928087276362480e-03,3.428173319909150890e-03,4.567347110128332915e-03,-5.816358037912141080e-03,-1.227052341079335959e-03,9.324214172660195976e-04,-2.393874170666733178e-03,-3.662901653974209512e-03,-5.408153617859901008e-05,7.845653966562005088e-03
0.000000000000000000e+00,-6.284921382401538340e-04,0.000000000000000000e+00,5.487610072322716796e-04,8.949038359878252503e-05,-1.586852985308847891e-04,-9.725472588453375634e-06,4.530177300765225149e-04,4.975494490881172960e-05,3.325919342939460564e-04,-1.800598787223763216e-04,-3.966138155230940210e-04,2.016956218438381403e-04,3.357344634545616959e-04,1.858797310348055121e-04,3.978617399986699842e-04,6.684647230636869570e-04,4.432910823959305274e-03,-1.117730184536655860e-03,-3.863575320992607229e-03,2.480488467611701407e-04,3.195955738901096015e-03,-3.717656483759283672e-03,2.378142112195557722e-04,2.027201338608113079e-03,-1.765330623699205848e-03,8.094901200956300044e-04,-1.114778828976070377e-03,9.888433003619545927e-05,5.273996035647168790e-04,-2.295543432814216907e-03,9.879727396677065801e-04,-1.132968678851545112e-04,2.289338695810503536e-04,-1.005173035727830681e-03,3.296055251216687635e-04,4.728662764580370817e-04,-4.877931167209501083e-04,-1.170962103289403724e-04,3.526331716661952175e-03,-1.177712253757384059e-03,-2.290436590389455067e-03,3.069300263635192953e-04,-5.892553333237267018e-04,-2.446795983511464417e-04,2.989507697484168917e-04,-3.372671694662070533e-05,-2.316355293257598195e-04,2.415862993743849970e-04,9.006045661000838549e-04,1.507246104172139077e-03,4.288456876915387045e-03,-6.594516432393401385e-03,6.817025673372890861e-04,3.034214341781369187e-04,-5.893735460224863634e-04,1.968906027317342267e-03,-1.527125241722413406e-03,-1.662729358254415226e-04,5.159614822839993058e-05,-7.160393900136144147e-04,-1.647883886749443023e-04,8.096362016037355214e-05,-2.296891258653235780e-04,4.445505116756556666e-06,-1.061488577739184779e-04,1.664970509284886553e-04,5.007311832837251387e-04,6.390171164510530244e-03,4.251028560518037812e-03,-4.492922425959254736e-03,-4.948929472948730007e-03,-1.288022124811489264e-03,1.444544570382910254e-04,2.235448130527361394e-04,-3.034294031606831398e-04,-5.405611112647546292e-04,2.784885149026919025e-04,-3.293886712257231811e-04,1.493742507553421327e-04,-1.969200708504171453e-04,5.058448071973511870e-05,-5.599407061446248519e-06,-2.285068864745217290e-05,8.198701571367657530e-05,5.888548335405732444e-04,2.047089192743378749e-03,6.046871980028121693e-03,-3.852869472501735740e-03,-4.197937133785356600e-03,-5.098935565606924764e-04,-1.476947600445451762e-04,4.255577715952176964e-04,-2.747731214455273745e-04,1.847187410840652431e-03,-7.711355554214961716e-04,8.139504022690400437e-04,-1.828788062899830771e-03,1.218989373710997444e-04,2.592351506171226361e-04,-4.735174977546968483e-04,2.225868072931153183e-04,4.835155920518335111e-04,3.529204418077852914e-04,-1.073989722666296399e-03,8.141041595460433251e-05,2.387417543281597195e-04,-1.652455978770893700e-04,2.056476954894622365e-04,5.494022671481966266e-04,4.709317936841669883e-02,4.845310090761047878e-02,-6.746007701973202875e-02,-1.703676901942986766e-02,2.190955703031474688e-03,-7.312349991798475918e-03,9.021275903544524397e-03,-7.920005835755741450e-03,-6.696711741437763772e-03,4.460727488140373009e-04,1.913122831643943771e-03,4.469302426176938875e-03,-2.384867693662755424e-03,-3.066667717793663400e-03,-6.499737476254835271e-04,9.726480647517018324e-05,-1.213211358851797950e-03,-3.262230225905082912e-04,2.973575801183212658e-04,2.738560657122167570e-04,-1.800485996301037436e-05,4.532621679729678492e-04,-2.823513488529306135e-04,-1.095050153749261342e-04,-8.989631140217868230e-05,2.574041276982828603e-04,-8.923385909843972773e-04,1.428841703353845357e-03,-4.692152823002591639e-04,-6.738396228731856168e-04,5.164601588549674275e-04,9.883071679206421357e-04,-1.278443140040241757e-03,9.715272442530585584e-04,1.854159306596772465e-03,-3.205966640050206609e-03,5.590815143805674464e-04,2.774448112233620940e-04,-6.687639533192280905e-04,3.855604976740685834e-04,1.063176865933903020e-04,1.020665951148998999e-04,3.495513733594495052e-04,5.561347921723665613e-04,-6.973975928689435996e-04
0.000000000000000000e+00,-5.810041790548764852e-04,0.000000000000000000e+00,5.704835440999841360e-04,3.225363295563060759e-05,-2.114702941236476985e-04,4.218876403920068059e-04,4.665411912371351813e-04,-1.763454072603658999e-04,-5.603839983413143669e-04,3.340433822167783147e-04,2.138853612945864008e-04,1.583288271358831208e-04,-3.033255050247225760e-04,1.839337627744883335e-03,-1.094991909223650382e-04,-1.476809331827888452e-03,-3.303792327288632017e-04,-9.886937860986103749e-07,3.283945615226412269e-03,-1.512486340309746914e-03,-3.810528580561523861e-04,-9.667955062877579223e-04,9.542632598246020541e-04,9.998649319715750480e-04,1.283846633135863995e-03,-1.873486751876223336e-04,-1.924855948627663457e-03,-7.893648145649674250e-04,-7.881415060304612554e-04,3.752288293275597708e-04,4.842993987081269450e-04,6.819054759544388496e-04,-6.702352144965998803e-04,-9.595208603858219974e-04,-4.055039427403083277e-05,3.044828329064744928e-04,3.660818324631744374e-04,2.128891103935839912e-04,2.722078244625302998e-02,-2.523149572631397039e-02,-2.417150495114019949e-03,1.751037048937842053e-06,-8.953746017982000278e-04,8.218051879948905930e-04,-9.444744049331987856e-05,-3.849913757573378975e-05,-5.857643989284724070e-04,2.299370193142267495e-04,-2.919043614761272450e-04,6.212908458560460496e-04,3.780340041970878251e-03,-3.423132689699346851e-03,1.116277461269981567e-03,-1.967244012466728975e-03,4.196616449180290203e-04,2.657292081317874644e-03,-3.910870810455487762e-04,5.457252601885280441e-03,-2.748425664631898649e-03,-2.267581758074393040e-03,-2.712099923735584485e-03,-2.362216689749243930e-04,-4.006709699843935850e-04,1.119816747475004676e-03,-4.291789510724348944e-05,-1.133977727306860559e-03,5.610128214994361323e-04,6.482846700261649109e-02,2.850346043612650426e-02,-8.232193435450846364e-02,3.123642024062782407e-04,-1.170609235174210894e-02,7.221979453583364777e-04,-7.116973589676848545e-04,3.501388528988745737e-04,5.915369311866043155e-04,-5.590955365999428781e-04,5.910779853111272500e-04,-3.207860651888846601e-04,8.685161596911335300e-04,-4.210790341226148745e-04,-1.166769613546462993e-04,-5.034920941179114049e-04,-4.382101072335577749e-04,2.096757150543175456e-03,-1.381571799303841922e-03,1.440021827161017945e-03,-1.792082522964535355e-03,-7.072546012259979574e-04,2.517461603437409550e-04,-6.751528784326274089e-05,1.094794242126634776e-03,-3.088678821228125083e-04,1.033340323763122862e-02,-9.791783090902873854e-03,5.617781706292446480e-04,-1.855207046738906792e-03,6.629703920252782642e-05,8.532434344250941537e-05,9.215877757846164219e-05,8.271406113296989656e-04,3.492839497937732900e-03,-3.342161718145806020e-03,5.453408552683882901e-04,-1.609715096489474674e-03,3.151651092120441480e-04,-4.739080698396307590e-04,5.525339765492876323e-04,7.945818127328124064e-03,2.274844884867712261e-02,-1.952670233070722197e-02,-1.099736169096427428e-02,1.141561403297621305e-02,7.990860406882528341e-03,-5.887428884263641582e-03,3.253989485467798787e-02,-3.903742898995493649e-02,4.704658462464303414e-04,-2.764836473149930376e-03,-3.041720920305416437e-03,2.146011621961269565e-03,5.059563017782819049e-03,-5.841224450256515995e-03,-8.846500034511862315e-04,-5.117485816900657104e-04,9.821962586222887995e-05,-5.184476859458526411e-04,-6.235579732059867795e-04,7.802175670675629785e-04,-1.238084196577219319e-03,7.442139190692869007e-04,4.339986285160032410e-04,-1.511943123264847515e-03,1.925389778215559709e-03,-1.585606262787612455e-03,8.089434171960395523e-04,-1.476659205908092617e-04,1.742683689619360828e-04,2.437285780435454515e-03,-2.815212290028058090e-03,-3.312814317419803846e-04,2.777875162213860362e-03,-3.286250492730781198e-03,6.989264347458138890e-04,7.836881686356560531e-04,1.745304069797816004e-03,-1.437342207380001933e-03,-1.092141023403086142e-03,1.379683268162507645e-03,-1.754477097521997368e-04,-6.190962915773373307e-04,5.414456928203043723e-04,4.337345179338037739e-04,-1.873316037158485577e-03
0.000000000000000000e+00,-1.114183025800149921e-03,0.000000000000000000e+00,7.163955880930323759e-04,3.546781924005300594e-04,-6.899654453886255694e-04,9.088725342346159856e-04,8.529491496807406568e-04,-3.303347669013864153e-04,-6.619963286898654549e-04,-3.630697641822743611e-04,4.672172818971947377e-04,9.906768009463517901e-04,2.169781989852462983e-04,-4.779684171275677858e-04,-7.137249418584078881e-05,-6.036064815789416761e-04,-9.000174869859063793e-04,5.169188638851768269e-04,-2.688064561502783714e-04,2.449960088296699538e-03,-2.545946945525818985e-03,8.636131453054727864e-04,-7.091968531610316675e-04,1.058089951678660044e-03,-1.139595576619916286e-03,2.011517306256824580e-04,5.733757828824740093e-04,-5.583310359546564796e-04,3.046015734210167497e-03,2.325297935933587617e-03,-3.293094300417508027e-03,7.998019732901531439e-03,-2.009705776101239350e-03,-3.624872276654310908e-03,6.576188602375796118e-03,-9.835706364073984118e-03,3.508977406732108860e-04,5.575941984055704168e-03,-7.443613051985081136e-03,-4.877680171503121723e-05,8.201530345894986977e-05,4.858875313897636312e-04,-6.539318504336921745e-04,-2.388425941747505943e-04,8.184174114108388760e-04,-4.243093550812786089e-04,-1.476997101559961254e-05,6.912998125076404154e-05,-3.107150907463302456e-04,-9.986540628573723800e-06,2.623542499328961834e-03,-1.717336296505343361e-03,2.646208520376809939e-04,-6.193420755844635407e-04,-5.217087537758700226e-04,-4.793862903369890908e-05,-1.100406229612112046e-04,4.504010479017238333e-04,-1.098664045142061702e-04,2.117538326610826790e-04,-5.021885475303954635e-04,3.873436032083055246e-04,-5.460802984912156884e-04,5.834882570469516029e-04,-5.536945770626786490e-04,6.309495094001862101e-04,-3.692704070151331787e-04,4.958905657752359303e-04,8.268828917843867084e-04,2.039446798096967734e-03,-6.796913968613736874e-04,-6.509352490955250779e-04,5.108330309844732672e-04,-1.435039793008280502e-04,-2.177256066954214118e-03,7.252947013823765957e-03,2.026946011547152947e-03,-5.826417000940314200e-03,-5.967936061837542105e-05,-4.097162314063572570e-04,-1.776016046358778197e-03,3.388698211446948810e-04,-8.028156297477150385e-04,5.045268277852968386e-04,1.042404818069087545e-03,-2.255806740569178855e-03,-2.184437731966583059e-04,3.763674691506964376e-03,3.893444314522426578e-04,1.393547952338072653e-02,4.150209260939990291e-03,3.105245514000887566e-02,4.562303332082004448e-02,-6.294013144240520607e-02,5.325710397016278352e-03,-2.402302612282434732e-02,-1.641111268131630052e-02,3.167390071711641795e-04,7.197518771663022515e-03,2.564576210628030303e-02,-1.206210461317344662e-03,-3.130213585830280559e-02,-1.479027004822578047e-03,1.488360975647268040e-03,3.413491364480459103e-03,-3.816454009090836097e-04,-4.253241376040951469e-03,2.848645304753271573e-03,1.964969408334227546e-03,-4.539729559952239250e-03,8.251806691230488631e-04,3.884359517458170485e-02,-6.031120080841341491e-03,-2.005563185004733892e-02,-4.642768057735131154e-03,-4.185946071246855922e-03,-1.546496128691633373e-03,1.408669361964552669e-02,-1.105062832100059400e-03,7.946269993250067859e-03,-1.959051290872058926e-04,3.383380576895238245e-04,4.893785576890255506e-04,1.127519853112237541e-03,1.540592017707713771e-02,-3.734185114769988240e-02,1.621106548534641603e-02,-1.450993851156134537e-02,1.047837375471310367e-02,-1.161803757804741842e-02,1.783825630856230270e-03,-1.875101404544540773e-03,4.880731945008325197e-03,-7.170294088655930487e-03,8.192636006346025804e-03,-4.408122214624905083e-03,-2.272908529012502774e-04,-2.069680856395902067e-03,8.488653124246516371e-03,-8.096791005469868366e-03,1.002543106255816135e-02,-1.064759815304881091e-02,-6.056257137461306013e-04,-1.101783332051204083e-03,4.752199926265341691e-04,3.330469799546261194e-03,-3.700771402361670293e-03,4.160111334253422007e-03,1.100674133314633041e-03,-6.120144612203441692e-04,-2.218005142356344050e-04,-4.217839447275958595e-03,3.221750427048249415e-03,1.988040525576389647e-03
0.000000000000000000e+00,-1.743070482458697334e-03,0.000000000000000000e+00,6.446993446154341591e-04,2.989310846446842753e-04,-2.111575056040840021e-04,1.680978443243466743e-03,5.624316938474987690e-03,1.883879622886329083e-03,-5.897565785655100451e-03,-1.112320092639992441e-03,6.044543302784321365e-04,-1.354788859224723054e-03,4.811791752304589442e-03,-4.375774310057571441e-03,-1.136692257706742358e-03,-1.133313393335067367e-03,3.690706182660716825e-04,1.560724215590300265e-03,-1.679537901087017546e-04,-1.276333499678035865e-03,1.189715374848314107e-03,1.434355324102633625e-04,-8.526665039244589895e-04,-2.546402257594163575e-04,1.490927319966381913e-04,6.209866489790502077e-04,4.261786379395357625e-04,2.527760091655616680e-03,-2.224273688480976792e-03,1.447698577560610142e-02,1.764888173786673467e-02,-2.951343663729075542e-02,4.390888541768628132e-03,9.093652938077229422e-03,-1.215781336646404309e-02,2.669629576415113309e-02,3.349602191670205537e-02,-1.793835590220032444e-02,-4.678136604437437701e-02,-1.355535295373106776e-03,1.136560287235380013e-03,2.185091674310422286e-03,-3.107638882363661544e-03,-6.029039807046805612e-04,2.262249032556316614e-03,-1.223029560212892395e-03,3.075505343996061316e-04,9.276167977487876325e-05,-8.055258416186603663e-04,-4.932834851945142995e-05,2.197739106961714428e-03,-1.768484490646692617e-03,2.036253177066374605e-03,-2.695627916123361986e-03,3.276300523402685995e-06,1.600511150840758711e-04,-5.582197261418814227e-05,-3.051435778539089987e-04,1.500095093097904612e-04,3.670767875404013078e-04,-6.072772899644231660e-05,-5.217685907715419657e-04,2.779726180617867826e-04,-3.566329025393907273e-04,9.808775714858177148e-05,-1.750123000485917101e-04,2.081384871936231909e-04,1.081706805779302210e-03,-5.837711303970385089e-04,-4.171007219897082544e-04,1.037398801253798693e-03,4.911971583405237100e-04,-1.191603177364864829e-03,1.858468096441115566e-04,1.281686973763011394e-03,-1.002085378032179126e-03,2.858138325350755970e-04,4.995343741670203296e-04,2.641871688581595885e-04,-3.845925430342230639e-04,-7.881620589966697663e-04,2.697368150031831478e-03,6.065295382089910120e-04,5.547141085280137343e-03,-5.908316402907026581e-03,-1.379014781015150577e-03,1.759440076936975850e-02,6.663933670302418094e-03,-2.249155885534080343e-02,-3.755634469861105201e-03,1.106722827599002871e-03,-8.507387343884200565e-04,5.341725682545281437e-04,4.854067350249505718e-03,-2.192614647070290426e-04,-2.559423082896653857e-03,-2.968250685227403433e-03,5.130732645926602397e-04,1.701635427158384659e-02,3.560933989296481000e-02,2.184210566789537844e-03,-5.407936760550379612e-02,-2.239179134944156539e-05,1.305750401494635551e-03,-1.789666923684817088e-03,-1.620554125264213677e-04,6.871140330319135299e-05,5.279085573356288863e-03,-1.453228474337463390e-03,-4.430003894210544219e-03,4.355308585804498235e-03,1.319539038514147902e-02,2.957680626229981791e-03,-1.263645304575595693e-02,-3.275039112413967446e-03,-2.061698235781305767e-03,2.358592562556130652e-03,1.256758859650835072e-03,3.877633217839928509e-03,1.904222664649625821e-03,-4.135948143388924400e-03,2.080838850010430924e-02,9.131389440525133905e-03,2.494062394863633125e-03,-2.457151156888935303e-02,-6.456116321673954425e-03,4.571322689401914954e-03,4.887409171983658762e-03,-6.529737913065380983e-03,-5.867609248824869755e-03,9.335427430086067763e-04,-3.874275254812336970e-03,-1.257076669664448226e-05,2.612404484974641637e-03,1.376967502572713255e-03,1.434878630727899271e-03,7.201295931193868460e-04,-6.611235810677178193e-04,-4.179144257536807072e-04,8.750794561341777855e-03,-4.497704488206348550e-03,-7.159282278073266122e-03,3.890764703332084094e-03,4.934863965374396144e-03,-4.280541462693096197e-03,-3.333254034945055434e-03,-1.630601760446765205e-03,-3.142425547337280873e-03,7.041268937432110936e-03,1.419204051391840735e-03,-9.290385618355032071e-03,1.151078972848383966e-02,-4.411593671914095655e-03,-9.361403922386150878e-04
0.000000000000000000e+00,-1.644430165434625744e-03,0.000000000000000000e+00,3.906676039053268742e-04,1.936385386934783254e-04,-2.631103684570526764e-04,4.821501391254467690e-04,1.241894822911946382e-03,-2.045461018554369566e-04,-1.066968659070719611e-03,-1.004505151732481118e-04,1.378633566877623387e-04,2.142972688637052913e-04,9.422253416109527269e-06,5.187563293500400703e-04,6.213766760616791680e-04,-1.172830629651303892e-03,-6.850201696035853509e-04,2.339050560453982122e-04,1.814257252815583898e-03,1.286854459501499820e-06,-9.209920041954480600e-04,1.966558601266519841e-04,5.172309008602592531e-05,-6.649486510790338437e-04,1.933765860760270619e-03,6.998339054087115117e-04,-2.252714331528659839e-03,-2.190486087197461660e-04,1.860407502086369128e-04,4.689172567271964777e-03,-2.217666951173938306e-03,-8.671363657383832774e-05,-1.840823164111104158e-03,-5.695783287408369075e-04,-6.836980633274760202e-04,-6.260174519927491979e-07,6.089186598444096482e-04,1.093794212142015689e-03,-3.888479166213034896e-04,2.248498669784440834e-03,2.955854812969211515e-02,2.261875109867111933e-03,5.994408100103654213e-03,-2.512090050774311994e-02,-6.870672104438473038e-03,-4.389423857165995237e-03,4.308751743723626508e-03,-5.389066627732674516e-03,-2.370144537615912969e-03,-4.502479885054074937e-04,4.410647363144966533e-03,-3.127823046827640785e-03,-2.042310879459493383e-03,1.316064323793127329e-04,9.639181356982707855e-04,3.749585263276423389e-03,-2.703216436886766820e-03,3.612518696311114129e-03,-8.713979387129896018e-04,-1.511499050667287555e-03,-4.110160062029925322e-03,5.608174739785956511e-05,-1.026954621622403136e-04,-1.951726169135501051e-05,2.505969164687715973e-04,-2.613666971564040757e-04,-1.707688897328299080e-05,3.636758654456875980e-05,3.876390795473411057e-04,-1.719996518335443255e-04,-1.181089436431564683e-04,1.370382679525534650e-03,-1.473075480614196133e-03,1.639924328774285481e-04,-7.863684586814542179e-05,6.329536828347050214e-05,-2.283784285325114521e-04,3.457441667326692177e-04,-3.389697903268464475e-04,5.842644239919275338e-04,-1.049950557235703776e-04,-2.352414243105474924e-04,2.682353709216754502e-06,-5.223313111478027375e-05,8.189171099419238764e-03,3.294191595448654752e-02,5.630938720478755044e-03,-4.693089998396814122e-02,-3.018640625793712049e-05,1.783763179240862554e-04,1.269422341879250255e-04,-2.689756783596857176e-04,3.480363662880874530e-04,2.943439228969749796e-03,-5.311788820487814422e-04,7.588562563313320554e-04,-3.079074111875277926e-03,-3.589503912229885453e-04,1.916506812551692059e-03,-1.328913356535529541e-03,6.809513220520595602e-04,-6.034830767131193997e-04,2.250924959436960285e-04,8.870754678213573635e-04,-1.169412796103698905e-03,4.038139014860400505e-04,-2.092316365199979947e-04,-7.403636445029680973e-04,1.062244669892290242e-03,3.806458187497674048e-04,2.516058187760986282e-03,1.187745634300178821e-03,-4.707441114555081275e-03,6.353929433828429257e-03,-6.078933066299994047e-03,4.619238165439622408e-03,-4.465260490190046082e-03,2.429344302548353506e-03,-8.371585261194389865e-04,7.276279822179955274e-04,9.112093880952066433e-04,6.487883027360601476e-04,-2.224774443135637669e-03,-1.626681535722757218e-03,1.428911110203244040e-03,-1.002618009061711710e-04,-4.766671684638431987e-04,-8.919436778526653505e-04,-1.166908819468111778e-04,2.249698606781987131e-03,-1.309145647132590410e-03,-8.873828703231249112e-04,-5.285735488641681544e-05,2.882242855488574649e-04,-1.601606853852950794e-04,1.233598156726188697e-03,2.423133554953345488e-03,-1.053255718402213489e-03,-1.454929133416339813e-03,3.634572266274561404e-04,-2.581025614700116141e-04,-8.412431344018305758e-04,2.737069685136864303e-04,-3.928230611296729818e-05,-6.755655808007797990e-04,6.079801345836334525e-04,-3.424008663041129465e-04,3.034284796251730289e-05,1.475854758686721705e-03,1.172102546676200788e-03,-2.774338983338589266e-03,3.202865056551713017e-04,-3.635245270854872875e-04,2.379174629402004432e-03
0.000000000000000000e+00,2.683816172033638703e-02,0.000000000000000000e+00,-1.153863322079848319e-02,-6.367372433145210286e-03,4.935921597116858794e-03,-1.120744244784606033e-02,-8.875236881164292463e-03,-3.197261468519004696e-03,4.158713153546069602e-03,-1.121051314303740665e-03,2.742685849663865222e-03,1.776070265256890490e-03,3.960620230284435384e-03,-1.922247931312913438e-02,-1.121337311514914586e-03,8.916752466953427325e-04,5.317735392572661528e-04,-1.042219956473170242e-03,-1.289536680342891380e-04,-3.388003174099119344e-04,3.817988654315354960e-04,5.499282467045553142e-04,3.903281266088105307e-03,-4.385476782143831603e-03,2.951632076035406744e-04,-4.330715214708560131e-04,-2.028018666788127672e-04,5.376817073985313850e-04,1.364282140157897522e-04,4.078106456796483197e-03,1.076622844653894739e-02,7.868070883230170870e-03,7.823725356457471303e-03,1.181626876743106097e-02,-3.747330650033464661e-03,7.402864494897486158e-03,5.421229075097289130e-03,8.907393875988045551e-03,-4.250008772413735314e-02,2.100540541202271239e-02,-2.197087323327969605e-02,-8.427354248175755735e-03,1.301077441959928166e-03,-6.747883030609452132e-03,-7.758668260592783278e-04,-3.570548685453826289e-04,3.622160213952513395e-03,2.457865007552774428e-02,4.265016725352115123e-03,-6.660051620213814499e-03,-1.225579196013346778e-02,1.513914663764610868e-03,-1.465080299171913313e-02,-2.562227304690299721e-03,2.478892007769065847e-02,-8.046930165652891459e-03,2.397271234451603394e-03,-5.894816115589729399e-03,1.771619508859367462e-02,-1.241082989661437819e-02,-1.819702800999962317e-02,-1.104898785083041537e-03,-4.136238208139989166e-04,1.023600158927051910e-04,3.407751192850547910e-05,-1.249348780377413032e-05,-1.005214039434671716e-04,1.821581222323118490e-02,1.083685765620961972e-02,-2.381342825677756903e-03,-8.627163701431378451e-03,2.086676156314598227e-02,-5.640306196571458208e-03,4.795786115695747920e-03,-8.115006810974198515e-03,-5.512704021660638776e-05,1.193252766476820756e-02,1.906692476422722216e-04,2.891591968320651740e-03,1.189148913929682916e-03,1.162923662811977260e-02,-3.125558639309675146e-04,-1.570567052626598709e-02,5.517186982898582281e-03,-2.546255732113145501e-02,-7.780769268228300561e-03,1.391068569039175667e-04,-6.039897236937126837e-03,-4.163485640404962322e-03,1.267765733075663231e-03,1.093795870155796213e-03,1.328923213359750957e-02,7.757704673229528364e-03,-1.181278961578948947e-02,2.422562614916034390e-03,-3.161957381222036539e-03,2.406995514321302876e-02,-6.222066889835523029e-03,-2.266902124977085431e-03,-5.863164176480757661e-04,-1.171681899698048465e-02,-6.737646930059197972e-03,2.786757362967542256e-02,-1.962979272233751279e-02,1.458670948396134301e-02,3.560587803237903748e-03,7.578148004747771449e-03,-2.864693783733208987e-02,1.116065604592167415e-02,-1.416843127362431634e-02,1.192615638529376937e-02,-1.176333215757975267e-02,-4.243309919657845333e-03,-3.610301169634511087e-03,-1.877884207362495034e-03,8.012020839725859933e-03,-1.925577949937785915e-03,-4.422993469128290098e-03,7.679158714897174609e-03,-6.835096463184307455e-03,-9.536699056683197243e-04,4.415123289849917469e-03,2.323106810024214500e-03,-3.139016197656312873e-04,1.054842523682864713e-03,-2.083323125933815231e-03,-3.831324268761459803e-03,1.881221267870648167e-03,-3.752566706850814574e-03,-1.356405384812095147e-03,-1.151094479535258799e-03,1.459389642492187229e-03,-7.082823552024422945e-04,-3.764630068394834647e-04,8.188292797625474143e-04,2.097692190888324204e-05,-1.476787335818229800e-03,2.416608130919498543e-03,1.577539626748548224e-04,-1.236894236067440436e-04,-4.485575736626725221e-04,-7.291064911123384951e-04,4.024775014146537641e-04,6.800788148588633036e-04,-1.055556678023213124e-03,1.363651357683447543e-04,1.173566825164282408e-03,-9.201354488551872698e-04,-5.806899073105132973e-04,1.564569319289900538e-03,-1.951444076727695039e-03,-4.400152793515100039e-05,-7.952792784326526664e-04,1.688253607551652453e-03
